Product code,Bureau of Meteorology station number,Year,Month,Day,Daily global solar exposure (MJ/m*m)
IDCJAC0016,029063,1990,01,01,25.2
IDCJAC0016,029063,1990,01,02,31.6
IDCJAC0016,029063,1990,01,03,
IDCJAC0016,029063,1990,01,04,29.0
IDCJAC0016,029063,1990,01,05,26.0
IDCJAC0016,029063,1990,01,06,21.0
IDCJAC0016,029063,1990,01,07,17.4
IDCJAC0016,029063,1990,01,08,24.4
IDCJAC0016,029063,1990,01,09,19.4
IDCJAC0016,029063,1990,01,10,29.0
IDCJAC0016,029063,1990,01,11,
IDCJAC0016,029063,1990,01,12,28.7
IDCJAC0016,029063,1990,01,13,25.5
IDCJAC0016,029063,1990,01,14,20.0
IDCJAC0016,029063,1990,01,15,22.5
IDCJAC0016,029063,1990,01,16,17.7
IDCJAC0016,029063,1990,01,17,24.9
IDCJAC0016,029063,1990,01,18,25.7
IDCJAC0016,029063,1990,01,19,28.4
IDCJAC0016,029063,1990,01,20,19.1
IDCJAC0016,029063,1990,01,21,22.2
IDCJAC0016,029063,1990,01,22,20.6
IDCJAC0016,029063,1990,01,23,30.1
IDCJAC0016,029063,1990,01,24,30.0
IDCJAC0016,029063,1990,01,25,30.5
IDCJAC0016,029063,1990,01,26,26.4
IDCJAC0016,029063,1990,01,27,26.8
IDCJAC0016,029063,1990,01,28,24.2
IDCJAC0016,029063,1990,01,29,
IDCJAC0016,029063,1990,01,30,
IDCJAC0016,029063,1990,01,31,18.5
IDCJAC0016,029063,1990,02,01,25.2
IDCJAC0016,029063,1990,02,02,
IDCJAC0016,029063,1990,02,03,31.2
IDCJAC0016,029063,1990,02,04,31.2
IDCJAC0016,029063,1990,02,05,31.4
IDCJAC0016,029063,1990,02,06,31.2
IDCJAC0016,029063,1990,02,07,31.6
IDCJAC0016,029063,1990,02,08,30.8
IDCJAC0016,029063,1990,02,09,31.0
IDCJAC0016,029063,1990,02,10,30.1
IDCJAC0016,029063,1990,02,11,30.1
IDCJAC0016,029063,1990,02,12,30.2
IDCJAC0016,029063,1990,02,13,30.0
IDCJAC0016,029063,1990,02,14,30.0
IDCJAC0016,029063,1990,02,15,24.5
IDCJAC0016,029063,1990,02,16,25.4
IDCJAC0016,029063,1990,02,17,
IDCJAC0016,029063,1990,02,18,16.1
IDCJAC0016,029063,1990,02,19,23.3
IDCJAC0016,029063,1990,02,20,25.7
IDCJAC0016,029063,1990,02,21,24.0
IDCJAC0016,029063,1990,02,22,22.2
IDCJAC0016,029063,1990,02,23,25.7
IDCJAC0016,029063,1990,02,24,22.8
IDCJAC0016,029063,1990,02,25,20.1
IDCJAC0016,029063,1990,02,26,
IDCJAC0016,029063,1990,02,27,17.7
IDCJAC0016,029063,1990,02,28,13.6
IDCJAC0016,029063,1990,03,01,4.9
IDCJAC0016,029063,1990,03,02,26.7
IDCJAC0016,029063,1990,03,03,17.4
IDCJAC0016,029063,1990,03,04,8.5
IDCJAC0016,029063,1990,03,05,11.2
IDCJAC0016,029063,1990,03,06,
IDCJAC0016,029063,1990,03,07,21.1
IDCJAC0016,029063,1990,03,08,
IDCJAC0016,029063,1990,03,09,
IDCJAC0016,029063,1990,03,10,
IDCJAC0016,029063,1990,03,11,
IDCJAC0016,029063,1990,03,12,25.9
IDCJAC0016,029063,1990,03,13,
IDCJAC0016,029063,1990,03,14,
IDCJAC0016,029063,1990,03,15,22.5
IDCJAC0016,029063,1990,03,16,10.4
IDCJAC0016,029063,1990,03,17,25.7
IDCJAC0016,029063,1990,03,18,21.8
IDCJAC0016,029063,1990,03,19,24.0
IDCJAC0016,029063,1990,03,20,20.8
IDCJAC0016,029063,1990,03,21,14.3
IDCJAC0016,029063,1990,03,22,18.2
IDCJAC0016,029063,1990,03,23,21.8
IDCJAC0016,029063,1990,03,24,24.0
IDCJAC0016,029063,1990,03,25,24.7
IDCJAC0016,029063,1990,03,26,25.2
IDCJAC0016,029063,1990,03,27,
IDCJAC0016,029063,1990,03,28,23.9
IDCJAC0016,029063,1990,03,29,22.5
IDCJAC0016,029063,1990,03,30,22.6
IDCJAC0016,029063,1990,03,31,22.7
IDCJAC0016,029063,1990,04,01,
IDCJAC0016,029063,1990,04,02,
IDCJAC0016,029063,1990,04,03,
IDCJAC0016,029063,1990,04,04,
IDCJAC0016,029063,1990,04,05,
IDCJAC0016,029063,1990,04,06,
IDCJAC0016,029063,1990,04,07,23.4
IDCJAC0016,029063,1990,04,08,23.5
IDCJAC0016,029063,1990,04,09,22.8
IDCJAC0016,029063,1990,04,10,22.8
IDCJAC0016,029063,1990,04,11,23.0
IDCJAC0016,029063,1990,04,12,
IDCJAC0016,029063,1990,04,13,22.9
IDCJAC0016,029063,1990,04,14,21.9
IDCJAC0016,029063,1990,04,15,19.5
IDCJAC0016,029063,1990,04,16,22.3
IDCJAC0016,029063,1990,04,17,19.5
IDCJAC0016,029063,1990,04,18,14.4
IDCJAC0016,029063,1990,04,19,2.8
IDCJAC0016,029063,1990,04,20,21.7
IDCJAC0016,029063,1990,04,21,23.6
IDCJAC0016,029063,1990,04,22,23.3
IDCJAC0016,029063,1990,04,23,23.2
IDCJAC0016,029063,1990,04,24,22.9
IDCJAC0016,029063,1990,04,25,22.7
IDCJAC0016,029063,1990,04,26,22.8
IDCJAC0016,029063,1990,04,27,22.7
IDCJAC0016,029063,1990,04,28,22.3
IDCJAC0016,029063,1990,04,29,21.7
IDCJAC0016,029063,1990,04,30,21.9
IDCJAC0016,029063,1990,05,01,22.0
IDCJAC0016,029063,1990,05,02,20.7
IDCJAC0016,029063,1990,05,03,19.3
IDCJAC0016,029063,1990,05,04,17.5
IDCJAC0016,029063,1990,05,05,
IDCJAC0016,029063,1990,05,06,20.4
IDCJAC0016,029063,1990,05,07,20.4
IDCJAC0016,029063,1990,05,08,20.6
IDCJAC0016,029063,1990,05,09,20.0
IDCJAC0016,029063,1990,05,10,18.8
IDCJAC0016,029063,1990,05,11,
IDCJAC0016,029063,1990,05,12,19.4
IDCJAC0016,029063,1990,05,13,19.8
IDCJAC0016,029063,1990,05,14,19.7
IDCJAC0016,029063,1990,05,15,19.7
IDCJAC0016,029063,1990,05,16,18.1
IDCJAC0016,029063,1990,05,17,19.2
IDCJAC0016,029063,1990,05,18,19.1
IDCJAC0016,029063,1990,05,19,18.5
IDCJAC0016,029063,1990,05,20,18.7
IDCJAC0016,029063,1990,05,21,7.4
IDCJAC0016,029063,1990,05,22,4.6
IDCJAC0016,029063,1990,05,23,11.0
IDCJAC0016,029063,1990,05,24,19.3
IDCJAC0016,029063,1990,05,25,19.1
IDCJAC0016,029063,1990,05,26,19.4
IDCJAC0016,029063,1990,05,27,19.1
IDCJAC0016,029063,1990,05,28,18.2
IDCJAC0016,029063,1990,05,29,17.5
IDCJAC0016,029063,1990,05,30,17.5
IDCJAC0016,029063,1990,05,31,
IDCJAC0016,029063,1990,06,01,18.0
IDCJAC0016,029063,1990,06,02,
IDCJAC0016,029063,1990,06,03,
IDCJAC0016,029063,1990,06,04,
IDCJAC0016,029063,1990,06,05,4.1
IDCJAC0016,029063,1990,06,06,16.3
IDCJAC0016,029063,1990,06,07,17.7
IDCJAC0016,029063,1990,06,08,17.5
IDCJAC0016,029063,1990,06,09,15.1
IDCJAC0016,029063,1990,06,10,17.8
IDCJAC0016,029063,1990,06,11,
IDCJAC0016,029063,1990,06,12,17.6
IDCJAC0016,029063,1990,06,13,17.7
IDCJAC0016,029063,1990,06,14,17.7
IDCJAC0016,029063,1990,06,15,17.5
IDCJAC0016,029063,1990,06,16,17.4
IDCJAC0016,029063,1990,06,17,17.5
IDCJAC0016,029063,1990,06,18,
IDCJAC0016,029063,1990,06,19,18.4
IDCJAC0016,029063,1990,06,20,17.8
IDCJAC0016,029063,1990,06,21,
IDCJAC0016,029063,1990,06,22,17.6
IDCJAC0016,029063,1990,06,23,17.3
IDCJAC0016,029063,1990,06,24,17.4
IDCJAC0016,029063,1990,06,25,17.8
IDCJAC0016,029063,1990,06,26,
IDCJAC0016,029063,1990,06,27,18.2
IDCJAC0016,029063,1990,06,28,18.2
IDCJAC0016,029063,1990,06,29,18.0
IDCJAC0016,029063,1990,06,30,16.9
IDCJAC0016,029063,1990,07,01,17.4
IDCJAC0016,029063,1990,07,02,17.9
IDCJAC0016,029063,1990,07,03,18.2
IDCJAC0016,029063,1990,07,04,18.7
IDCJAC0016,029063,1990,07,05,
IDCJAC0016,029063,1990,07,06,17.9
IDCJAC0016,029063,1990,07,07,
IDCJAC0016,029063,1990,07,08,9.8
IDCJAC0016,029063,1990,07,09,16.8
IDCJAC0016,029063,1990,07,10,17.2
IDCJAC0016,029063,1990,07,11,14.9
IDCJAC0016,029063,1990,07,12,2.7
IDCJAC0016,029063,1990,07,13,
IDCJAC0016,029063,1990,07,14,15.6
IDCJAC0016,029063,1990,07,15,17.9
IDCJAC0016,029063,1990,07,16,
IDCJAC0016,029063,1990,07,17,18.2
IDCJAC0016,029063,1990,07,18,
IDCJAC0016,029063,1990,07,19,18.4
IDCJAC0016,029063,1990,07,20,18.5
IDCJAC0016,029063,1990,07,21,17.0
IDCJAC0016,029063,1990,07,22,16.6
IDCJAC0016,029063,1990,07,23,17.2
IDCJAC0016,029063,1990,07,24,18.6
IDCJAC0016,029063,1990,07,25,18.1
IDCJAC0016,029063,1990,07,26,18.3
IDCJAC0016,029063,1990,07,27,15.7
IDCJAC0016,029063,1990,07,28,18.6
IDCJAC0016,029063,1990,07,29,18.9
IDCJAC0016,029063,1990,07,30,19.4
IDCJAC0016,029063,1990,07,31,20.0
IDCJAC0016,029063,1990,08,01,20.4
IDCJAC0016,029063,1990,08,02,20.5
IDCJAC0016,029063,1990,08,03,20.2
IDCJAC0016,029063,1990,08,04,20.3
IDCJAC0016,029063,1990,08,05,
IDCJAC0016,029063,1990,08,06,
IDCJAC0016,029063,1990,08,07,20.1
IDCJAC0016,029063,1990,08,08,20.1
IDCJAC0016,029063,1990,08,09,19.9
IDCJAC0016,029063,1990,08,10,20.2
IDCJAC0016,029063,1990,08,11,20.5
IDCJAC0016,029063,1990,08,12,20.8
IDCJAC0016,029063,1990,08,13,20.4
IDCJAC0016,029063,1990,08,14,
IDCJAC0016,029063,1990,08,15,
IDCJAC0016,029063,1990,08,16,
IDCJAC0016,029063,1990,08,17,
IDCJAC0016,029063,1990,08,18,
IDCJAC0016,029063,1990,08,19,
IDCJAC0016,029063,1990,08,20,
IDCJAC0016,029063,1990,08,21,
IDCJAC0016,029063,1990,08,22,21.7
IDCJAC0016,029063,1990,08,23,22.0
IDCJAC0016,029063,1990,08,24,21.9
IDCJAC0016,029063,1990,08,25,21.7
IDCJAC0016,029063,1990,08,26,21.7
IDCJAC0016,029063,1990,08,27,21.9
IDCJAC0016,029063,1990,08,28,22.1
IDCJAC0016,029063,1990,08,29,21.9
IDCJAC0016,029063,1990,08,30,21.8
IDCJAC0016,029063,1990,08,31,21.2
IDCJAC0016,029063,1990,09,01,21.0
IDCJAC0016,029063,1990,09,02,21.7
IDCJAC0016,029063,1990,09,03,22.3
IDCJAC0016,029063,1990,09,04,23.2
IDCJAC0016,029063,1990,09,05,23.2
IDCJAC0016,029063,1990,09,06,
IDCJAC0016,029063,1990,09,07,23.3
IDCJAC0016,029063,1990,09,08,23.9
IDCJAC0016,029063,1990,09,09,
IDCJAC0016,029063,1990,09,10,
IDCJAC0016,029063,1990,09,11,23.8
IDCJAC0016,029063,1990,09,12,23.0
IDCJAC0016,029063,1990,09,13,25.3
IDCJAC0016,029063,1990,09,14,
IDCJAC0016,029063,1990,09,15,26.1
IDCJAC0016,029063,1990,09,16,25.2
IDCJAC0016,029063,1990,09,17,23.9
IDCJAC0016,029063,1990,09,18,24.4
IDCJAC0016,029063,1990,09,19,23.2
IDCJAC0016,029063,1990,09,20,24.9
IDCJAC0016,029063,1990,09,21,25.1
IDCJAC0016,029063,1990,09,22,25.3
IDCJAC0016,029063,1990,09,23,25.1
IDCJAC0016,029063,1990,09,24,25.7
IDCJAC0016,029063,1990,09,25,
IDCJAC0016,029063,1990,09,26,25.6
IDCJAC0016,029063,1990,09,27,25.3
IDCJAC0016,029063,1990,09,28,24.9
IDCJAC0016,029063,1990,09,29,24.8
IDCJAC0016,029063,1990,09,30,25.3
IDCJAC0016,029063,1990,10,01,25.9
IDCJAC0016,029063,1990,10,02,
IDCJAC0016,029063,1990,10,03,
IDCJAC0016,029063,1990,10,04,26.1
IDCJAC0016,029063,1990,10,05,21.1
IDCJAC0016,029063,1990,10,06,26.1
IDCJAC0016,029063,1990,10,07,26.5
IDCJAC0016,029063,1990,10,08,26.2
IDCJAC0016,029063,1990,10,09,25.3
IDCJAC0016,029063,1990,10,10,26.7
IDCJAC0016,029063,1990,10,11,26.5
IDCJAC0016,029063,1990,10,12,25.0
IDCJAC0016,029063,1990,10,13,27.3
IDCJAC0016,029063,1990,10,14,26.0
IDCJAC0016,029063,1990,10,15,25.8
IDCJAC0016,029063,1990,10,16,23.6
IDCJAC0016,029063,1990,10,17,26.5
IDCJAC0016,029063,1990,10,18,27.0
IDCJAC0016,029063,1990,10,19,24.8
IDCJAC0016,029063,1990,10,20,25.9
IDCJAC0016,029063,1990,10,21,24.2
IDCJAC0016,029063,1990,10,22,28.6
IDCJAC0016,029063,1990,10,23,28.6
IDCJAC0016,029063,1990,10,24,24.3
IDCJAC0016,029063,1990,10,25,26.4
IDCJAC0016,029063,1990,10,26,26.3
IDCJAC0016,029063,1990,10,27,26.9
IDCJAC0016,029063,1990,10,28,24.9
IDCJAC0016,029063,1990,10,29,27.8
IDCJAC0016,029063,1990,10,30,
IDCJAC0016,029063,1990,10,31,
IDCJAC0016,029063,1990,11,01,27.1
IDCJAC0016,029063,1990,11,02,
IDCJAC0016,029063,1990,11,03,
IDCJAC0016,029063,1990,11,04,
IDCJAC0016,029063,1990,11,05,25.0
IDCJAC0016,029063,1990,11,06,
IDCJAC0016,029063,1990,11,07,27.7
IDCJAC0016,029063,1990,11,08,27.4
IDCJAC0016,029063,1990,11,09,27.1
IDCJAC0016,029063,1990,11,10,25.2
IDCJAC0016,029063,1990,11,11,29.4
IDCJAC0016,029063,1990,11,12,27.8
IDCJAC0016,029063,1990,11,13,28.6
IDCJAC0016,029063,1990,11,14,27.7
IDCJAC0016,029063,1990,11,15,28.5
IDCJAC0016,029063,1990,11,16,29.3
IDCJAC0016,029063,1990,11,17,29.4
IDCJAC0016,029063,1990,11,18,28.7
IDCJAC0016,029063,1990,11,19,
IDCJAC0016,029063,1990,11,20,31.6
IDCJAC0016,029063,1990,11,21,26.9
IDCJAC0016,029063,1990,11,22,22.9
IDCJAC0016,029063,1990,11,23,27.5
IDCJAC0016,029063,1990,11,24,26.9
IDCJAC0016,029063,1990,11,25,26.1
IDCJAC0016,029063,1990,11,26,26.5
IDCJAC0016,029063,1990,11,27,
IDCJAC0016,029063,1990,11,28,
IDCJAC0016,029063,1990,11,29,27.1
IDCJAC0016,029063,1990,11,30,29.7
IDCJAC0016,029063,1990,12,01,
IDCJAC0016,029063,1990,12,02,26.0
IDCJAC0016,029063,1990,12,03,
IDCJAC0016,029063,1990,12,04,25.9
IDCJAC0016,029063,1990,12,05,27.2
IDCJAC0016,029063,1990,12,06,26.5
IDCJAC0016,029063,1990,12,07,21.4
IDCJAC0016,029063,1990,12,08,25.1
IDCJAC0016,029063,1990,12,09,20.4
IDCJAC0016,029063,1990,12,10,24.5
IDCJAC0016,029063,1990,12,11,27.6
IDCJAC0016,029063,1990,12,12,
IDCJAC0016,029063,1990,12,13,
IDCJAC0016,029063,1990,12,14,
IDCJAC0016,029063,1990,12,15,23.3
IDCJAC0016,029063,1990,12,16,22.1
IDCJAC0016,029063,1990,12,17,25.2
IDCJAC0016,029063,1990,12,18,26.4
IDCJAC0016,029063,1990,12,19,29.0
IDCJAC0016,029063,1990,12,20,28.2
IDCJAC0016,029063,1990,12,21,27.3
IDCJAC0016,029063,1990,12,22,22.1
IDCJAC0016,029063,1990,12,23,28.0
IDCJAC0016,029063,1990,12,24,28.5
IDCJAC0016,029063,1990,12,25,21.6
IDCJAC0016,029063,1990,12,26,11.0
IDCJAC0016,029063,1990,12,27,29.8
IDCJAC0016,029063,1990,12,28,28.4
IDCJAC0016,029063,1990,12,29,29.6
IDCJAC0016,029063,1990,12,30,16.2
IDCJAC0016,029063,1990,12,31,17.4
IDCJAC0016,029063,1991,01,01,
IDCJAC0016,029063,1991,01,02,22.3
IDCJAC0016,029063,1991,01,03,13.8
IDCJAC0016,029063,1991,01,04,19.0
IDCJAC0016,029063,1991,01,05,17.4
IDCJAC0016,029063,1991,01,06,14.5
IDCJAC0016,029063,1991,01,07,10.3
IDCJAC0016,029063,1991,01,08,12.6
IDCJAC0016,029063,1991,01,09,10.8
IDCJAC0016,029063,1991,01,10,0.3
IDCJAC0016,029063,1991,01,11,
IDCJAC0016,029063,1991,01,12,
IDCJAC0016,029063,1991,01,13,0.2
IDCJAC0016,029063,1991,01,14,2.4
IDCJAC0016,029063,1991,01,15,22.7
IDCJAC0016,029063,1991,01,16,21.7
IDCJAC0016,029063,1991,01,17,25.1
IDCJAC0016,029063,1991,01,18,21.2
IDCJAC0016,029063,1991,01,19,12.6
IDCJAC0016,029063,1991,01,20,22.1
IDCJAC0016,029063,1991,01,21,24.8
IDCJAC0016,029063,1991,01,22,24.2
IDCJAC0016,029063,1991,01,23,11.8
IDCJAC0016,029063,1991,01,24,11.3
IDCJAC0016,029063,1991,01,25,26.5
IDCJAC0016,029063,1991,01,26,5.1
IDCJAC0016,029063,1991,01,27,26.9
IDCJAC0016,029063,1991,01,28,26.2
IDCJAC0016,029063,1991,01,29,22.7
IDCJAC0016,029063,1991,01,30,18.0
IDCJAC0016,029063,1991,01,31,24.5
IDCJAC0016,029063,1991,02,01,21.6
IDCJAC0016,029063,1991,02,02,14.5
IDCJAC0016,029063,1991,02,03,15.6
IDCJAC0016,029063,1991,02,04,15.3
IDCJAC0016,029063,1991,02,05,4.5
IDCJAC0016,029063,1991,02,06,
IDCJAC0016,029063,1991,02,07,13.2
IDCJAC0016,029063,1991,02,08,3.0
IDCJAC0016,029063,1991,02,09,18.5
IDCJAC0016,029063,1991,02,10,19.8
IDCJAC0016,029063,1991,02,11,17.4
IDCJAC0016,029063,1991,02,12,6.7
IDCJAC0016,029063,1991,02,13,
IDCJAC0016,029063,1991,02,14,16.0
IDCJAC0016,029063,1991,02,15,17.9
IDCJAC0016,029063,1991,02,16,24.6
IDCJAC0016,029063,1991,02,17,23.5
IDCJAC0016,029063,1991,02,18,18.4
IDCJAC0016,029063,1991,02,19,15.8
IDCJAC0016,029063,1991,02,20,26.0
IDCJAC0016,029063,1991,02,21,22.0
IDCJAC0016,029063,1991,02,22,18.9
IDCJAC0016,029063,1991,02,23,25.4
IDCJAC0016,029063,1991,02,24,25.3
IDCJAC0016,029063,1991,02,25,29.0
IDCJAC0016,029063,1991,02,26,27.6
IDCJAC0016,029063,1991,02,27,27.9
IDCJAC0016,029063,1991,02,28,23.2
IDCJAC0016,029063,1991,03,01,25.4
IDCJAC0016,029063,1991,03,02,28.1
IDCJAC0016,029063,1991,03,03,28.2
IDCJAC0016,029063,1991,03,04,28.0
IDCJAC0016,029063,1991,03,05,28.1
IDCJAC0016,029063,1991,03,06,26.2
IDCJAC0016,029063,1991,03,07,27.1
IDCJAC0016,029063,1991,03,08,26.0
IDCJAC0016,029063,1991,03,09,27.3
IDCJAC0016,029063,1991,03,10,24.1
IDCJAC0016,029063,1991,03,11,27.7
IDCJAC0016,029063,1991,03,12,27.8
IDCJAC0016,029063,1991,03,13,27.2
IDCJAC0016,029063,1991,03,14,25.7
IDCJAC0016,029063,1991,03,15,27.4
IDCJAC0016,029063,1991,03,16,27.3
IDCJAC0016,029063,1991,03,17,23.5
IDCJAC0016,029063,1991,03,18,25.0
IDCJAC0016,029063,1991,03,19,
IDCJAC0016,029063,1991,03,20,
IDCJAC0016,029063,1991,03,21,
IDCJAC0016,029063,1991,03,22,25.0
IDCJAC0016,029063,1991,03,23,24.8
IDCJAC0016,029063,1991,03,24,22.1
IDCJAC0016,029063,1991,03,25,25.6
IDCJAC0016,029063,1991,03,26,22.1
IDCJAC0016,029063,1991,03,27,24.3
IDCJAC0016,029063,1991,03,28,21.8
IDCJAC0016,029063,1991,03,29,24.0
IDCJAC0016,029063,1991,03,30,
IDCJAC0016,029063,1991,03,31,
IDCJAC0016,029063,1991,04,01,
IDCJAC0016,029063,1991,04,02,21.7
IDCJAC0016,029063,1991,04,03,
IDCJAC0016,029063,1991,04,04,22.5
IDCJAC0016,029063,1991,04,05,
IDCJAC0016,029063,1991,04,06,23.7
IDCJAC0016,029063,1991,04,07,22.3
IDCJAC0016,029063,1991,04,08,
IDCJAC0016,029063,1991,04,09,18.9
IDCJAC0016,029063,1991,04,10,22.0
IDCJAC0016,029063,1991,04,11,21.1
IDCJAC0016,029063,1991,04,12,22.8
IDCJAC0016,029063,1991,04,13,21.9
IDCJAC0016,029063,1991,04,14,20.2
IDCJAC0016,029063,1991,04,15,21.8
IDCJAC0016,029063,1991,04,16,16.1
IDCJAC0016,029063,1991,04,17,15.9
IDCJAC0016,029063,1991,04,18,16.1
IDCJAC0016,029063,1991,04,19,20.5
IDCJAC0016,029063,1991,04,20,14.5
IDCJAC0016,029063,1991,04,21,20.4
IDCJAC0016,029063,1991,04,22,13.1
IDCJAC0016,029063,1991,04,23,9.3
IDCJAC0016,029063,1991,04,24,21.1
IDCJAC0016,029063,1991,04,25,17.5
IDCJAC0016,029063,1991,04,26,22.1
IDCJAC0016,029063,1991,04,27,22.4
IDCJAC0016,029063,1991,04,28,22.1
IDCJAC0016,029063,1991,04,29,20.5
IDCJAC0016,029063,1991,04,30,21.3
IDCJAC0016,029063,1991,05,01,20.3
IDCJAC0016,029063,1991,05,02,21.1
IDCJAC0016,029063,1991,05,03,20.6
IDCJAC0016,029063,1991,05,04,21.0
IDCJAC0016,029063,1991,05,05,21.1
IDCJAC0016,029063,1991,05,06,20.4
IDCJAC0016,029063,1991,05,07,20.9
IDCJAC0016,029063,1991,05,08,19.6
IDCJAC0016,029063,1991,05,09,21.0
IDCJAC0016,029063,1991,05,10,21.0
IDCJAC0016,029063,1991,05,11,21.0
IDCJAC0016,029063,1991,05,12,20.6
IDCJAC0016,029063,1991,05,13,20.5
IDCJAC0016,029063,1991,05,14,17.6
IDCJAC0016,029063,1991,05,15,19.8
IDCJAC0016,029063,1991,05,16,20.5
IDCJAC0016,029063,1991,05,17,20.3
IDCJAC0016,029063,1991,05,18,20.4
IDCJAC0016,029063,1991,05,19,19.8
IDCJAC0016,029063,1991,05,20,18.2
IDCJAC0016,029063,1991,05,21,
IDCJAC0016,029063,1991,05,22,
IDCJAC0016,029063,1991,05,23,18.1
IDCJAC0016,029063,1991,05,24,18.5
IDCJAC0016,029063,1991,05,25,18.7
IDCJAC0016,029063,1991,05,26,18.8
IDCJAC0016,029063,1991,05,27,18.5
IDCJAC0016,029063,1991,05,28,18.7
IDCJAC0016,029063,1991,05,29,18.6
IDCJAC0016,029063,1991,05,30,18.6
IDCJAC0016,029063,1991,05,31,18.6
IDCJAC0016,029063,1991,06,01,18.2
IDCJAC0016,029063,1991,06,02,18.5
IDCJAC0016,029063,1991,06,03,18.4
IDCJAC0016,029063,1991,06,04,17.6
IDCJAC0016,029063,1991,06,05,17.4
IDCJAC0016,029063,1991,06,06,17.1
IDCJAC0016,029063,1991,06,07,17.1
IDCJAC0016,029063,1991,06,08,17.2
IDCJAC0016,029063,1991,06,09,17.6
IDCJAC0016,029063,1991,06,10,17.6
IDCJAC0016,029063,1991,06,11,17.5
IDCJAC0016,029063,1991,06,12,17.4
IDCJAC0016,029063,1991,06,13,17.9
IDCJAC0016,029063,1991,06,14,17.8
IDCJAC0016,029063,1991,06,15,17.7
IDCJAC0016,029063,1991,06,16,17.9
IDCJAC0016,029063,1991,06,17,17.7
IDCJAC0016,029063,1991,06,18,17.2
IDCJAC0016,029063,1991,06,19,11.4
IDCJAC0016,029063,1991,06,20,11.4
IDCJAC0016,029063,1991,06,21,17.0
IDCJAC0016,029063,1991,06,22,16.9
IDCJAC0016,029063,1991,06,23,17.0
IDCJAC0016,029063,1991,06,24,17.1
IDCJAC0016,029063,1991,06,25,17.2
IDCJAC0016,029063,1991,06,26,16.9
IDCJAC0016,029063,1991,06,27,17.4
IDCJAC0016,029063,1991,06,28,16.9
IDCJAC0016,029063,1991,06,29,17.0
IDCJAC0016,029063,1991,06,30,17.1
IDCJAC0016,029063,1991,07,01,17.0
IDCJAC0016,029063,1991,07,02,16.9
IDCJAC0016,029063,1991,07,03,17.2
IDCJAC0016,029063,1991,07,04,16.7
IDCJAC0016,029063,1991,07,05,14.7
IDCJAC0016,029063,1991,07,06,16.3
IDCJAC0016,029063,1991,07,07,16.7
IDCJAC0016,029063,1991,07,08,
IDCJAC0016,029063,1991,07,09,
IDCJAC0016,029063,1991,07,10,
IDCJAC0016,029063,1991,07,11,
IDCJAC0016,029063,1991,07,12,
IDCJAC0016,029063,1991,07,13,17.6
IDCJAC0016,029063,1991,07,14,18.4
IDCJAC0016,029063,1991,07,15,18.7
IDCJAC0016,029063,1991,07,16,19.1
IDCJAC0016,029063,1991,07,17,18.7
IDCJAC0016,029063,1991,07,18,18.2
IDCJAC0016,029063,1991,07,19,18.5
IDCJAC0016,029063,1991,07,20,18.3
IDCJAC0016,029063,1991,07,21,17.7
IDCJAC0016,029063,1991,07,22,17.4
IDCJAC0016,029063,1991,07,23,16.9
IDCJAC0016,029063,1991,07,24,18.4
IDCJAC0016,029063,1991,07,25,19.0
IDCJAC0016,029063,1991,07,26,19.5
IDCJAC0016,029063,1991,07,27,19.1
IDCJAC0016,029063,1991,07,28,19.3
IDCJAC0016,029063,1991,07,29,19.6
IDCJAC0016,029063,1991,07,30,19.5
IDCJAC0016,029063,1991,07,31,19.4
IDCJAC0016,029063,1991,08,01,19.5
IDCJAC0016,029063,1991,08,02,
IDCJAC0016,029063,1991,08,03,19.8
IDCJAC0016,029063,1991,08,04,19.3
IDCJAC0016,029063,1991,08,05,19.6
IDCJAC0016,029063,1991,08,06,19.5
IDCJAC0016,029063,1991,08,07,19.7
IDCJAC0016,029063,1991,08,08,20.4
IDCJAC0016,029063,1991,08,09,
IDCJAC0016,029063,1991,08,10,20.5
IDCJAC0016,029063,1991,08,11,20.4
IDCJAC0016,029063,1991,08,12,20.5
IDCJAC0016,029063,1991,08,13,20.6
IDCJAC0016,029063,1991,08,14,20.6
IDCJAC0016,029063,1991,08,15,20.6
IDCJAC0016,029063,1991,08,16,20.6
IDCJAC0016,029063,1991,08,17,21.1
IDCJAC0016,029063,1991,08,18,21.1
IDCJAC0016,029063,1991,08,19,20.9
IDCJAC0016,029063,1991,08,20,20.3
IDCJAC0016,029063,1991,08,21,21.3
IDCJAC0016,029063,1991,08,22,20.6
IDCJAC0016,029063,1991,08,23,20.7
IDCJAC0016,029063,1991,08,24,20.3
IDCJAC0016,029063,1991,08,25,21.0
IDCJAC0016,029063,1991,08,26,
IDCJAC0016,029063,1991,08,27,22.4
IDCJAC0016,029063,1991,08,28,21.7
IDCJAC0016,029063,1991,08,29,20.7
IDCJAC0016,029063,1991,08,30,
IDCJAC0016,029063,1991,08,31,21.7
IDCJAC0016,029063,1991,09,01,22.2
IDCJAC0016,029063,1991,09,02,22.6
IDCJAC0016,029063,1991,09,03,21.8
IDCJAC0016,029063,1991,09,04,21.8
IDCJAC0016,029063,1991,09,05,
IDCJAC0016,029063,1991,09,06,22.1
IDCJAC0016,029063,1991,09,07,22.4
IDCJAC0016,029063,1991,09,08,22.5
IDCJAC0016,029063,1991,09,09,22.3
IDCJAC0016,029063,1991,09,10,21.1
IDCJAC0016,029063,1991,09,11,22.2
IDCJAC0016,029063,1991,09,12,24.5
IDCJAC0016,029063,1991,09,13,24.7
IDCJAC0016,029063,1991,09,14,23.8
IDCJAC0016,029063,1991,09,15,23.9
IDCJAC0016,029063,1991,09,16,22.5
IDCJAC0016,029063,1991,09,17,22.0
IDCJAC0016,029063,1991,09,18,24.2
IDCJAC0016,029063,1991,09,19,23.2
IDCJAC0016,029063,1991,09,20,24.6
IDCJAC0016,029063,1991,09,21,24.8
IDCJAC0016,029063,1991,09,22,24.7
IDCJAC0016,029063,1991,09,23,23.0
IDCJAC0016,029063,1991,09,24,24.6
IDCJAC0016,029063,1991,09,25,24.3
IDCJAC0016,029063,1991,09,26,24.6
IDCJAC0016,029063,1991,09,27,23.3
IDCJAC0016,029063,1991,09,28,24.9
IDCJAC0016,029063,1991,09,29,25.4
IDCJAC0016,029063,1991,09,30,25.0
IDCJAC0016,029063,1991,10,01,24.3
IDCJAC0016,029063,1991,10,02,22.3
IDCJAC0016,029063,1991,10,03,23.6
IDCJAC0016,029063,1991,10,04,25.2
IDCJAC0016,029063,1991,10,05,25.7
IDCJAC0016,029063,1991,10,06,24.2
IDCJAC0016,029063,1991,10,07,24.2
IDCJAC0016,029063,1991,10,08,25.6
IDCJAC0016,029063,1991,10,09,26.5
IDCJAC0016,029063,1991,10,10,27.0
IDCJAC0016,029063,1991,10,11,27.7
IDCJAC0016,029063,1991,10,12,26.8
IDCJAC0016,029063,1991,10,13,27.4
IDCJAC0016,029063,1991,10,14,27.2
IDCJAC0016,029063,1991,10,15,26.9
IDCJAC0016,029063,1991,10,16,27.3
IDCJAC0016,029063,1991,10,17,26.9
IDCJAC0016,029063,1991,10,18,25.8
IDCJAC0016,029063,1991,10,19,26.7
IDCJAC0016,029063,1991,10,20,27.5
IDCJAC0016,029063,1991,10,21,28.2
IDCJAC0016,029063,1991,10,22,28.1
IDCJAC0016,029063,1991,10,23,27.9
IDCJAC0016,029063,1991,10,24,27.7
IDCJAC0016,029063,1991,10,25,28.0
IDCJAC0016,029063,1991,10,26,29.1
IDCJAC0016,029063,1991,10,27,28.0
IDCJAC0016,029063,1991,10,28,27.7
IDCJAC0016,029063,1991,10,29,27.7
IDCJAC0016,029063,1991,10,30,28.2
IDCJAC0016,029063,1991,10,31,27.4
IDCJAC0016,029063,1991,11,01,25.7
IDCJAC0016,029063,1991,11,02,26.2
IDCJAC0016,029063,1991,11,03,25.7
IDCJAC0016,029063,1991,11,04,22.9
IDCJAC0016,029063,1991,11,05,26.9
IDCJAC0016,029063,1991,11,06,26.1
IDCJAC0016,029063,1991,11,07,24.0
IDCJAC0016,029063,1991,11,08,17.5
IDCJAC0016,029063,1991,11,09,29.1
IDCJAC0016,029063,1991,11,10,
IDCJAC0016,029063,1991,11,11,27.5
IDCJAC0016,029063,1991,11,12,26.6
IDCJAC0016,029063,1991,11,13,26.0
IDCJAC0016,029063,1991,11,14,28.4
IDCJAC0016,029063,1991,11,15,10.7
IDCJAC0016,029063,1991,11,16,7.0
IDCJAC0016,029063,1991,11,17,21.3
IDCJAC0016,029063,1991,11,18,28.1
IDCJAC0016,029063,1991,11,19,29.7
IDCJAC0016,029063,1991,11,20,
IDCJAC0016,029063,1991,11,21,26.3
IDCJAC0016,029063,1991,11,22,28.3
IDCJAC0016,029063,1991,11,23,29.5
IDCJAC0016,029063,1991,11,24,21.5
IDCJAC0016,029063,1991,11,25,23.7
IDCJAC0016,029063,1991,11,26,23.5
IDCJAC0016,029063,1991,11,27,21.3
IDCJAC0016,029063,1991,11,28,26.1
IDCJAC0016,029063,1991,11,29,26.7
IDCJAC0016,029063,1991,11,30,26.7
IDCJAC0016,029063,1991,12,01,28.6
IDCJAC0016,029063,1991,12,02,29.4
IDCJAC0016,029063,1991,12,03,30.6
IDCJAC0016,029063,1991,12,04,30.8
IDCJAC0016,029063,1991,12,05,30.6
IDCJAC0016,029063,1991,12,06,18.0
IDCJAC0016,029063,1991,12,07,15.5
IDCJAC0016,029063,1991,12,08,18.8
IDCJAC0016,029063,1991,12,09,
IDCJAC0016,029063,1991,12,10,14.7
IDCJAC0016,029063,1991,12,11,25.5
IDCJAC0016,029063,1991,12,12,31.3
IDCJAC0016,029063,1991,12,13,29.8
IDCJAC0016,029063,1991,12,14,15.3
IDCJAC0016,029063,1991,12,15,22.8
IDCJAC0016,029063,1991,12,16,22.1
IDCJAC0016,029063,1991,12,17,31.0
IDCJAC0016,029063,1991,12,18,32.1
IDCJAC0016,029063,1991,12,19,32.3
IDCJAC0016,029063,1991,12,20,
IDCJAC0016,029063,1991,12,21,30.0
IDCJAC0016,029063,1991,12,22,29.6
IDCJAC0016,029063,1991,12,23,31.6
IDCJAC0016,029063,1991,12,24,32.8
IDCJAC0016,029063,1991,12,25,30.4
IDCJAC0016,029063,1991,12,26,28.3
IDCJAC0016,029063,1991,12,27,30.4
IDCJAC0016,029063,1991,12,28,29.7
IDCJAC0016,029063,1991,12,29,27.7
IDCJAC0016,029063,1991,12,30,26.5
IDCJAC0016,029063,1991,12,31,28.3
IDCJAC0016,029063,1992,01,01,19.4
IDCJAC0016,029063,1992,01,02,14.3
IDCJAC0016,029063,1992,01,03,17.6
IDCJAC0016,029063,1992,01,04,28.9
IDCJAC0016,029063,1992,01,05,29.8
IDCJAC0016,029063,1992,01,06,30.0
IDCJAC0016,029063,1992,01,07,22.6
IDCJAC0016,029063,1992,01,08,7.2
IDCJAC0016,029063,1992,01,09,12.1
IDCJAC0016,029063,1992,01,10,
IDCJAC0016,029063,1992,01,11,
IDCJAC0016,029063,1992,01,12,
IDCJAC0016,029063,1992,01,13,
IDCJAC0016,029063,1992,01,14,31.2
IDCJAC0016,029063,1992,01,15,29.3
IDCJAC0016,029063,1992,01,16,29.4
IDCJAC0016,029063,1992,01,17,28.2
IDCJAC0016,029063,1992,01,18,30.0
IDCJAC0016,029063,1992,01,19,27.3
IDCJAC0016,029063,1992,01,20,25.3
IDCJAC0016,029063,1992,01,21,29.7
IDCJAC0016,029063,1992,01,22,28.0
IDCJAC0016,029063,1992,01,23,28.5
IDCJAC0016,029063,1992,01,24,22.7
IDCJAC0016,029063,1992,01,25,25.8
IDCJAC0016,029063,1992,01,26,
IDCJAC0016,029063,1992,01,27,18.6
IDCJAC0016,029063,1992,01,28,27.3
IDCJAC0016,029063,1992,01,29,19.0
IDCJAC0016,029063,1992,01,30,16.9
IDCJAC0016,029063,1992,01,31,25.1
IDCJAC0016,029063,1992,02,01,26.2
IDCJAC0016,029063,1992,02,02,11.1
IDCJAC0016,029063,1992,02,03,14.9
IDCJAC0016,029063,1992,02,04,16.7
IDCJAC0016,029063,1992,02,05,4.4
IDCJAC0016,029063,1992,02,06,5.1
IDCJAC0016,029063,1992,02,07,4.9
IDCJAC0016,029063,1992,02,08,16.3
IDCJAC0016,029063,1992,02,09,16.7
IDCJAC0016,029063,1992,02,10,23.1
IDCJAC0016,029063,1992,02,11,27.3
IDCJAC0016,029063,1992,02,12,24.9
IDCJAC0016,029063,1992,02,13,24.7
IDCJAC0016,029063,1992,02,14,23.4
IDCJAC0016,029063,1992,02,15,29.2
IDCJAC0016,029063,1992,02,16,29.4
IDCJAC0016,029063,1992,02,17,27.5
IDCJAC0016,029063,1992,02,18,23.0
IDCJAC0016,029063,1992,02,19,22.6
IDCJAC0016,029063,1992,02,20,21.7
IDCJAC0016,029063,1992,02,21,21.2
IDCJAC0016,029063,1992,02,22,12.8
IDCJAC0016,029063,1992,02,23,20.6
IDCJAC0016,029063,1992,02,24,22.8
IDCJAC0016,029063,1992,02,25,6.8
IDCJAC0016,029063,1992,02,26,13.9
IDCJAC0016,029063,1992,02,27,6.4
IDCJAC0016,029063,1992,02,28,9.2
IDCJAC0016,029063,1992,02,29,20.1
IDCJAC0016,029063,1992,03,01,25.0
IDCJAC0016,029063,1992,03,02,25.1
IDCJAC0016,029063,1992,03,03,26.3
IDCJAC0016,029063,1992,03,04,26.0
IDCJAC0016,029063,1992,03,05,19.8
IDCJAC0016,029063,1992,03,06,25.6
IDCJAC0016,029063,1992,03,07,26.8
IDCJAC0016,029063,1992,03,08,16.0
IDCJAC0016,029063,1992,03,09,20.9
IDCJAC0016,029063,1992,03,10,26.3
IDCJAC0016,029063,1992,03,11,23.5
IDCJAC0016,029063,1992,03,12,25.5
IDCJAC0016,029063,1992,03,13,26.5
IDCJAC0016,029063,1992,03,14,26.0
IDCJAC0016,029063,1992,03,15,23.8
IDCJAC0016,029063,1992,03,16,17.7
IDCJAC0016,029063,1992,03,17,25.9
IDCJAC0016,029063,1992,03,18,26.4
IDCJAC0016,029063,1992,03,19,26.8
IDCJAC0016,029063,1992,03,20,26.2
IDCJAC0016,029063,1992,03,21,24.8
IDCJAC0016,029063,1992,03,22,20.3
IDCJAC0016,029063,1992,03,23,21.0
IDCJAC0016,029063,1992,03,24,25.5
IDCJAC0016,029063,1992,03,25,25.0
IDCJAC0016,029063,1992,03,26,24.5
IDCJAC0016,029063,1992,03,27,18.3
IDCJAC0016,029063,1992,03,28,19.0
IDCJAC0016,029063,1992,03,29,22.6
IDCJAC0016,029063,1992,03,30,24.0
IDCJAC0016,029063,1992,03,31,21.1
IDCJAC0016,029063,1992,04,01,
IDCJAC0016,029063,1992,04,02,
IDCJAC0016,029063,1992,04,03,23.2
IDCJAC0016,029063,1992,04,04,20.1
IDCJAC0016,029063,1992,04,05,22.5
IDCJAC0016,029063,1992,04,06,23.4
IDCJAC0016,029063,1992,04,07,23.8
IDCJAC0016,029063,1992,04,08,
IDCJAC0016,029063,1992,04,09,21.4
IDCJAC0016,029063,1992,04,10,18.5
IDCJAC0016,029063,1992,04,11,23.1
IDCJAC0016,029063,1992,04,12,21.6
IDCJAC0016,029063,1992,04,13,22.4
IDCJAC0016,029063,1992,04,14,22.0
IDCJAC0016,029063,1992,04,15,20.8
IDCJAC0016,029063,1992,04,16,22.5
IDCJAC0016,029063,1992,04,17,22.4
IDCJAC0016,029063,1992,04,18,22.3
IDCJAC0016,029063,1992,04,19,22.8
IDCJAC0016,029063,1992,04,20,21.5
IDCJAC0016,029063,1992,04,21,19.5
IDCJAC0016,029063,1992,04,22,21.5
IDCJAC0016,029063,1992,04,23,20.5
IDCJAC0016,029063,1992,04,24,21.4
IDCJAC0016,029063,1992,04,25,21.9
IDCJAC0016,029063,1992,04,26,17.9
IDCJAC0016,029063,1992,04,27,21.7
IDCJAC0016,029063,1992,04,28,21.1
IDCJAC0016,029063,1992,04,29,21.2
IDCJAC0016,029063,1992,04,30,21.2
IDCJAC0016,029063,1992,05,01,20.9
IDCJAC0016,029063,1992,05,02,18.9
IDCJAC0016,029063,1992,05,03,18.7
IDCJAC0016,029063,1992,05,04,19.6
IDCJAC0016,029063,1992,05,05,17.3
IDCJAC0016,029063,1992,05,06,20.3
IDCJAC0016,029063,1992,05,07,20.6
IDCJAC0016,029063,1992,05,08,19.0
IDCJAC0016,029063,1992,05,09,9.5
IDCJAC0016,029063,1992,05,10,
IDCJAC0016,029063,1992,05,11,16.5
IDCJAC0016,029063,1992,05,12,9.3
IDCJAC0016,029063,1992,05,13,19.4
IDCJAC0016,029063,1992,05,14,19.6
IDCJAC0016,029063,1992,05,15,18.1
IDCJAC0016,029063,1992,05,16,18.4
IDCJAC0016,029063,1992,05,17,18.9
IDCJAC0016,029063,1992,05,18,14.1
IDCJAC0016,029063,1992,05,19,15.9
IDCJAC0016,029063,1992,05,20,18.8
IDCJAC0016,029063,1992,05,21,19.1
IDCJAC0016,029063,1992,05,22,18.9
IDCJAC0016,029063,1992,05,23,18.9
IDCJAC0016,029063,1992,05,24,18.8
IDCJAC0016,029063,1992,05,25,17.6
IDCJAC0016,029063,1992,05,26,18.5
IDCJAC0016,029063,1992,05,27,16.5
IDCJAC0016,029063,1992,05,28,18.6
IDCJAC0016,029063,1992,05,29,18.7
IDCJAC0016,029063,1992,05,30,19.0
IDCJAC0016,029063,1992,05,31,18.9
IDCJAC0016,029063,1992,06,01,18.6
IDCJAC0016,029063,1992,06,02,18.2
IDCJAC0016,029063,1992,06,03,18.0
IDCJAC0016,029063,1992,06,04,18.2
IDCJAC0016,029063,1992,06,05,17.9
IDCJAC0016,029063,1992,06,06,17.8
IDCJAC0016,029063,1992,06,07,17.8
IDCJAC0016,029063,1992,06,08,17.9
IDCJAC0016,029063,1992,06,09,18.0
IDCJAC0016,029063,1992,06,10,18.5
IDCJAC0016,029063,1992,06,11,18.2
IDCJAC0016,029063,1992,06,12,18.3
IDCJAC0016,029063,1992,06,13,17.7
IDCJAC0016,029063,1992,06,14,17.7
IDCJAC0016,029063,1992,06,15,18.2
IDCJAC0016,029063,1992,06,16,18.1
IDCJAC0016,029063,1992,06,17,17.9
IDCJAC0016,029063,1992,06,18,17.7
IDCJAC0016,029063,1992,06,19,17.5
IDCJAC0016,029063,1992,06,20,18.3
IDCJAC0016,029063,1992,06,21,18.5
IDCJAC0016,029063,1992,06,22,18.6
IDCJAC0016,029063,1992,06,23,18.5
IDCJAC0016,029063,1992,06,24,17.4
IDCJAC0016,029063,1992,06,25,17.9
IDCJAC0016,029063,1992,06,26,16.7
IDCJAC0016,029063,1992,06,27,18.1
IDCJAC0016,029063,1992,06,28,18.3
IDCJAC0016,029063,1992,06,29,18.2
IDCJAC0016,029063,1992,06,30,18.2
IDCJAC0016,029063,1992,07,01,18.6
IDCJAC0016,029063,1992,07,02,18.1
IDCJAC0016,029063,1992,07,03,17.6
IDCJAC0016,029063,1992,07,04,15.7
IDCJAC0016,029063,1992,07,05,16.7
IDCJAC0016,029063,1992,07,06,17.7
IDCJAC0016,029063,1992,07,07,18.0
IDCJAC0016,029063,1992,07,08,18.5
IDCJAC0016,029063,1992,07,09,18.5
IDCJAC0016,029063,1992,07,10,18.5
IDCJAC0016,029063,1992,07,11,18.4
IDCJAC0016,029063,1992,07,12,18.3
IDCJAC0016,029063,1992,07,13,16.7
IDCJAC0016,029063,1992,07,14,17.8
IDCJAC0016,029063,1992,07,15,17.6
IDCJAC0016,029063,1992,07,16,17.8
IDCJAC0016,029063,1992,07,17,17.9
IDCJAC0016,029063,1992,07,18,18.3
IDCJAC0016,029063,1992,07,19,19.0
IDCJAC0016,029063,1992,07,20,
IDCJAC0016,029063,1992,07,21,19.1
IDCJAC0016,029063,1992,07,22,19.5
IDCJAC0016,029063,1992,07,23,18.3
IDCJAC0016,029063,1992,07,24,14.8
IDCJAC0016,029063,1992,07,25,11.5
IDCJAC0016,029063,1992,07,26,18.4
IDCJAC0016,029063,1992,07,27,18.3
IDCJAC0016,029063,1992,07,28,18.9
IDCJAC0016,029063,1992,07,29,19.0
IDCJAC0016,029063,1992,07,30,16.6
IDCJAC0016,029063,1992,07,31,19.3
IDCJAC0016,029063,1992,08,01,17.5
IDCJAC0016,029063,1992,08,02,18.1
IDCJAC0016,029063,1992,08,03,19.3
IDCJAC0016,029063,1992,08,04,18.1
IDCJAC0016,029063,1992,08,05,16.2
IDCJAC0016,029063,1992,08,06,
IDCJAC0016,029063,1992,08,07,
IDCJAC0016,029063,1992,08,08,19.2
IDCJAC0016,029063,1992,08,09,20.8
IDCJAC0016,029063,1992,08,10,20.7
IDCJAC0016,029063,1992,08,11,20.3
IDCJAC0016,029063,1992,08,12,20.0
IDCJAC0016,029063,1992,08,13,20.4
IDCJAC0016,029063,1992,08,14,20.5
IDCJAC0016,029063,1992,08,15,20.7
IDCJAC0016,029063,1992,08,16,21.0
IDCJAC0016,029063,1992,08,17,20.5
IDCJAC0016,029063,1992,08,18,20.1
IDCJAC0016,029063,1992,08,19,18.2
IDCJAC0016,029063,1992,08,20,18.2
IDCJAC0016,029063,1992,08,21,19.6
IDCJAC0016,029063,1992,08,22,20.7
IDCJAC0016,029063,1992,08,23,19.4
IDCJAC0016,029063,1992,08,24,21.1
IDCJAC0016,029063,1992,08,25,21.8
IDCJAC0016,029063,1992,08,26,21.4
IDCJAC0016,029063,1992,08,27,20.2
IDCJAC0016,029063,1992,08,28,20.6
IDCJAC0016,029063,1992,08,29,21.3
IDCJAC0016,029063,1992,08,30,20.8
IDCJAC0016,029063,1992,08,31,21.2
IDCJAC0016,029063,1992,09,01,18.3
IDCJAC0016,029063,1992,09,02,14.6
IDCJAC0016,029063,1992,09,03,21.7
IDCJAC0016,029063,1992,09,04,22.4
IDCJAC0016,029063,1992,09,05,22.7
IDCJAC0016,029063,1992,09,06,21.7
IDCJAC0016,029063,1992,09,07,22.0
IDCJAC0016,029063,1992,09,08,22.5
IDCJAC0016,029063,1992,09,09,22.8
IDCJAC0016,029063,1992,09,10,20.6
IDCJAC0016,029063,1992,09,11,
IDCJAC0016,029063,1992,09,12,
IDCJAC0016,029063,1992,09,13,21.1
IDCJAC0016,029063,1992,09,14,22.8
IDCJAC0016,029063,1992,09,15,18.7
IDCJAC0016,029063,1992,09,16,
IDCJAC0016,029063,1992,09,17,25.9
IDCJAC0016,029063,1992,09,18,24.9
IDCJAC0016,029063,1992,09,19,24.8
IDCJAC0016,029063,1992,09,20,24.9
IDCJAC0016,029063,1992,09,21,26.1
IDCJAC0016,029063,1992,09,22,24.9
IDCJAC0016,029063,1992,09,23,25.5
IDCJAC0016,029063,1992,09,24,24.8
IDCJAC0016,029063,1992,09,25,24.8
IDCJAC0016,029063,1992,09,26,23.2
IDCJAC0016,029063,1992,09,27,24.8
IDCJAC0016,029063,1992,09,28,25.2
IDCJAC0016,029063,1992,09,29,24.3
IDCJAC0016,029063,1992,09,30,25.4
IDCJAC0016,029063,1992,10,01,26.1
IDCJAC0016,029063,1992,10,02,25.3
IDCJAC0016,029063,1992,10,03,24.4
IDCJAC0016,029063,1992,10,04,24.4
IDCJAC0016,029063,1992,10,05,24.9
IDCJAC0016,029063,1992,10,06,25.3
IDCJAC0016,029063,1992,10,07,26.5
IDCJAC0016,029063,1992,10,08,26.7
IDCJAC0016,029063,1992,10,09,24.1
IDCJAC0016,029063,1992,10,10,27.1
IDCJAC0016,029063,1992,10,11,27.4
IDCJAC0016,029063,1992,10,12,27.7
IDCJAC0016,029063,1992,10,13,26.9
IDCJAC0016,029063,1992,10,14,25.5
IDCJAC0016,029063,1992,10,15,26.2
IDCJAC0016,029063,1992,10,16,26.9
IDCJAC0016,029063,1992,10,17,27.1
IDCJAC0016,029063,1992,10,18,7.2
IDCJAC0016,029063,1992,10,19,29.0
IDCJAC0016,029063,1992,10,20,28.6
IDCJAC0016,029063,1992,10,21,
IDCJAC0016,029063,1992,10,22,28.3
IDCJAC0016,029063,1992,10,23,24.6
IDCJAC0016,029063,1992,10,24,
IDCJAC0016,029063,1992,10,25,26.6
IDCJAC0016,029063,1992,10,26,27.1
IDCJAC0016,029063,1992,10,27,28.9
IDCJAC0016,029063,1992,10,28,28.4
IDCJAC0016,029063,1992,10,29,
IDCJAC0016,029063,1992,10,30,
IDCJAC0016,029063,1992,10,31,27.9
IDCJAC0016,029063,1992,11,01,21.6
IDCJAC0016,029063,1992,11,02,27.8
IDCJAC0016,029063,1992,11,03,
IDCJAC0016,029063,1992,11,04,29.0
IDCJAC0016,029063,1992,11,05,27.0
IDCJAC0016,029063,1992,11,06,30.4
IDCJAC0016,029063,1992,11,07,31.5
IDCJAC0016,029063,1992,11,08,30.8
IDCJAC0016,029063,1992,11,09,29.7
IDCJAC0016,029063,1992,11,10,29.0
IDCJAC0016,029063,1992,11,11,
IDCJAC0016,029063,1992,11,12,31.0
IDCJAC0016,029063,1992,11,13,28.5
IDCJAC0016,029063,1992,11,14,29.9
IDCJAC0016,029063,1992,11,15,29.6
IDCJAC0016,029063,1992,11,16,29.6
IDCJAC0016,029063,1992,11,17,29.6
IDCJAC0016,029063,1992,11,18,26.2
IDCJAC0016,029063,1992,11,19,28.3
IDCJAC0016,029063,1992,11,20,29.5
IDCJAC0016,029063,1992,11,21,29.0
IDCJAC0016,029063,1992,11,22,29.8
IDCJAC0016,029063,1992,11,23,28.8
IDCJAC0016,029063,1992,11,24,29.2
IDCJAC0016,029063,1992,11,25,22.3
IDCJAC0016,029063,1992,11,26,26.9
IDCJAC0016,029063,1992,11,27,29.2
IDCJAC0016,029063,1992,11,28,30.1
IDCJAC0016,029063,1992,11,29,30.2
IDCJAC0016,029063,1992,11,30,
IDCJAC0016,029063,1992,12,01,
IDCJAC0016,029063,1992,12,02,30.0
IDCJAC0016,029063,1992,12,03,23.6
IDCJAC0016,029063,1992,12,04,
IDCJAC0016,029063,1992,12,05,28.1
IDCJAC0016,029063,1992,12,06,
IDCJAC0016,029063,1992,12,07,
IDCJAC0016,029063,1992,12,08,30.0
IDCJAC0016,029063,1992,12,09,31.1
IDCJAC0016,029063,1992,12,10,30.7
IDCJAC0016,029063,1992,12,11,21.4
IDCJAC0016,029063,1992,12,12,18.0
IDCJAC0016,029063,1992,12,13,3.6
IDCJAC0016,029063,1992,12,14,28.0
IDCJAC0016,029063,1992,12,15,
IDCJAC0016,029063,1992,12,16,3.8
IDCJAC0016,029063,1992,12,17,9.8
IDCJAC0016,029063,1992,12,18,13.7
IDCJAC0016,029063,1992,12,19,23.6
IDCJAC0016,029063,1992,12,20,28.3
IDCJAC0016,029063,1992,12,21,27.6
IDCJAC0016,029063,1992,12,22,26.6
IDCJAC0016,029063,1992,12,23,21.6
IDCJAC0016,029063,1992,12,24,28.7
IDCJAC0016,029063,1992,12,25,20.1
IDCJAC0016,029063,1992,12,26,25.5
IDCJAC0016,029063,1992,12,27,
IDCJAC0016,029063,1992,12,28,29.4
IDCJAC0016,029063,1992,12,29,29.0
IDCJAC0016,029063,1992,12,30,29.7
IDCJAC0016,029063,1992,12,31,27.8
IDCJAC0016,029063,1993,01,01,27.3
IDCJAC0016,029063,1993,01,02,19.3
IDCJAC0016,029063,1993,01,03,23.1
IDCJAC0016,029063,1993,01,04,28.2
IDCJAC0016,029063,1993,01,05,11.7
IDCJAC0016,029063,1993,01,06,
IDCJAC0016,029063,1993,01,07,
IDCJAC0016,029063,1993,01,08,
IDCJAC0016,029063,1993,01,09,28.7
IDCJAC0016,029063,1993,01,10,29.9
IDCJAC0016,029063,1993,01,11,
IDCJAC0016,029063,1993,01,12,27.4
IDCJAC0016,029063,1993,01,13,19.5
IDCJAC0016,029063,1993,01,14,20.4
IDCJAC0016,029063,1993,01,15,
IDCJAC0016,029063,1993,01,16,
IDCJAC0016,029063,1993,01,17,
IDCJAC0016,029063,1993,01,18,
IDCJAC0016,029063,1993,01,19,
IDCJAC0016,029063,1993,01,20,30.4
IDCJAC0016,029063,1993,01,21,
IDCJAC0016,029063,1993,01,22,
IDCJAC0016,029063,1993,01,23,29.0
IDCJAC0016,029063,1993,01,24,26.1
IDCJAC0016,029063,1993,01,25,15.5
IDCJAC0016,029063,1993,01,26,
IDCJAC0016,029063,1993,01,27,
IDCJAC0016,029063,1993,01,28,
IDCJAC0016,029063,1993,01,29,
IDCJAC0016,029063,1993,01,30,6.3
IDCJAC0016,029063,1993,01,31,5.6
IDCJAC0016,029063,1993,02,01,
IDCJAC0016,029063,1993,02,02,
IDCJAC0016,029063,1993,02,03,17.7
IDCJAC0016,029063,1993,02,04,11.5
IDCJAC0016,029063,1993,02,05,5.1
IDCJAC0016,029063,1993,02,06,15.8
IDCJAC0016,029063,1993,02,07,18.1
IDCJAC0016,029063,1993,02,08,17.7
IDCJAC0016,029063,1993,02,09,12.6
IDCJAC0016,029063,1993,02,10,14.8
IDCJAC0016,029063,1993,02,11,22.6
IDCJAC0016,029063,1993,02,12,16.5
IDCJAC0016,029063,1993,02,13,25.1
IDCJAC0016,029063,1993,02,14,22.0
IDCJAC0016,029063,1993,02,15,18.7
IDCJAC0016,029063,1993,02,16,
IDCJAC0016,029063,1993,02,17,22.0
IDCJAC0016,029063,1993,02,18,24.2
IDCJAC0016,029063,1993,02,19,15.7
IDCJAC0016,029063,1993,02,20,19.1
IDCJAC0016,029063,1993,02,21,16.5
IDCJAC0016,029063,1993,02,22,8.3
IDCJAC0016,029063,1993,02,23,26.5
IDCJAC0016,029063,1993,02,24,25.3
IDCJAC0016,029063,1993,02,25,
IDCJAC0016,029063,1993,02,26,
IDCJAC0016,029063,1993,02,27,11.5
IDCJAC0016,029063,1993,02,28,20.8
IDCJAC0016,029063,1993,03,01,24.3
IDCJAC0016,029063,1993,03,02,28.4
IDCJAC0016,029063,1993,03,03,28.9
IDCJAC0016,029063,1993,03,04,28.5
IDCJAC0016,029063,1993,03,05,24.6
IDCJAC0016,029063,1993,03,06,25.5
IDCJAC0016,029063,1993,03,07,26.6
IDCJAC0016,029063,1993,03,08,25.8
IDCJAC0016,029063,1993,03,09,27.2
IDCJAC0016,029063,1993,03,10,22.6
IDCJAC0016,029063,1993,03,11,21.7
IDCJAC0016,029063,1993,03,12,27.1
IDCJAC0016,029063,1993,03,13,25.9
IDCJAC0016,029063,1993,03,14,26.7
IDCJAC0016,029063,1993,03,15,26.7
IDCJAC0016,029063,1993,03,16,26.7
IDCJAC0016,029063,1993,03,17,26.0
IDCJAC0016,029063,1993,03,18,24.1
IDCJAC0016,029063,1993,03,19,25.7
IDCJAC0016,029063,1993,03,20,22.9
IDCJAC0016,029063,1993,03,21,6.4
IDCJAC0016,029063,1993,03,22,23.9
IDCJAC0016,029063,1993,03,23,24.2
IDCJAC0016,029063,1993,03,24,15.0
IDCJAC0016,029063,1993,03,25,25.6
IDCJAC0016,029063,1993,03,26,23.9
IDCJAC0016,029063,1993,03,27,25.6
IDCJAC0016,029063,1993,03,28,25.0
IDCJAC0016,029063,1993,03,29,23.6
IDCJAC0016,029063,1993,03,30,24.2
IDCJAC0016,029063,1993,03,31,22.1
IDCJAC0016,029063,1993,04,01,22.2
IDCJAC0016,029063,1993,04,02,
IDCJAC0016,029063,1993,04,03,
IDCJAC0016,029063,1993,04,04,
IDCJAC0016,029063,1993,04,05,24.0
IDCJAC0016,029063,1993,04,06,23.7
IDCJAC0016,029063,1993,04,07,
IDCJAC0016,029063,1993,04,08,
IDCJAC0016,029063,1993,04,09,23.1
IDCJAC0016,029063,1993,04,10,23.1
IDCJAC0016,029063,1993,04,11,22.6
IDCJAC0016,029063,1993,04,12,22.6
IDCJAC0016,029063,1993,04,13,23.4
IDCJAC0016,029063,1993,04,14,
IDCJAC0016,029063,1993,04,15,22.9
IDCJAC0016,029063,1993,04,16,21.9
IDCJAC0016,029063,1993,04,17,22.0
IDCJAC0016,029063,1993,04,18,20.4
IDCJAC0016,029063,1993,04,19,20.5
IDCJAC0016,029063,1993,04,20,16.7
IDCJAC0016,029063,1993,04,21,22.6
IDCJAC0016,029063,1993,04,22,22.1
IDCJAC0016,029063,1993,04,23,21.3
IDCJAC0016,029063,1993,04,24,20.3
IDCJAC0016,029063,1993,04,25,21.0
IDCJAC0016,029063,1993,04,26,20.8
IDCJAC0016,029063,1993,04,27,21.6
IDCJAC0016,029063,1993,04,28,21.2
IDCJAC0016,029063,1993,04,29,21.2
IDCJAC0016,029063,1993,04,30,20.9
IDCJAC0016,029063,1993,05,01,20.8
IDCJAC0016,029063,1993,05,02,
IDCJAC0016,029063,1993,05,03,21.0
IDCJAC0016,029063,1993,05,04,21.1
IDCJAC0016,029063,1993,05,05,20.3
IDCJAC0016,029063,1993,05,06,20.9
IDCJAC0016,029063,1993,05,07,20.5
IDCJAC0016,029063,1993,05,08,19.2
IDCJAC0016,029063,1993,05,09,20.3
IDCJAC0016,029063,1993,05,10,20.4
IDCJAC0016,029063,1993,05,11,19.4
IDCJAC0016,029063,1993,05,12,17.9
IDCJAC0016,029063,1993,05,13,18.2
IDCJAC0016,029063,1993,05,14,18.8
IDCJAC0016,029063,1993,05,15,19.3
IDCJAC0016,029063,1993,05,16,19.0
IDCJAC0016,029063,1993,05,17,18.8
IDCJAC0016,029063,1993,05,18,18.7
IDCJAC0016,029063,1993,05,19,18.9
IDCJAC0016,029063,1993,05,20,18.4
IDCJAC0016,029063,1993,05,21,18.4
IDCJAC0016,029063,1993,05,22,18.0
IDCJAC0016,029063,1993,05,23,18.9
IDCJAC0016,029063,1993,05,24,18.7
IDCJAC0016,029063,1993,05,25,15.1
IDCJAC0016,029063,1993,05,26,18.4
IDCJAC0016,029063,1993,05,27,18.6
IDCJAC0016,029063,1993,05,28,18.6
IDCJAC0016,029063,1993,05,29,
IDCJAC0016,029063,1993,05,30,
IDCJAC0016,029063,1993,05,31,
IDCJAC0016,029063,1993,06,01,
IDCJAC0016,029063,1993,06,02,
IDCJAC0016,029063,1993,06,03,
IDCJAC0016,029063,1993,06,04,
IDCJAC0016,029063,1993,06,05,
IDCJAC0016,029063,1993,06,06,17.6
IDCJAC0016,029063,1993,06,07,18.0
IDCJAC0016,029063,1993,06,08,17.4
IDCJAC0016,029063,1993,06,09,
IDCJAC0016,029063,1993,06,10,
IDCJAC0016,029063,1993,06,11,16.9
IDCJAC0016,029063,1993,06,12,17.5
IDCJAC0016,029063,1993,06,13,17.4
IDCJAC0016,029063,1993,06,14,17.5
IDCJAC0016,029063,1993,06,15,17.3
IDCJAC0016,029063,1993,06,16,16.1
IDCJAC0016,029063,1993,06,17,17.1
IDCJAC0016,029063,1993,06,18,17.6
IDCJAC0016,029063,1993,06,19,17.5
IDCJAC0016,029063,1993,06,20,17.5
IDCJAC0016,029063,1993,06,21,17.7
IDCJAC0016,029063,1993,06,22,17.6
IDCJAC0016,029063,1993,06,23,17.8
IDCJAC0016,029063,1993,06,24,17.9
IDCJAC0016,029063,1993,06,25,
IDCJAC0016,029063,1993,06,26,
IDCJAC0016,029063,1993,06,27,
IDCJAC0016,029063,1993,06,28,
IDCJAC0016,029063,1993,06,29,16.9
IDCJAC0016,029063,1993,06,30,16.9
IDCJAC0016,029063,1993,07,01,17.1
IDCJAC0016,029063,1993,07,02,17.3
IDCJAC0016,029063,1993,07,03,
IDCJAC0016,029063,1993,07,04,17.5
IDCJAC0016,029063,1993,07,05,16.3
IDCJAC0016,029063,1993,07,06,13.1
IDCJAC0016,029063,1993,07,07,
IDCJAC0016,029063,1993,07,08,7.4
IDCJAC0016,029063,1993,07,09,3.5
IDCJAC0016,029063,1993,07,10,
IDCJAC0016,029063,1993,07,11,
IDCJAC0016,029063,1993,07,12,
IDCJAC0016,029063,1993,07,13,18.2
IDCJAC0016,029063,1993,07,14,18.5
IDCJAC0016,029063,1993,07,15,18.2
IDCJAC0016,029063,1993,07,16,17.4
IDCJAC0016,029063,1993,07,17,17.8
IDCJAC0016,029063,1993,07,18,17.5
IDCJAC0016,029063,1993,07,19,17.1
IDCJAC0016,029063,1993,07,20,14.8
IDCJAC0016,029063,1993,07,21,3.7
IDCJAC0016,029063,1993,07,22,16.6
IDCJAC0016,029063,1993,07,23,18.2
IDCJAC0016,029063,1993,07,24,16.3
IDCJAC0016,029063,1993,07,25,18.1
IDCJAC0016,029063,1993,07,26,18.3
IDCJAC0016,029063,1993,07,27,17.7
IDCJAC0016,029063,1993,07,28,16.6
IDCJAC0016,029063,1993,07,29,
IDCJAC0016,029063,1993,07,30,19.2
IDCJAC0016,029063,1993,07,31,19.4
IDCJAC0016,029063,1993,08,01,19.3
IDCJAC0016,029063,1993,08,02,18.5
IDCJAC0016,029063,1993,08,03,18.3
IDCJAC0016,029063,1993,08,04,19.0
IDCJAC0016,029063,1993,08,05,19.6
IDCJAC0016,029063,1993,08,06,19.7
IDCJAC0016,029063,1993,08,07,19.3
IDCJAC0016,029063,1993,08,08,18.9
IDCJAC0016,029063,1993,08,09,19.4
IDCJAC0016,029063,1993,08,10,19.1
IDCJAC0016,029063,1993,08,11,19.4
IDCJAC0016,029063,1993,08,12,19.4
IDCJAC0016,029063,1993,08,13,
IDCJAC0016,029063,1993,08,14,20.1
IDCJAC0016,029063,1993,08,15,18.5
IDCJAC0016,029063,1993,08,16,19.9
IDCJAC0016,029063,1993,08,17,20.0
IDCJAC0016,029063,1993,08,18,19.6
IDCJAC0016,029063,1993,08,19,
IDCJAC0016,029063,1993,08,20,
IDCJAC0016,029063,1993,08,21,
IDCJAC0016,029063,1993,08,22,
IDCJAC0016,029063,1993,08,23,
IDCJAC0016,029063,1993,08,24,
IDCJAC0016,029063,1993,08,25,
IDCJAC0016,029063,1993,08,26,14.8
IDCJAC0016,029063,1993,08,27,17.5
IDCJAC0016,029063,1993,08,28,14.1
IDCJAC0016,029063,1993,08,29,21.3
IDCJAC0016,029063,1993,08,30,21.8
IDCJAC0016,029063,1993,08,31,18.3
IDCJAC0016,029063,1993,09,01,20.4
IDCJAC0016,029063,1993,09,02,22.1
IDCJAC0016,029063,1993,09,03,20.5
IDCJAC0016,029063,1993,09,04,21.5
IDCJAC0016,029063,1993,09,05,21.3
IDCJAC0016,029063,1993,09,06,22.6
IDCJAC0016,029063,1993,09,07,22.2
IDCJAC0016,029063,1993,09,08,22.9
IDCJAC0016,029063,1993,09,09,22.1
IDCJAC0016,029063,1993,09,10,23.0
IDCJAC0016,029063,1993,09,11,22.5
IDCJAC0016,029063,1993,09,12,21.6
IDCJAC0016,029063,1993,09,13,21.6
IDCJAC0016,029063,1993,09,14,22.5
IDCJAC0016,029063,1993,09,15,24.4
IDCJAC0016,029063,1993,09,16,24.2
IDCJAC0016,029063,1993,09,17,24.4
IDCJAC0016,029063,1993,09,18,
IDCJAC0016,029063,1993,09,19,23.6
IDCJAC0016,029063,1993,09,20,
IDCJAC0016,029063,1993,09,21,24.6
IDCJAC0016,029063,1993,09,22,24.2
IDCJAC0016,029063,1993,09,23,24.8
IDCJAC0016,029063,1993,09,24,24.2
IDCJAC0016,029063,1993,09,25,22.6
IDCJAC0016,029063,1993,09,26,24.4
IDCJAC0016,029063,1993,09,27,24.5
IDCJAC0016,029063,1993,09,28,24.6
IDCJAC0016,029063,1993,09,29,24.6
IDCJAC0016,029063,1993,09,30,24.4
IDCJAC0016,029063,1993,10,01,24.5
IDCJAC0016,029063,1993,10,02,25.3
IDCJAC0016,029063,1993,10,03,25.4
IDCJAC0016,029063,1993,10,04,25.6
IDCJAC0016,029063,1993,10,05,26.3
IDCJAC0016,029063,1993,10,06,27.2
IDCJAC0016,029063,1993,10,07,26.6
IDCJAC0016,029063,1993,10,08,26.7
IDCJAC0016,029063,1993,10,09,26.5
IDCJAC0016,029063,1993,10,10,26.4
IDCJAC0016,029063,1993,10,11,26.5
IDCJAC0016,029063,1993,10,12,27.0
IDCJAC0016,029063,1993,10,13,
IDCJAC0016,029063,1993,10,14,26.2
IDCJAC0016,029063,1993,10,15,27.3
IDCJAC0016,029063,1993,10,16,23.8
IDCJAC0016,029063,1993,10,17,26.4
IDCJAC0016,029063,1993,10,18,23.0
IDCJAC0016,029063,1993,10,19,22.1
IDCJAC0016,029063,1993,10,20,27.2
IDCJAC0016,029063,1993,10,21,28.6
IDCJAC0016,029063,1993,10,22,29.2
IDCJAC0016,029063,1993,10,23,
IDCJAC0016,029063,1993,10,24,27.0
IDCJAC0016,029063,1993,10,25,27.8
IDCJAC0016,029063,1993,10,26,26.2
IDCJAC0016,029063,1993,10,27,26.8
IDCJAC0016,029063,1993,10,28,27.4
IDCJAC0016,029063,1993,10,29,26.4
IDCJAC0016,029063,1993,10,30,23.7
IDCJAC0016,029063,1993,10,31,29.1
IDCJAC0016,029063,1993,11,01,29.4
IDCJAC0016,029063,1993,11,02,28.8
IDCJAC0016,029063,1993,11,03,26.0
IDCJAC0016,029063,1993,11,04,28.4
IDCJAC0016,029063,1993,11,05,30.2
IDCJAC0016,029063,1993,11,06,29.3
IDCJAC0016,029063,1993,11,07,28.5
IDCJAC0016,029063,1993,11,08,28.3
IDCJAC0016,029063,1993,11,09,26.7
IDCJAC0016,029063,1993,11,10,26.3
IDCJAC0016,029063,1993,11,11,7.1
IDCJAC0016,029063,1993,11,12,
IDCJAC0016,029063,1993,11,13,26.6
IDCJAC0016,029063,1993,11,14,28.3
IDCJAC0016,029063,1993,11,15,26.2
IDCJAC0016,029063,1993,11,16,27.1
IDCJAC0016,029063,1993,11,17,7.7
IDCJAC0016,029063,1993,11,18,23.5
IDCJAC0016,029063,1993,11,19,18.0
IDCJAC0016,029063,1993,11,20,27.2
IDCJAC0016,029063,1993,11,21,8.9
IDCJAC0016,029063,1993,11,22,25.2
IDCJAC0016,029063,1993,11,23,26.6
IDCJAC0016,029063,1993,11,24,30.0
IDCJAC0016,029063,1993,11,25,30.6
IDCJAC0016,029063,1993,11,26,27.5
IDCJAC0016,029063,1993,11,27,29.0
IDCJAC0016,029063,1993,11,28,31.2
IDCJAC0016,029063,1993,11,29,31.6
IDCJAC0016,029063,1993,11,30,31.3
IDCJAC0016,029063,1993,12,01,29.4
IDCJAC0016,029063,1993,12,02,30.9
IDCJAC0016,029063,1993,12,03,30.3
IDCJAC0016,029063,1993,12,04,28.4
IDCJAC0016,029063,1993,12,05,29.0
IDCJAC0016,029063,1993,12,06,28.9
IDCJAC0016,029063,1993,12,07,26.3
IDCJAC0016,029063,1993,12,08,9.0
IDCJAC0016,029063,1993,12,09,22.2
IDCJAC0016,029063,1993,12,10,20.4
IDCJAC0016,029063,1993,12,11,27.7
IDCJAC0016,029063,1993,12,12,28.3
IDCJAC0016,029063,1993,12,13,30.1
IDCJAC0016,029063,1993,12,14,30.5
IDCJAC0016,029063,1993,12,15,28.7
IDCJAC0016,029063,1993,12,16,21.1
IDCJAC0016,029063,1993,12,17,25.0
IDCJAC0016,029063,1993,12,18,25.4
IDCJAC0016,029063,1993,12,19,26.7
IDCJAC0016,029063,1993,12,20,
IDCJAC0016,029063,1993,12,21,24.7
IDCJAC0016,029063,1993,12,22,16.6
IDCJAC0016,029063,1993,12,23,12.7
IDCJAC0016,029063,1993,12,24,26.3
IDCJAC0016,029063,1993,12,25,30.5
IDCJAC0016,029063,1993,12,26,29.6
IDCJAC0016,029063,1993,12,27,19.5
IDCJAC0016,029063,1993,12,28,18.1
IDCJAC0016,029063,1993,12,29,25.9
IDCJAC0016,029063,1993,12,30,23.9
IDCJAC0016,029063,1993,12,31,28.2
IDCJAC0016,029063,1994,01,01,24.9
IDCJAC0016,029063,1994,01,02,27.8
IDCJAC0016,029063,1994,01,03,27.8
IDCJAC0016,029063,1994,01,04,30.0
IDCJAC0016,029063,1994,01,05,28.2
IDCJAC0016,029063,1994,01,06,27.1
IDCJAC0016,029063,1994,01,07,
IDCJAC0016,029063,1994,01,08,27.3
IDCJAC0016,029063,1994,01,09,24.1
IDCJAC0016,029063,1994,01,10,30.1
IDCJAC0016,029063,1994,01,11,22.1
IDCJAC0016,029063,1994,01,12,26.8
IDCJAC0016,029063,1994,01,13,28.4
IDCJAC0016,029063,1994,01,14,18.2
IDCJAC0016,029063,1994,01,15,22.2
IDCJAC0016,029063,1994,01,16,27.1
IDCJAC0016,029063,1994,01,17,
IDCJAC0016,029063,1994,01,18,19.6
IDCJAC0016,029063,1994,01,19,28.1
IDCJAC0016,029063,1994,01,20,
IDCJAC0016,029063,1994,01,21,28.6
IDCJAC0016,029063,1994,01,22,30.5
IDCJAC0016,029063,1994,01,23,25.9
IDCJAC0016,029063,1994,01,24,28.2
IDCJAC0016,029063,1994,01,25,12.8
IDCJAC0016,029063,1994,01,26,23.7
IDCJAC0016,029063,1994,01,27,28.5
IDCJAC0016,029063,1994,01,28,25.9
IDCJAC0016,029063,1994,01,29,13.0
IDCJAC0016,029063,1994,01,30,2.7
IDCJAC0016,029063,1994,01,31,
IDCJAC0016,029063,1994,02,01,22.6
IDCJAC0016,029063,1994,02,02,25.5
IDCJAC0016,029063,1994,02,03,
IDCJAC0016,029063,1994,02,04,27.8
IDCJAC0016,029063,1994,02,05,28.0
IDCJAC0016,029063,1994,02,06,27.0
IDCJAC0016,029063,1994,02,07,26.8
IDCJAC0016,029063,1994,02,08,
IDCJAC0016,029063,1994,02,09,27.1
IDCJAC0016,029063,1994,02,10,18.8
IDCJAC0016,029063,1994,02,11,25.1
IDCJAC0016,029063,1994,02,12,20.3
IDCJAC0016,029063,1994,02,13,23.4
IDCJAC0016,029063,1994,02,14,27.6
IDCJAC0016,029063,1994,02,15,25.4
IDCJAC0016,029063,1994,02,16,25.9
IDCJAC0016,029063,1994,02,17,28.8
IDCJAC0016,029063,1994,02,18,22.7
IDCJAC0016,029063,1994,02,19,23.5
IDCJAC0016,029063,1994,02,20,25.7
IDCJAC0016,029063,1994,02,21,15.3
IDCJAC0016,029063,1994,02,22,20.4
IDCJAC0016,029063,1994,02,23,24.6
IDCJAC0016,029063,1994,02,24,21.5
IDCJAC0016,029063,1994,02,25,21.4
IDCJAC0016,029063,1994,02,26,25.7
IDCJAC0016,029063,1994,02,27,16.6
IDCJAC0016,029063,1994,02,28,5.5
IDCJAC0016,029063,1994,03,01,0.5
IDCJAC0016,029063,1994,03,02,9.7
IDCJAC0016,029063,1994,03,03,10.6
IDCJAC0016,029063,1994,03,04,4.9
IDCJAC0016,029063,1994,03,05,24.2
IDCJAC0016,029063,1994,03,06,21.7
IDCJAC0016,029063,1994,03,07,24.5
IDCJAC0016,029063,1994,03,08,
IDCJAC0016,029063,1994,03,09,
IDCJAC0016,029063,1994,03,10,
IDCJAC0016,029063,1994,03,11,24.9
IDCJAC0016,029063,1994,03,12,19.3
IDCJAC0016,029063,1994,03,13,25.6
IDCJAC0016,029063,1994,03,14,27.7
IDCJAC0016,029063,1994,03,15,27.4
IDCJAC0016,029063,1994,03,16,
IDCJAC0016,029063,1994,03,17,
IDCJAC0016,029063,1994,03,18,
IDCJAC0016,029063,1994,03,19,26.5
IDCJAC0016,029063,1994,03,20,26.1
IDCJAC0016,029063,1994,03,21,26.2
IDCJAC0016,029063,1994,03,22,26.7
IDCJAC0016,029063,1994,03,23,25.0
IDCJAC0016,029063,1994,03,24,24.0
IDCJAC0016,029063,1994,03,25,25.8
IDCJAC0016,029063,1994,03,26,24.8
IDCJAC0016,029063,1994,03,27,
IDCJAC0016,029063,1994,03,28,
IDCJAC0016,029063,1994,03,29,24.9
IDCJAC0016,029063,1994,03,30,25.1
IDCJAC0016,029063,1994,03,31,24.3
IDCJAC0016,029063,1994,04,01,23.6
IDCJAC0016,029063,1994,04,02,
IDCJAC0016,029063,1994,04,03,
IDCJAC0016,029063,1994,04,04,
IDCJAC0016,029063,1994,04,05,
IDCJAC0016,029063,1994,04,06,
IDCJAC0016,029063,1994,04,07,
IDCJAC0016,029063,1994,04,08,
IDCJAC0016,029063,1994,04,09,23.4
IDCJAC0016,029063,1994,04,10,23.0
IDCJAC0016,029063,1994,04,11,23.5
IDCJAC0016,029063,1994,04,12,24.2
IDCJAC0016,029063,1994,04,13,24.6
IDCJAC0016,029063,1994,04,14,24.9
IDCJAC0016,029063,1994,04,15,24.4
IDCJAC0016,029063,1994,04,16,23.8
IDCJAC0016,029063,1994,04,17,22.6
IDCJAC0016,029063,1994,04,18,22.4
IDCJAC0016,029063,1994,04,19,21.5
IDCJAC0016,029063,1994,04,20,22.6
IDCJAC0016,029063,1994,04,21,20.9
IDCJAC0016,029063,1994,04,22,22.4
IDCJAC0016,029063,1994,04,23,22.0
IDCJAC0016,029063,1994,04,24,21.7
IDCJAC0016,029063,1994,04,25,20.9
IDCJAC0016,029063,1994,04,26,
IDCJAC0016,029063,1994,04,27,21.1
IDCJAC0016,029063,1994,04,28,
IDCJAC0016,029063,1994,04,29,21.3
IDCJAC0016,029063,1994,04,30,21.5
IDCJAC0016,029063,1994,05,01,21.1
IDCJAC0016,029063,1994,05,02,20.2
IDCJAC0016,029063,1994,05,03,18.6
IDCJAC0016,029063,1994,05,04,20.0
IDCJAC0016,029063,1994,05,05,16.0
IDCJAC0016,029063,1994,05,06,19.4
IDCJAC0016,029063,1994,05,07,19.5
IDCJAC0016,029063,1994,05,08,17.1
IDCJAC0016,029063,1994,05,09,19.0
IDCJAC0016,029063,1994,05,10,
IDCJAC0016,029063,1994,05,11,20.0
IDCJAC0016,029063,1994,05,12,
IDCJAC0016,029063,1994,05,13,19.4
IDCJAC0016,029063,1994,05,14,18.7
IDCJAC0016,029063,1994,05,15,19.3
IDCJAC0016,029063,1994,05,16,
IDCJAC0016,029063,1994,05,17,19.1
IDCJAC0016,029063,1994,05,18,19.1
IDCJAC0016,029063,1994,05,19,19.2
IDCJAC0016,029063,1994,05,20,20.2
IDCJAC0016,029063,1994,05,21,19.8
IDCJAC0016,029063,1994,05,22,19.3
IDCJAC0016,029063,1994,05,23,19.6
IDCJAC0016,029063,1994,05,24,19.4
IDCJAC0016,029063,1994,05,25,19.1
IDCJAC0016,029063,1994,05,26,19.0
IDCJAC0016,029063,1994,05,27,18.9
IDCJAC0016,029063,1994,05,28,19.1
IDCJAC0016,029063,1994,05,29,
IDCJAC0016,029063,1994,05,30,18.8
IDCJAC0016,029063,1994,05,31,18.7
IDCJAC0016,029063,1994,06,01,17.9
IDCJAC0016,029063,1994,06,02,18.5
IDCJAC0016,029063,1994,06,03,18.4
IDCJAC0016,029063,1994,06,04,17.2
IDCJAC0016,029063,1994,06,05,17.0
IDCJAC0016,029063,1994,06,06,17.5
IDCJAC0016,029063,1994,06,07,16.7
IDCJAC0016,029063,1994,06,08,14.8
IDCJAC0016,029063,1994,06,09,
IDCJAC0016,029063,1994,06,10,17.7
IDCJAC0016,029063,1994,06,11,18.3
IDCJAC0016,029063,1994,06,12,18.0
IDCJAC0016,029063,1994,06,13,17.8
IDCJAC0016,029063,1994,06,14,17.4
IDCJAC0016,029063,1994,06,15,18.0
IDCJAC0016,029063,1994,06,16,17.8
IDCJAC0016,029063,1994,06,17,18.1
IDCJAC0016,029063,1994,06,18,18.2
IDCJAC0016,029063,1994,06,19,17.4
IDCJAC0016,029063,1994,06,20,
IDCJAC0016,029063,1994,06,21,17.2
IDCJAC0016,029063,1994,06,22,
IDCJAC0016,029063,1994,06,23,17.6
IDCJAC0016,029063,1994,06,24,
IDCJAC0016,029063,1994,06,25,18.0
IDCJAC0016,029063,1994,06,26,18.1
IDCJAC0016,029063,1994,06,27,18.6
IDCJAC0016,029063,1994,06,28,
IDCJAC0016,029063,1994,06,29,
IDCJAC0016,029063,1994,06,30,
IDCJAC0016,029063,1994,07,01,18.0
IDCJAC0016,029063,1994,07,02,17.5
IDCJAC0016,029063,1994,07,03,17.7
IDCJAC0016,029063,1994,07,04,15.8
IDCJAC0016,029063,1994,07,05,16.7
IDCJAC0016,029063,1994,07,06,17.2
IDCJAC0016,029063,1994,07,07,17.2
IDCJAC0016,029063,1994,07,08,17.3
IDCJAC0016,029063,1994,07,09,16.8
IDCJAC0016,029063,1994,07,10,16.1
IDCJAC0016,029063,1994,07,11,17.2
IDCJAC0016,029063,1994,07,12,17.5
IDCJAC0016,029063,1994,07,13,17.7
IDCJAC0016,029063,1994,07,14,17.7
IDCJAC0016,029063,1994,07,15,18.2
IDCJAC0016,029063,1994,07,16,18.4
IDCJAC0016,029063,1994,07,17,19.1
IDCJAC0016,029063,1994,07,18,19.1
IDCJAC0016,029063,1994,07,19,19.1
IDCJAC0016,029063,1994,07,20,18.3
IDCJAC0016,029063,1994,07,21,18.8
IDCJAC0016,029063,1994,07,22,19.2
IDCJAC0016,029063,1994,07,23,19.4
IDCJAC0016,029063,1994,07,24,19.5
IDCJAC0016,029063,1994,07,25,19.9
IDCJAC0016,029063,1994,07,26,19.8
IDCJAC0016,029063,1994,07,27,20.0
IDCJAC0016,029063,1994,07,28,20.0
IDCJAC0016,029063,1994,07,29,19.4
IDCJAC0016,029063,1994,07,30,19.3
IDCJAC0016,029063,1994,07,31,20.5
IDCJAC0016,029063,1994,08,01,20.3
IDCJAC0016,029063,1994,08,02,20.1
IDCJAC0016,029063,1994,08,03,19.9
IDCJAC0016,029063,1994,08,04,20.0
IDCJAC0016,029063,1994,08,05,20.3
IDCJAC0016,029063,1994,08,06,20.7
IDCJAC0016,029063,1994,08,07,
IDCJAC0016,029063,1994,08,08,21.1
IDCJAC0016,029063,1994,08,09,21.2
IDCJAC0016,029063,1994,08,10,22.3
IDCJAC0016,029063,1994,08,11,22.0
IDCJAC0016,029063,1994,08,12,21.2
IDCJAC0016,029063,1994,08,13,21.6
IDCJAC0016,029063,1994,08,14,21.7
IDCJAC0016,029063,1994,08,15,21.8
IDCJAC0016,029063,1994,08,16,
IDCJAC0016,029063,1994,08,17,22.0
IDCJAC0016,029063,1994,08,18,22.1
IDCJAC0016,029063,1994,08,19,22.5
IDCJAC0016,029063,1994,08,20,22.2
IDCJAC0016,029063,1994,08,21,22.3
IDCJAC0016,029063,1994,08,22,21.8
IDCJAC0016,029063,1994,08,23,22.0
IDCJAC0016,029063,1994,08,24,22.0
IDCJAC0016,029063,1994,08,25,22.5
IDCJAC0016,029063,1994,08,26,23.1
IDCJAC0016,029063,1994,08,27,22.4
IDCJAC0016,029063,1994,08,28,21.9
IDCJAC0016,029063,1994,08,29,22.9
IDCJAC0016,029063,1994,08,30,23.6
IDCJAC0016,029063,1994,08,31,23.7
IDCJAC0016,029063,1994,09,01,23.7
IDCJAC0016,029063,1994,09,02,24.0
IDCJAC0016,029063,1994,09,03,23.8
IDCJAC0016,029063,1994,09,04,22.8
IDCJAC0016,029063,1994,09,05,22.6
IDCJAC0016,029063,1994,09,06,20.2
IDCJAC0016,029063,1994,09,07,22.5
IDCJAC0016,029063,1994,09,08,22.6
IDCJAC0016,029063,1994,09,09,22.5
IDCJAC0016,029063,1994,09,10,22.2
IDCJAC0016,029063,1994,09,11,20.4
IDCJAC0016,029063,1994,09,12,19.1
IDCJAC0016,029063,1994,09,13,19.2
IDCJAC0016,029063,1994,09,14,21.3
IDCJAC0016,029063,1994,09,15,21.5
IDCJAC0016,029063,1994,09,16,21.6
IDCJAC0016,029063,1994,09,17,21.3
IDCJAC0016,029063,1994,09,18,21.4
IDCJAC0016,029063,1994,09,19,22.1
IDCJAC0016,029063,1994,09,20,22.4
IDCJAC0016,029063,1994,09,21,22.6
IDCJAC0016,029063,1994,09,22,23.1
IDCJAC0016,029063,1994,09,23,22.3
IDCJAC0016,029063,1994,09,24,22.2
IDCJAC0016,029063,1994,09,25,20.8
IDCJAC0016,029063,1994,09,26,21.5
IDCJAC0016,029063,1994,09,27,22.2
IDCJAC0016,029063,1994,09,28,22.5
IDCJAC0016,029063,1994,09,29,22.1
IDCJAC0016,029063,1994,09,30,22.6
IDCJAC0016,029063,1994,10,01,22.6
IDCJAC0016,029063,1994,10,02,22.6
IDCJAC0016,029063,1994,10,03,23.1
IDCJAC0016,029063,1994,10,04,22.7
IDCJAC0016,029063,1994,10,05,22.6
IDCJAC0016,029063,1994,10,06,22.7
IDCJAC0016,029063,1994,10,07,21.2
IDCJAC0016,029063,1994,10,08,23.2
IDCJAC0016,029063,1994,10,09,24.2
IDCJAC0016,029063,1994,10,10,24.4
IDCJAC0016,029063,1994,10,11,23.9
IDCJAC0016,029063,1994,10,12,22.3
IDCJAC0016,029063,1994,10,13,23.4
IDCJAC0016,029063,1994,10,14,20.0
IDCJAC0016,029063,1994,10,15,24.8
IDCJAC0016,029063,1994,10,16,24.8
IDCJAC0016,029063,1994,10,17,
IDCJAC0016,029063,1994,10,18,
IDCJAC0016,029063,1994,10,19,
IDCJAC0016,029063,1994,10,20,
IDCJAC0016,029063,1994,10,21,25.0
IDCJAC0016,029063,1994,10,22,24.7
IDCJAC0016,029063,1994,10,23,24.6
IDCJAC0016,029063,1994,10,24,
IDCJAC0016,029063,1994,10,25,
IDCJAC0016,029063,1994,10,26,
IDCJAC0016,029063,1994,10,27,
IDCJAC0016,029063,1994,10,28,
IDCJAC0016,029063,1994,10,29,22.6
IDCJAC0016,029063,1994,10,30,25.0
IDCJAC0016,029063,1994,10,31,
IDCJAC0016,029063,1994,11,01,23.9
IDCJAC0016,029063,1994,11,02,23.4
IDCJAC0016,029063,1994,11,03,26.0
IDCJAC0016,029063,1994,11,04,26.7
IDCJAC0016,029063,1994,11,05,28.3
IDCJAC0016,029063,1994,11,06,29.2
IDCJAC0016,029063,1994,11,07,29.4
IDCJAC0016,029063,1994,11,08,29.2
IDCJAC0016,029063,1994,11,09,29.2
IDCJAC0016,029063,1994,11,10,28.3
IDCJAC0016,029063,1994,11,11,27.7
IDCJAC0016,029063,1994,11,12,27.9
IDCJAC0016,029063,1994,11,13,27.8
IDCJAC0016,029063,1994,11,14,
IDCJAC0016,029063,1994,11,15,
IDCJAC0016,029063,1994,11,16,
IDCJAC0016,029063,1994,11,17,
IDCJAC0016,029063,1994,11,18,
IDCJAC0016,029063,1994,11,19,25.2
IDCJAC0016,029063,1994,11,20,24.6
IDCJAC0016,029063,1994,11,21,21.0
IDCJAC0016,029063,1994,11,22,27.8
IDCJAC0016,029063,1994,11,23,27.9
IDCJAC0016,029063,1994,11,24,26.7
IDCJAC0016,029063,1994,11,25,27.0
IDCJAC0016,029063,1994,11,26,21.0
IDCJAC0016,029063,1994,11,27,26.3
IDCJAC0016,029063,1994,11,28,23.2
IDCJAC0016,029063,1994,11,29,26.4
IDCJAC0016,029063,1994,11,30,13.5
IDCJAC0016,029063,1994,12,01,22.4
IDCJAC0016,029063,1994,12,02,
IDCJAC0016,029063,1994,12,03,23.7
IDCJAC0016,029063,1994,12,04,24.3
IDCJAC0016,029063,1994,12,05,
IDCJAC0016,029063,1994,12,06,
IDCJAC0016,029063,1994,12,07,
IDCJAC0016,029063,1994,12,08,
IDCJAC0016,029063,1994,12,09,
IDCJAC0016,029063,1994,12,10,25.7
IDCJAC0016,029063,1994,12,11,25.3
IDCJAC0016,029063,1994,12,12,
IDCJAC0016,029063,1994,12,13,
IDCJAC0016,029063,1994,12,14,27.0
IDCJAC0016,029063,1994,12,15,28.2
IDCJAC0016,029063,1994,12,16,29.0
IDCJAC0016,029063,1994,12,17,29.4
IDCJAC0016,029063,1994,12,18,
IDCJAC0016,029063,1994,12,19,28.5
IDCJAC0016,029063,1994,12,20,30.0
IDCJAC0016,029063,1994,12,21,25.7
IDCJAC0016,029063,1994,12,22,27.1
IDCJAC0016,029063,1994,12,23,29.2
IDCJAC0016,029063,1994,12,24,25.7
IDCJAC0016,029063,1994,12,25,21.2
IDCJAC0016,029063,1994,12,26,27.7
IDCJAC0016,029063,1994,12,27,19.0
IDCJAC0016,029063,1994,12,28,23.3
IDCJAC0016,029063,1994,12,29,29.8
IDCJAC0016,029063,1994,12,30,29.1
IDCJAC0016,029063,1994,12,31,30.7
IDCJAC0016,029063,1995,01,01,31.1
IDCJAC0016,029063,1995,01,02,26.3
IDCJAC0016,029063,1995,01,03,28.0
IDCJAC0016,029063,1995,01,04,28.7
IDCJAC0016,029063,1995,01,05,26.5
IDCJAC0016,029063,1995,01,06,18.5
IDCJAC0016,029063,1995,01,07,23.1
IDCJAC0016,029063,1995,01,08,15.3
IDCJAC0016,029063,1995,01,09,
IDCJAC0016,029063,1995,01,10,
IDCJAC0016,029063,1995,01,11,27.4
IDCJAC0016,029063,1995,01,12,22.3
IDCJAC0016,029063,1995,01,13,20.3
IDCJAC0016,029063,1995,01,14,19.5
IDCJAC0016,029063,1995,01,15,18.5
IDCJAC0016,029063,1995,01,16,25.1
IDCJAC0016,029063,1995,01,17,
IDCJAC0016,029063,1995,01,18,2.6
IDCJAC0016,029063,1995,01,19,8.1
IDCJAC0016,029063,1995,01,20,
IDCJAC0016,029063,1995,01,21,28.7
IDCJAC0016,029063,1995,01,22,28.3
IDCJAC0016,029063,1995,01,23,
IDCJAC0016,029063,1995,01,24,19.1
IDCJAC0016,029063,1995,01,25,26.0
IDCJAC0016,029063,1995,01,26,24.6
IDCJAC0016,029063,1995,01,27,
IDCJAC0016,029063,1995,01,28,20.8
IDCJAC0016,029063,1995,01,29,25.8
IDCJAC0016,029063,1995,01,30,26.8
IDCJAC0016,029063,1995,01,31,27.7
IDCJAC0016,029063,1995,02,01,28.8
IDCJAC0016,029063,1995,02,02,25.3
IDCJAC0016,029063,1995,02,03,21.9
IDCJAC0016,029063,1995,02,04,24.2
IDCJAC0016,029063,1995,02,05,25.9
IDCJAC0016,029063,1995,02,06,9.8
IDCJAC0016,029063,1995,02,07,23.6
IDCJAC0016,029063,1995,02,08,20.4
IDCJAC0016,029063,1995,02,09,26.0
IDCJAC0016,029063,1995,02,10,12.0
IDCJAC0016,029063,1995,02,11,19.5
IDCJAC0016,029063,1995,02,12,21.2
IDCJAC0016,029063,1995,02,13,23.7
IDCJAC0016,029063,1995,02,14,26.8
IDCJAC0016,029063,1995,02,15,27.6
IDCJAC0016,029063,1995,02,16,24.1
IDCJAC0016,029063,1995,02,17,6.9
IDCJAC0016,029063,1995,02,18,28.2
IDCJAC0016,029063,1995,02,19,25.3
IDCJAC0016,029063,1995,02,20,
IDCJAC0016,029063,1995,02,21,26.1
IDCJAC0016,029063,1995,02,22,27.4
IDCJAC0016,029063,1995,02,23,
IDCJAC0016,029063,1995,02,24,19.0
IDCJAC0016,029063,1995,02,25,16.1
IDCJAC0016,029063,1995,02,26,25.5
IDCJAC0016,029063,1995,02,27,12.4
IDCJAC0016,029063,1995,02,28,19.2
IDCJAC0016,029063,1995,03,01,22.2
IDCJAC0016,029063,1995,03,02,23.3
IDCJAC0016,029063,1995,03,03,20.6
IDCJAC0016,029063,1995,03,04,22.3
IDCJAC0016,029063,1995,03,05,22.0
IDCJAC0016,029063,1995,03,06,17.1
IDCJAC0016,029063,1995,03,07,14.9
IDCJAC0016,029063,1995,03,08,10.1
IDCJAC0016,029063,1995,03,09,10.3
IDCJAC0016,029063,1995,03,10,19.2
IDCJAC0016,029063,1995,03,11,18.7
IDCJAC0016,029063,1995,03,12,8.8
IDCJAC0016,029063,1995,03,13,9.3
IDCJAC0016,029063,1995,03,14,
IDCJAC0016,029063,1995,03,15,11.4
IDCJAC0016,029063,1995,03,16,10.4
IDCJAC0016,029063,1995,03,17,22.0
IDCJAC0016,029063,1995,03,18,26.1
IDCJAC0016,029063,1995,03,19,25.4
IDCJAC0016,029063,1995,03,20,25.8
IDCJAC0016,029063,1995,03,21,26.4
IDCJAC0016,029063,1995,03,22,25.9
IDCJAC0016,029063,1995,03,23,23.8
IDCJAC0016,029063,1995,03,24,24.0
IDCJAC0016,029063,1995,03,25,23.5
IDCJAC0016,029063,1995,03,26,23.4
IDCJAC0016,029063,1995,03,27,23.1
IDCJAC0016,029063,1995,03,28,17.4
IDCJAC0016,029063,1995,03,29,25.1
IDCJAC0016,029063,1995,03,30,25.9
IDCJAC0016,029063,1995,03,31,24.8
IDCJAC0016,029063,1995,04,01,25.2
IDCJAC0016,029063,1995,04,02,22.1
IDCJAC0016,029063,1995,04,03,20.9
IDCJAC0016,029063,1995,04,04,13.9
IDCJAC0016,029063,1995,04,05,22.8
IDCJAC0016,029063,1995,04,06,24.5
IDCJAC0016,029063,1995,04,07,24.5
IDCJAC0016,029063,1995,04,08,24.2
IDCJAC0016,029063,1995,04,09,24.5
IDCJAC0016,029063,1995,04,10,24.3
IDCJAC0016,029063,1995,04,11,24.2
IDCJAC0016,029063,1995,04,12,22.4
IDCJAC0016,029063,1995,04,13,22.9
IDCJAC0016,029063,1995,04,14,23.0
IDCJAC0016,029063,1995,04,15,20.5
IDCJAC0016,029063,1995,04,16,21.2
IDCJAC0016,029063,1995,04,17,23.5
IDCJAC0016,029063,1995,04,18,22.9
IDCJAC0016,029063,1995,04,19,23.2
IDCJAC0016,029063,1995,04,20,23.4
IDCJAC0016,029063,1995,04,21,
IDCJAC0016,029063,1995,04,22,23.4
IDCJAC0016,029063,1995,04,23,22.2
IDCJAC0016,029063,1995,04,24,22.6
IDCJAC0016,029063,1995,04,25,22.0
IDCJAC0016,029063,1995,04,26,
IDCJAC0016,029063,1995,04,27,
IDCJAC0016,029063,1995,04,28,
IDCJAC0016,029063,1995,04,29,21.6
IDCJAC0016,029063,1995,04,30,20.7
IDCJAC0016,029063,1995,05,01,20.7
IDCJAC0016,029063,1995,05,02,15.6
IDCJAC0016,029063,1995,05,03,20.3
IDCJAC0016,029063,1995,05,04,20.4
IDCJAC0016,029063,1995,05,05,18.3
IDCJAC0016,029063,1995,05,06,14.2
IDCJAC0016,029063,1995,05,07,13.2
IDCJAC0016,029063,1995,05,08,17.3
IDCJAC0016,029063,1995,05,09,9.6
IDCJAC0016,029063,1995,05,10,11.3
IDCJAC0016,029063,1995,05,11,
IDCJAC0016,029063,1995,05,12,
IDCJAC0016,029063,1995,05,13,19.1
IDCJAC0016,029063,1995,05,14,19.0
IDCJAC0016,029063,1995,05,15,19.3
IDCJAC0016,029063,1995,05,16,19.2
IDCJAC0016,029063,1995,05,17,19.3
IDCJAC0016,029063,1995,05,18,
IDCJAC0016,029063,1995,05,19,18.0
IDCJAC0016,029063,1995,05,20,
IDCJAC0016,029063,1995,05,21,
IDCJAC0016,029063,1995,05,22,
IDCJAC0016,029063,1995,05,23,
IDCJAC0016,029063,1995,05,24,18.7
IDCJAC0016,029063,1995,05,25,
IDCJAC0016,029063,1995,05,26,19.0
IDCJAC0016,029063,1995,05,27,19.0
IDCJAC0016,029063,1995,05,28,18.7
IDCJAC0016,029063,1995,05,29,18.7
IDCJAC0016,029063,1995,05,30,18.7
IDCJAC0016,029063,1995,05,31,17.6
IDCJAC0016,029063,1995,06,01,18.5
IDCJAC0016,029063,1995,06,02,18.0
IDCJAC0016,029063,1995,06,03,17.8
IDCJAC0016,029063,1995,06,04,15.9
IDCJAC0016,029063,1995,06,05,17.6
IDCJAC0016,029063,1995,06,06,17.0
IDCJAC0016,029063,1995,06,07,17.7
IDCJAC0016,029063,1995,06,08,17.8
IDCJAC0016,029063,1995,06,09,17.5
IDCJAC0016,029063,1995,06,10,18.2
IDCJAC0016,029063,1995,06,11,
IDCJAC0016,029063,1995,06,12,
IDCJAC0016,029063,1995,06,13,
IDCJAC0016,029063,1995,06,14,18.6
IDCJAC0016,029063,1995,06,15,16.5
IDCJAC0016,029063,1995,06,16,
IDCJAC0016,029063,1995,06,17,
IDCJAC0016,029063,1995,06,18,15.5
IDCJAC0016,029063,1995,06,19,19.1
IDCJAC0016,029063,1995,06,20,19.7
IDCJAC0016,029063,1995,06,21,18.5
IDCJAC0016,029063,1995,06,22,19.5
IDCJAC0016,029063,1995,06,23,19.5
IDCJAC0016,029063,1995,06,24,19.7
IDCJAC0016,029063,1995,06,25,13.6
IDCJAC0016,029063,1995,06,26,18.6
IDCJAC0016,029063,1995,06,27,
IDCJAC0016,029063,1995,06,28,
IDCJAC0016,029063,1995,06,29,18.1
IDCJAC0016,029063,1995,06,30,18.7
IDCJAC0016,029063,1995,07,01,19.1
IDCJAC0016,029063,1995,07,02,19.1
IDCJAC0016,029063,1995,07,03,15.4
IDCJAC0016,029063,1995,07,04,
IDCJAC0016,029063,1995,07,05,17.5
IDCJAC0016,029063,1995,07,06,18.5
IDCJAC0016,029063,1995,07,07,18.5
IDCJAC0016,029063,1995,07,08,19.1
IDCJAC0016,029063,1995,07,09,19.4
IDCJAC0016,029063,1995,07,10,19.2
IDCJAC0016,029063,1995,07,11,19.8
IDCJAC0016,029063,1995,07,12,
IDCJAC0016,029063,1995,07,13,
IDCJAC0016,029063,1995,07,14,
IDCJAC0016,029063,1995,07,15,18.2
IDCJAC0016,029063,1995,07,16,18.9
IDCJAC0016,029063,1995,07,17,
IDCJAC0016,029063,1995,07,18,
IDCJAC0016,029063,1995,07,19,19.0
IDCJAC0016,029063,1995,07,20,
IDCJAC0016,029063,1995,07,21,18.8
IDCJAC0016,029063,1995,07,22,19.7
IDCJAC0016,029063,1995,07,23,19.9
IDCJAC0016,029063,1995,07,24,
IDCJAC0016,029063,1995,07,25,20.5
IDCJAC0016,029063,1995,07,26,
IDCJAC0016,029063,1995,07,27,20.7
IDCJAC0016,029063,1995,07,28,
IDCJAC0016,029063,1995,07,29,21.0
IDCJAC0016,029063,1995,07,30,20.3
IDCJAC0016,029063,1995,07,31,19.9
IDCJAC0016,029063,1995,08,01,
IDCJAC0016,029063,1995,08,02,20.3
IDCJAC0016,029063,1995,08,03,
IDCJAC0016,029063,1995,08,04,17.0
IDCJAC0016,029063,1995,08,05,17.7
IDCJAC0016,029063,1995,08,06,8.6
IDCJAC0016,029063,1995,08,07,
IDCJAC0016,029063,1995,08,08,22.5
IDCJAC0016,029063,1995,08,09,
IDCJAC0016,029063,1995,08,10,22.4
IDCJAC0016,029063,1995,08,11,
IDCJAC0016,029063,1995,08,12,21.8
IDCJAC0016,029063,1995,08,13,22.5
IDCJAC0016,029063,1995,08,14,22.7
IDCJAC0016,029063,1995,08,15,
IDCJAC0016,029063,1995,08,16,22.9
IDCJAC0016,029063,1995,08,17,
IDCJAC0016,029063,1995,08,18,21.1
IDCJAC0016,029063,1995,08,19,22.2
IDCJAC0016,029063,1995,08,20,22.1
IDCJAC0016,029063,1995,08,21,
IDCJAC0016,029063,1995,08,22,22.1
IDCJAC0016,029063,1995,08,23,22.6
IDCJAC0016,029063,1995,08,24,21.2
IDCJAC0016,029063,1995,08,25,
IDCJAC0016,029063,1995,08,26,22.7
IDCJAC0016,029063,1995,08,27,22.6
IDCJAC0016,029063,1995,08,28,22.6
IDCJAC0016,029063,1995,08,29,
IDCJAC0016,029063,1995,08,30,23.6
IDCJAC0016,029063,1995,08,31,
IDCJAC0016,029063,1995,09,01,23.1
IDCJAC0016,029063,1995,09,02,22.0
IDCJAC0016,029063,1995,09,03,22.1
IDCJAC0016,029063,1995,09,04,
IDCJAC0016,029063,1995,09,05,21.3
IDCJAC0016,029063,1995,09,06,24.3
IDCJAC0016,029063,1995,09,07,24.9
IDCJAC0016,029063,1995,09,08,24.4
IDCJAC0016,029063,1995,09,09,24.1
IDCJAC0016,029063,1995,09,10,21.7
IDCJAC0016,029063,1995,09,11,
IDCJAC0016,029063,1995,09,12,24.5
IDCJAC0016,029063,1995,09,13,24.7
IDCJAC0016,029063,1995,09,14,24.8
IDCJAC0016,029063,1995,09,15,24.9
IDCJAC0016,029063,1995,09,16,24.8
IDCJAC0016,029063,1995,09,17,25.1
IDCJAC0016,029063,1995,09,18,24.7
IDCJAC0016,029063,1995,09,19,25.4
IDCJAC0016,029063,1995,09,20,25.2
IDCJAC0016,029063,1995,09,21,25.5
IDCJAC0016,029063,1995,09,22,23.8
IDCJAC0016,029063,1995,09,23,24.8
IDCJAC0016,029063,1995,09,24,23.9
IDCJAC0016,029063,1995,09,25,26.0
IDCJAC0016,029063,1995,09,26,26.6
IDCJAC0016,029063,1995,09,27,26.7
IDCJAC0016,029063,1995,09,28,24.7
IDCJAC0016,029063,1995,09,29,26.9
IDCJAC0016,029063,1995,09,30,26.1
IDCJAC0016,029063,1995,10,01,25.7
IDCJAC0016,029063,1995,10,02,25.8
IDCJAC0016,029063,1995,10,03,6.1
IDCJAC0016,029063,1995,10,04,
IDCJAC0016,029063,1995,10,05,27.0
IDCJAC0016,029063,1995,10,06,25.6
IDCJAC0016,029063,1995,10,07,25.3
IDCJAC0016,029063,1995,10,08,25.5
IDCJAC0016,029063,1995,10,09,27.2
IDCJAC0016,029063,1995,10,10,19.0
IDCJAC0016,029063,1995,10,11,24.3
IDCJAC0016,029063,1995,10,12,27.4
IDCJAC0016,029063,1995,10,13,27.4
IDCJAC0016,029063,1995,10,14,25.7
IDCJAC0016,029063,1995,10,15,27.9
IDCJAC0016,029063,1995,10,16,24.2
IDCJAC0016,029063,1995,10,17,26.0
IDCJAC0016,029063,1995,10,18,
IDCJAC0016,029063,1995,10,19,
IDCJAC0016,029063,1995,10,20,
IDCJAC0016,029063,1995,10,21,23.8
IDCJAC0016,029063,1995,10,22,27.5
IDCJAC0016,029063,1995,10,23,28.7
IDCJAC0016,029063,1995,10,24,28.0
IDCJAC0016,029063,1995,10,25,
IDCJAC0016,029063,1995,10,26,29.8
IDCJAC0016,029063,1995,10,27,29.9
IDCJAC0016,029063,1995,10,28,29.5
IDCJAC0016,029063,1995,10,29,24.8
IDCJAC0016,029063,1995,10,30,30.0
IDCJAC0016,029063,1995,10,31,30.0
IDCJAC0016,029063,1995,11,01,28.1
IDCJAC0016,029063,1995,11,02,27.1
IDCJAC0016,029063,1995,11,03,27.0
IDCJAC0016,029063,1995,11,04,27.0
IDCJAC0016,029063,1995,11,05,27.0
IDCJAC0016,029063,1995,11,06,27.4
IDCJAC0016,029063,1995,11,07,25.6
IDCJAC0016,029063,1995,11,08,27.7
IDCJAC0016,029063,1995,11,09,28.6
IDCJAC0016,029063,1995,11,10,28.8
IDCJAC0016,029063,1995,11,11,23.6
IDCJAC0016,029063,1995,11,12,26.9
IDCJAC0016,029063,1995,11,13,27.4
IDCJAC0016,029063,1995,11,14,22.5
IDCJAC0016,029063,1995,11,15,26.3
IDCJAC0016,029063,1995,11,16,15.3
IDCJAC0016,029063,1995,11,17,27.3
IDCJAC0016,029063,1995,11,18,20.4
IDCJAC0016,029063,1995,11,19,19.1
IDCJAC0016,029063,1995,11,20,22.5
IDCJAC0016,029063,1995,11,21,22.4
IDCJAC0016,029063,1995,11,22,28.5
IDCJAC0016,029063,1995,11,23,30.6
IDCJAC0016,029063,1995,11,24,31.3
IDCJAC0016,029063,1995,11,25,29.4
IDCJAC0016,029063,1995,11,26,28.1
IDCJAC0016,029063,1995,11,27,29.7
IDCJAC0016,029063,1995,11,28,29.8
IDCJAC0016,029063,1995,11,29,17.9
IDCJAC0016,029063,1995,11,30,11.8
IDCJAC0016,029063,1995,12,01,27.1
IDCJAC0016,029063,1995,12,02,28.5
IDCJAC0016,029063,1995,12,03,30.8
IDCJAC0016,029063,1995,12,04,28.9
IDCJAC0016,029063,1995,12,05,23.2
IDCJAC0016,029063,1995,12,06,20.9
IDCJAC0016,029063,1995,12,07,25.4
IDCJAC0016,029063,1995,12,08,28.1
IDCJAC0016,029063,1995,12,09,24.1
IDCJAC0016,029063,1995,12,10,29.2
IDCJAC0016,029063,1995,12,11,25.8
IDCJAC0016,029063,1995,12,12,24.7
IDCJAC0016,029063,1995,12,13,28.7
IDCJAC0016,029063,1995,12,14,25.5
IDCJAC0016,029063,1995,12,15,25.0
IDCJAC0016,029063,1995,12,16,21.0
IDCJAC0016,029063,1995,12,17,18.7
IDCJAC0016,029063,1995,12,18,29.3
IDCJAC0016,029063,1995,12,19,25.2
IDCJAC0016,029063,1995,12,20,20.7
IDCJAC0016,029063,1995,12,21,17.1
IDCJAC0016,029063,1995,12,22,28.0
IDCJAC0016,029063,1995,12,23,11.7
IDCJAC0016,029063,1995,12,24,24.5
IDCJAC0016,029063,1995,12,25,31.4
IDCJAC0016,029063,1995,12,26,23.2
IDCJAC0016,029063,1995,12,27,29.4
IDCJAC0016,029063,1995,12,28,30.0
IDCJAC0016,029063,1995,12,29,27.8
IDCJAC0016,029063,1995,12,30,14.3
IDCJAC0016,029063,1995,12,31,17.0
IDCJAC0016,029063,1996,01,01,15.5
IDCJAC0016,029063,1996,01,02,13.7
IDCJAC0016,029063,1996,01,03,13.0
IDCJAC0016,029063,1996,01,04,17.4
IDCJAC0016,029063,1996,01,05,15.4
IDCJAC0016,029063,1996,01,06,1.6
IDCJAC0016,029063,1996,01,07,11.5
IDCJAC0016,029063,1996,01,08,30.0
IDCJAC0016,029063,1996,01,09,25.2
IDCJAC0016,029063,1996,01,10,30.1
IDCJAC0016,029063,1996,01,11,30.1
IDCJAC0016,029063,1996,01,12,30.8
IDCJAC0016,029063,1996,01,13,30.8
IDCJAC0016,029063,1996,01,14,25.3
IDCJAC0016,029063,1996,01,15,13.0
IDCJAC0016,029063,1996,01,16,30.1
IDCJAC0016,029063,1996,01,17,28.2
IDCJAC0016,029063,1996,01,18,18.0
IDCJAC0016,029063,1996,01,19,16.1
IDCJAC0016,029063,1996,01,20,17.1
IDCJAC0016,029063,1996,01,21,15.7
IDCJAC0016,029063,1996,01,22,9.0
IDCJAC0016,029063,1996,01,23,17.2
IDCJAC0016,029063,1996,01,24,25.6
IDCJAC0016,029063,1996,01,25,29.4
IDCJAC0016,029063,1996,01,26,25.8
IDCJAC0016,029063,1996,01,27,24.5
IDCJAC0016,029063,1996,01,28,26.2
IDCJAC0016,029063,1996,01,29,24.6
IDCJAC0016,029063,1996,01,30,29.1
IDCJAC0016,029063,1996,01,31,26.2
IDCJAC0016,029063,1996,02,01,28.6
IDCJAC0016,029063,1996,02,02,30.6
IDCJAC0016,029063,1996,02,03,21.3
IDCJAC0016,029063,1996,02,04,28.6
IDCJAC0016,029063,1996,02,05,10.7
IDCJAC0016,029063,1996,02,06,19.8
IDCJAC0016,029063,1996,02,07,28.9
IDCJAC0016,029063,1996,02,08,22.3
IDCJAC0016,029063,1996,02,09,22.6
IDCJAC0016,029063,1996,02,10,26.2
IDCJAC0016,029063,1996,02,11,22.5
IDCJAC0016,029063,1996,02,12,20.6
IDCJAC0016,029063,1996,02,13,21.8
IDCJAC0016,029063,1996,02,14,30.7
IDCJAC0016,029063,1996,02,15,29.8
IDCJAC0016,029063,1996,02,16,29.2
IDCJAC0016,029063,1996,02,17,28.8
IDCJAC0016,029063,1996,02,18,17.9
IDCJAC0016,029063,1996,02,19,27.5
IDCJAC0016,029063,1996,02,20,28.3
IDCJAC0016,029063,1996,02,21,28.6
IDCJAC0016,029063,1996,02,22,29.0
IDCJAC0016,029063,1996,02,23,29.2
IDCJAC0016,029063,1996,02,24,28.0
IDCJAC0016,029063,1996,02,25,27.0
IDCJAC0016,029063,1996,02,26,28.5
IDCJAC0016,029063,1996,02,27,27.9
IDCJAC0016,029063,1996,02,28,12.9
IDCJAC0016,029063,1996,02,29,
IDCJAC0016,029063,1996,03,01,6.2
IDCJAC0016,029063,1996,03,02,1.9
IDCJAC0016,029063,1996,03,03,20.6
IDCJAC0016,029063,1996,03,04,
IDCJAC0016,029063,1996,03,05,
IDCJAC0016,029063,1996,03,06,20.8
IDCJAC0016,029063,1996,03,07,17.1
IDCJAC0016,029063,1996,03,08,22.4
IDCJAC0016,029063,1996,03,09,25.9
IDCJAC0016,029063,1996,03,10,27.7
IDCJAC0016,029063,1996,03,11,27.2
IDCJAC0016,029063,1996,03,12,
IDCJAC0016,029063,1996,03,13,
IDCJAC0016,029063,1996,03,14,
IDCJAC0016,029063,1996,03,15,
IDCJAC0016,029063,1996,03,16,23.5
IDCJAC0016,029063,1996,03,17,15.5
IDCJAC0016,029063,1996,03,18,18.2
IDCJAC0016,029063,1996,03,19,26.7
IDCJAC0016,029063,1996,03,20,24.2
IDCJAC0016,029063,1996,03,21,25.5
IDCJAC0016,029063,1996,03,22,21.8
IDCJAC0016,029063,1996,03,23,26.5
IDCJAC0016,029063,1996,03,24,25.9
IDCJAC0016,029063,1996,03,25,26.2
IDCJAC0016,029063,1996,03,26,25.9
IDCJAC0016,029063,1996,03,27,24.9
IDCJAC0016,029063,1996,03,28,25.4
IDCJAC0016,029063,1996,03,29,25.6
IDCJAC0016,029063,1996,03,30,24.7
IDCJAC0016,029063,1996,03,31,25.1
IDCJAC0016,029063,1996,04,01,25.7
IDCJAC0016,029063,1996,04,02,25.4
IDCJAC0016,029063,1996,04,03,21.7
IDCJAC0016,029063,1996,04,04,23.5
IDCJAC0016,029063,1996,04,05,14.6
IDCJAC0016,029063,1996,04,06,16.4
IDCJAC0016,029063,1996,04,07,20.4
IDCJAC0016,029063,1996,04,08,23.5
IDCJAC0016,029063,1996,04,09,14.4
IDCJAC0016,029063,1996,04,10,17.2
IDCJAC0016,029063,1996,04,11,16.6
IDCJAC0016,029063,1996,04,12,18.4
IDCJAC0016,029063,1996,04,13,19.4
IDCJAC0016,029063,1996,04,14,21.2
IDCJAC0016,029063,1996,04,15,24.0
IDCJAC0016,029063,1996,04,16,24.3
IDCJAC0016,029063,1996,04,17,24.3
IDCJAC0016,029063,1996,04,18,23.6
IDCJAC0016,029063,1996,04,19,22.8
IDCJAC0016,029063,1996,04,20,22.2
IDCJAC0016,029063,1996,04,21,21.1
IDCJAC0016,029063,1996,04,22,22.3
IDCJAC0016,029063,1996,04,23,21.5
IDCJAC0016,029063,1996,04,24,21.1
IDCJAC0016,029063,1996,04,25,20.6
IDCJAC0016,029063,1996,04,26,17.7
IDCJAC0016,029063,1996,04,27,
IDCJAC0016,029063,1996,04,28,
IDCJAC0016,029063,1996,04,29,20.5
IDCJAC0016,029063,1996,04,30,21.7
IDCJAC0016,029063,1996,05,01,22.7
IDCJAC0016,029063,1996,05,02,21.8
IDCJAC0016,029063,1996,05,03,21.6
IDCJAC0016,029063,1996,05,04,21.3
IDCJAC0016,029063,1996,05,05,18.9
IDCJAC0016,029063,1996,05,06,20.8
IDCJAC0016,029063,1996,05,07,18.1
IDCJAC0016,029063,1996,05,08,19.3
IDCJAC0016,029063,1996,05,09,17.9
IDCJAC0016,029063,1996,05,10,7.8
IDCJAC0016,029063,1996,05,11,17.3
IDCJAC0016,029063,1996,05,12,20.0
IDCJAC0016,029063,1996,05,13,20.0
IDCJAC0016,029063,1996,05,14,20.3
IDCJAC0016,029063,1996,05,15,19.9
IDCJAC0016,029063,1996,05,16,20.5
IDCJAC0016,029063,1996,05,17,20.8
IDCJAC0016,029063,1996,05,18,20.4
IDCJAC0016,029063,1996,05,19,19.4
IDCJAC0016,029063,1996,05,20,19.4
IDCJAC0016,029063,1996,05,21,19.0
IDCJAC0016,029063,1996,05,22,12.4
IDCJAC0016,029063,1996,05,23,11.4
IDCJAC0016,029063,1996,05,24,10.6
IDCJAC0016,029063,1996,05,25,16.7
IDCJAC0016,029063,1996,05,26,7.3
IDCJAC0016,029063,1996,05,27,17.8
IDCJAC0016,029063,1996,05,28,17.6
IDCJAC0016,029063,1996,05,29,18.7
IDCJAC0016,029063,1996,05,30,18.4
IDCJAC0016,029063,1996,05,31,17.8
IDCJAC0016,029063,1996,06,01,18.5
IDCJAC0016,029063,1996,06,02,18.0
IDCJAC0016,029063,1996,06,03,17.7
IDCJAC0016,029063,1996,06,04,17.8
IDCJAC0016,029063,1996,06,05,17.2
IDCJAC0016,029063,1996,06,06,17.7
IDCJAC0016,029063,1996,06,07,18.3
IDCJAC0016,029063,1996,06,08,17.0
IDCJAC0016,029063,1996,06,09,16.7
IDCJAC0016,029063,1996,06,10,17.3
IDCJAC0016,029063,1996,06,11,17.9
IDCJAC0016,029063,1996,06,12,17.6
IDCJAC0016,029063,1996,06,13,17.1
IDCJAC0016,029063,1996,06,14,17.8
IDCJAC0016,029063,1996,06,15,17.8
IDCJAC0016,029063,1996,06,16,17.6
IDCJAC0016,029063,1996,06,17,17.4
IDCJAC0016,029063,1996,06,18,17.6
IDCJAC0016,029063,1996,06,19,17.5
IDCJAC0016,029063,1996,06,20,17.6
IDCJAC0016,029063,1996,06,21,17.5
IDCJAC0016,029063,1996,06,22,16.3
IDCJAC0016,029063,1996,06,23,13.5
IDCJAC0016,029063,1996,06,24,17.4
IDCJAC0016,029063,1996,06,25,17.7
IDCJAC0016,029063,1996,06,26,17.5
IDCJAC0016,029063,1996,06,27,17.3
IDCJAC0016,029063,1996,06,28,17.4
IDCJAC0016,029063,1996,06,29,17.7
IDCJAC0016,029063,1996,06,30,17.7
IDCJAC0016,029063,1996,07,01,19.2
IDCJAC0016,029063,1996,07,02,18.3
IDCJAC0016,029063,1996,07,03,18.5
IDCJAC0016,029063,1996,07,04,18.3
IDCJAC0016,029063,1996,07,05,17.4
IDCJAC0016,029063,1996,07,06,18.1
IDCJAC0016,029063,1996,07,07,17.8
IDCJAC0016,029063,1996,07,08,18.7
IDCJAC0016,029063,1996,07,09,19.2
IDCJAC0016,029063,1996,07,10,19.2
IDCJAC0016,029063,1996,07,11,19.5
IDCJAC0016,029063,1996,07,12,19.8
IDCJAC0016,029063,1996,07,13,19.4
IDCJAC0016,029063,1996,07,14,19.2
IDCJAC0016,029063,1996,07,15,19.4
IDCJAC0016,029063,1996,07,16,19.2
IDCJAC0016,029063,1996,07,17,19.3
IDCJAC0016,029063,1996,07,18,18.2
IDCJAC0016,029063,1996,07,19,19.9
IDCJAC0016,029063,1996,07,20,19.6
IDCJAC0016,029063,1996,07,21,21.0
IDCJAC0016,029063,1996,07,22,20.5
IDCJAC0016,029063,1996,07,23,20.1
IDCJAC0016,029063,1996,07,24,20.3
IDCJAC0016,029063,1996,07,25,
IDCJAC0016,029063,1996,07,26,8.5
IDCJAC0016,029063,1996,07,27,21.9
IDCJAC0016,029063,1996,07,28,21.9
IDCJAC0016,029063,1996,07,29,22.2
IDCJAC0016,029063,1996,07,30,21.8
IDCJAC0016,029063,1996,07,31,21.6
IDCJAC0016,029063,1996,08,01,21.5
IDCJAC0016,029063,1996,08,02,21.0
IDCJAC0016,029063,1996,08,03,19.4
IDCJAC0016,029063,1996,08,04,20.5
IDCJAC0016,029063,1996,08,05,21.3
IDCJAC0016,029063,1996,08,06,21.1
IDCJAC0016,029063,1996,08,07,19.7
IDCJAC0016,029063,1996,08,08,16.2
IDCJAC0016,029063,1996,08,09,7.5
IDCJAC0016,029063,1996,08,10,22.3
IDCJAC0016,029063,1996,08,11,22.9
IDCJAC0016,029063,1996,08,12,21.8
IDCJAC0016,029063,1996,08,13,20.5
IDCJAC0016,029063,1996,08,14,16.8
IDCJAC0016,029063,1996,08,15,21.3
IDCJAC0016,029063,1996,08,16,22.1
IDCJAC0016,029063,1996,08,17,22.3
IDCJAC0016,029063,1996,08,18,22.2
IDCJAC0016,029063,1996,08,19,22.6
IDCJAC0016,029063,1996,08,20,23.8
IDCJAC0016,029063,1996,08,21,23.6
IDCJAC0016,029063,1996,08,22,22.7
IDCJAC0016,029063,1996,08,23,22.8
IDCJAC0016,029063,1996,08,24,23.3
IDCJAC0016,029063,1996,08,25,23.2
IDCJAC0016,029063,1996,08,26,23.0
IDCJAC0016,029063,1996,08,27,23.2
IDCJAC0016,029063,1996,08,28,23.7
IDCJAC0016,029063,1996,08,29,23.4
IDCJAC0016,029063,1996,08,30,22.1
IDCJAC0016,029063,1996,08,31,25.8
IDCJAC0016,029063,1996,09,01,25.3
IDCJAC0016,029063,1996,09,02,23.9
IDCJAC0016,029063,1996,09,03,23.8
IDCJAC0016,029063,1996,09,04,24.2
IDCJAC0016,029063,1996,09,05,25.8
IDCJAC0016,029063,1996,09,06,25.9
IDCJAC0016,029063,1996,09,07,25.4
IDCJAC0016,029063,1996,09,08,25.9
IDCJAC0016,029063,1996,09,09,25.1
IDCJAC0016,029063,1996,09,10,25.8
IDCJAC0016,029063,1996,09,11,26.7
IDCJAC0016,029063,1996,09,12,26.1
IDCJAC0016,029063,1996,09,13,26.4
IDCJAC0016,029063,1996,09,14,26.3
IDCJAC0016,029063,1996,09,15,25.9
IDCJAC0016,029063,1996,09,16,25.9
IDCJAC0016,029063,1996,09,17,25.6
IDCJAC0016,029063,1996,09,18,25.8
IDCJAC0016,029063,1996,09,19,25.0
IDCJAC0016,029063,1996,09,20,17.7
IDCJAC0016,029063,1996,09,21,26.9
IDCJAC0016,029063,1996,09,22,27.3
IDCJAC0016,029063,1996,09,23,27.8
IDCJAC0016,029063,1996,09,24,27.7
IDCJAC0016,029063,1996,09,25,26.3
IDCJAC0016,029063,1996,09,26,27.8
IDCJAC0016,029063,1996,09,27,27.1
IDCJAC0016,029063,1996,09,28,20.4
IDCJAC0016,029063,1996,09,29,26.8
IDCJAC0016,029063,1996,09,30,25.5
IDCJAC0016,029063,1996,10,01,27.7
IDCJAC0016,029063,1996,10,02,26.2
IDCJAC0016,029063,1996,10,03,23.5
IDCJAC0016,029063,1996,10,04,27.6
IDCJAC0016,029063,1996,10,05,27.0
IDCJAC0016,029063,1996,10,06,26.8
IDCJAC0016,029063,1996,10,07,26.0
IDCJAC0016,029063,1996,10,08,17.5
IDCJAC0016,029063,1996,10,09,
IDCJAC0016,029063,1996,10,10,8.5
IDCJAC0016,029063,1996,10,11,11.0
IDCJAC0016,029063,1996,10,12,17.6
IDCJAC0016,029063,1996,10,13,23.7
IDCJAC0016,029063,1996,10,14,28.5
IDCJAC0016,029063,1996,10,15,27.1
IDCJAC0016,029063,1996,10,16,28.8
IDCJAC0016,029063,1996,10,17,28.7
IDCJAC0016,029063,1996,10,18,28.7
IDCJAC0016,029063,1996,10,19,23.3
IDCJAC0016,029063,1996,10,20,17.8
IDCJAC0016,029063,1996,10,21,
IDCJAC0016,029063,1996,10,22,28.9
IDCJAC0016,029063,1996,10,23,
IDCJAC0016,029063,1996,10,24,
IDCJAC0016,029063,1996,10,25,30.5
IDCJAC0016,029063,1996,10,26,30.4
IDCJAC0016,029063,1996,10,27,27.5
IDCJAC0016,029063,1996,10,28,30.1
IDCJAC0016,029063,1996,10,29,28.3
IDCJAC0016,029063,1996,10,30,
IDCJAC0016,029063,1996,10,31,30.0
IDCJAC0016,029063,1996,11,01,29.4
IDCJAC0016,029063,1996,11,02,27.8
IDCJAC0016,029063,1996,11,03,27.5
IDCJAC0016,029063,1996,11,04,24.4
IDCJAC0016,029063,1996,11,05,24.9
IDCJAC0016,029063,1996,11,06,29.2
IDCJAC0016,029063,1996,11,07,29.4
IDCJAC0016,029063,1996,11,08,30.1
IDCJAC0016,029063,1996,11,09,31.1
IDCJAC0016,029063,1996,11,10,30.0
IDCJAC0016,029063,1996,11,11,30.3
IDCJAC0016,029063,1996,11,12,30.2
IDCJAC0016,029063,1996,11,13,31.0
IDCJAC0016,029063,1996,11,14,29.2
IDCJAC0016,029063,1996,11,15,29.6
IDCJAC0016,029063,1996,11,16,27.9
IDCJAC0016,029063,1996,11,17,28.2
IDCJAC0016,029063,1996,11,18,3.1
IDCJAC0016,029063,1996,11,19,20.1
IDCJAC0016,029063,1996,11,20,23.1
IDCJAC0016,029063,1996,11,21,27.2
IDCJAC0016,029063,1996,11,22,23.3
IDCJAC0016,029063,1996,11,23,31.3
IDCJAC0016,029063,1996,11,24,28.3
IDCJAC0016,029063,1996,11,25,26.4
IDCJAC0016,029063,1996,11,26,27.0
IDCJAC0016,029063,1996,11,27,28.2
IDCJAC0016,029063,1996,11,28,29.6
IDCJAC0016,029063,1996,11,29,28.8
IDCJAC0016,029063,1996,11,30,28.8
IDCJAC0016,029063,1996,12,01,29.0
IDCJAC0016,029063,1996,12,02,29.6
IDCJAC0016,029063,1996,12,03,18.8
IDCJAC0016,029063,1996,12,04,25.0
IDCJAC0016,029063,1996,12,05,27.9
IDCJAC0016,029063,1996,12,06,28.8
IDCJAC0016,029063,1996,12,07,3.8
IDCJAC0016,029063,1996,12,08,24.0
IDCJAC0016,029063,1996,12,09,25.8
IDCJAC0016,029063,1996,12,10,28.7
IDCJAC0016,029063,1996,12,11,21.7
IDCJAC0016,029063,1996,12,12,27.0
IDCJAC0016,029063,1996,12,13,23.4
IDCJAC0016,029063,1996,12,14,15.1
IDCJAC0016,029063,1996,12,15,
IDCJAC0016,029063,1996,12,16,4.2
IDCJAC0016,029063,1996,12,17,26.6
IDCJAC0016,029063,1996,12,18,20.6
IDCJAC0016,029063,1996,12,19,20.4
IDCJAC0016,029063,1996,12,20,27.9
IDCJAC0016,029063,1996,12,21,28.5
IDCJAC0016,029063,1996,12,22,30.7
IDCJAC0016,029063,1996,12,23,26.9
IDCJAC0016,029063,1996,12,24,25.9
IDCJAC0016,029063,1996,12,25,27.6
IDCJAC0016,029063,1996,12,26,19.4
IDCJAC0016,029063,1996,12,27,28.8
IDCJAC0016,029063,1996,12,28,27.3
IDCJAC0016,029063,1996,12,29,26.9
IDCJAC0016,029063,1996,12,30,16.0
IDCJAC0016,029063,1996,12,31,8.2
IDCJAC0016,029063,1997,01,01,
IDCJAC0016,029063,1997,01,02,21.1
IDCJAC0016,029063,1997,01,03,22.7
IDCJAC0016,029063,1997,01,04,24.3
IDCJAC0016,029063,1997,01,05,14.6
IDCJAC0016,029063,1997,01,06,22.2
IDCJAC0016,029063,1997,01,07,23.7
IDCJAC0016,029063,1997,01,08,23.9
IDCJAC0016,029063,1997,01,09,
IDCJAC0016,029063,1997,01,10,20.7
IDCJAC0016,029063,1997,01,11,21.0
IDCJAC0016,029063,1997,01,12,26.5
IDCJAC0016,029063,1997,01,13,20.2
IDCJAC0016,029063,1997,01,14,24.6
IDCJAC0016,029063,1997,01,15,26.5
IDCJAC0016,029063,1997,01,16,28.0
IDCJAC0016,029063,1997,01,17,28.3
IDCJAC0016,029063,1997,01,18,10.8
IDCJAC0016,029063,1997,01,19,25.2
IDCJAC0016,029063,1997,01,20,25.0
IDCJAC0016,029063,1997,01,21,27.5
IDCJAC0016,029063,1997,01,22,27.8
IDCJAC0016,029063,1997,01,23,27.8
IDCJAC0016,029063,1997,01,24,17.0
IDCJAC0016,029063,1997,01,25,20.5
IDCJAC0016,029063,1997,01,26,26.2
IDCJAC0016,029063,1997,01,27,8.0
IDCJAC0016,029063,1997,01,28,3.7
IDCJAC0016,029063,1997,01,29,5.4
IDCJAC0016,029063,1997,01,30,3.0
IDCJAC0016,029063,1997,01,31,28.7
IDCJAC0016,029063,1997,02,01,30.0
IDCJAC0016,029063,1997,02,02,15.2
IDCJAC0016,029063,1997,02,03,21.4
IDCJAC0016,029063,1997,02,04,24.3
IDCJAC0016,029063,1997,02,05,15.2
IDCJAC0016,029063,1997,02,06,26.5
IDCJAC0016,029063,1997,02,07,29.6
IDCJAC0016,029063,1997,02,08,28.4
IDCJAC0016,029063,1997,02,09,26.1
IDCJAC0016,029063,1997,02,10,24.4
IDCJAC0016,029063,1997,02,11,25.3
IDCJAC0016,029063,1997,02,12,
IDCJAC0016,029063,1997,02,13,18.2
IDCJAC0016,029063,1997,02,14,18.7
IDCJAC0016,029063,1997,02,15,15.0
IDCJAC0016,029063,1997,02,16,19.8
IDCJAC0016,029063,1997,02,17,10.5
IDCJAC0016,029063,1997,02,18,27.4
IDCJAC0016,029063,1997,02,19,21.4
IDCJAC0016,029063,1997,02,20,27.1
IDCJAC0016,029063,1997,02,21,29.1
IDCJAC0016,029063,1997,02,22,27.8
IDCJAC0016,029063,1997,02,23,28.3
IDCJAC0016,029063,1997,02,24,23.5
IDCJAC0016,029063,1997,02,25,28.4
IDCJAC0016,029063,1997,02,26,11.0
IDCJAC0016,029063,1997,02,27,3.4
IDCJAC0016,029063,1997,02,28,
IDCJAC0016,029063,1997,03,01,24.4
IDCJAC0016,029063,1997,03,02,15.9
IDCJAC0016,029063,1997,03,03,7.0
IDCJAC0016,029063,1997,03,04,17.1
IDCJAC0016,029063,1997,03,05,19.9
IDCJAC0016,029063,1997,03,06,19.7
IDCJAC0016,029063,1997,03,07,23.2
IDCJAC0016,029063,1997,03,08,26.3
IDCJAC0016,029063,1997,03,09,26.2
IDCJAC0016,029063,1997,03,10,23.9
IDCJAC0016,029063,1997,03,11,28.4
IDCJAC0016,029063,1997,03,12,28.7
IDCJAC0016,029063,1997,03,13,28.6
IDCJAC0016,029063,1997,03,14,28.9
IDCJAC0016,029063,1997,03,15,26.4
IDCJAC0016,029063,1997,03,16,28.1
IDCJAC0016,029063,1997,03,17,28.6
IDCJAC0016,029063,1997,03,18,28.0
IDCJAC0016,029063,1997,03,19,25.5
IDCJAC0016,029063,1997,03,20,23.8
IDCJAC0016,029063,1997,03,21,27.1
IDCJAC0016,029063,1997,03,22,25.9
IDCJAC0016,029063,1997,03,23,24.1
IDCJAC0016,029063,1997,03,24,26.5
IDCJAC0016,029063,1997,03,25,27.2
IDCJAC0016,029063,1997,03,26,26.3
IDCJAC0016,029063,1997,03,27,22.9
IDCJAC0016,029063,1997,03,28,22.5
IDCJAC0016,029063,1997,03,29,24.9
IDCJAC0016,029063,1997,03,30,26.3
IDCJAC0016,029063,1997,03,31,25.9
IDCJAC0016,029063,1997,04,01,26.3
IDCJAC0016,029063,1997,04,02,26.0
IDCJAC0016,029063,1997,04,03,22.6
IDCJAC0016,029063,1997,04,04,25.7
IDCJAC0016,029063,1997,04,05,25.5
IDCJAC0016,029063,1997,04,06,25.6
IDCJAC0016,029063,1997,04,07,26.2
IDCJAC0016,029063,1997,04,08,25.9
IDCJAC0016,029063,1997,04,09,24.1
IDCJAC0016,029063,1997,04,10,22.8
IDCJAC0016,029063,1997,04,11,22.1
IDCJAC0016,029063,1997,04,12,23.8
IDCJAC0016,029063,1997,04,13,23.2
IDCJAC0016,029063,1997,04,14,21.5
IDCJAC0016,029063,1997,04,15,23.4
IDCJAC0016,029063,1997,04,16,22.6
IDCJAC0016,029063,1997,04,17,23.1
IDCJAC0016,029063,1997,04,18,24.2
IDCJAC0016,029063,1997,04,19,23.8
IDCJAC0016,029063,1997,04,20,23.0
IDCJAC0016,029063,1997,04,21,22.8
IDCJAC0016,029063,1997,04,22,22.5
IDCJAC0016,029063,1997,04,23,22.7
IDCJAC0016,029063,1997,04,24,21.6
IDCJAC0016,029063,1997,04,25,21.6
IDCJAC0016,029063,1997,04,26,21.7
IDCJAC0016,029063,1997,04,27,21.4
IDCJAC0016,029063,1997,04,28,21.5
IDCJAC0016,029063,1997,04,29,21.9
IDCJAC0016,029063,1997,04,30,21.1
IDCJAC0016,029063,1997,05,01,20.8
IDCJAC0016,029063,1997,05,02,20.6
IDCJAC0016,029063,1997,05,03,21.0
IDCJAC0016,029063,1997,05,04,20.3
IDCJAC0016,029063,1997,05,05,20.1
IDCJAC0016,029063,1997,05,06,20.2
IDCJAC0016,029063,1997,05,07,19.2
IDCJAC0016,029063,1997,05,08,19.1
IDCJAC0016,029063,1997,05,09,19.5
IDCJAC0016,029063,1997,05,10,20.1
IDCJAC0016,029063,1997,05,11,20.5
IDCJAC0016,029063,1997,05,12,20.2
IDCJAC0016,029063,1997,05,13,19.0
IDCJAC0016,029063,1997,05,14,17.0
IDCJAC0016,029063,1997,05,15,1.2
IDCJAC0016,029063,1997,05,16,
IDCJAC0016,029063,1997,05,17,18.6
IDCJAC0016,029063,1997,05,18,20.6
IDCJAC0016,029063,1997,05,19,20.3
IDCJAC0016,029063,1997,05,20,
IDCJAC0016,029063,1997,05,21,19.8
IDCJAC0016,029063,1997,05,22,18.9
IDCJAC0016,029063,1997,05,23,19.1
IDCJAC0016,029063,1997,05,24,20.1
IDCJAC0016,029063,1997,05,25,19.9
IDCJAC0016,029063,1997,05,26,19.4
IDCJAC0016,029063,1997,05,27,18.7
IDCJAC0016,029063,1997,05,28,
IDCJAC0016,029063,1997,05,29,17.6
IDCJAC0016,029063,1997,05,30,
IDCJAC0016,029063,1997,05,31,18.7
IDCJAC0016,029063,1997,06,01,19.2
IDCJAC0016,029063,1997,06,02,19.1
IDCJAC0016,029063,1997,06,03,18.7
IDCJAC0016,029063,1997,06,04,18.9
IDCJAC0016,029063,1997,06,05,18.3
IDCJAC0016,029063,1997,06,06,15.7
IDCJAC0016,029063,1997,06,07,17.5
IDCJAC0016,029063,1997,06,08,18.6
IDCJAC0016,029063,1997,06,09,19.0
IDCJAC0016,029063,1997,06,10,18.8
IDCJAC0016,029063,1997,06,11,18.3
IDCJAC0016,029063,1997,06,12,18.5
IDCJAC0016,029063,1997,06,13,17.6
IDCJAC0016,029063,1997,06,14,17.9
IDCJAC0016,029063,1997,06,15,19.2
IDCJAC0016,029063,1997,06,16,19.3
IDCJAC0016,029063,1997,06,17,19.2
IDCJAC0016,029063,1997,06,18,18.7
IDCJAC0016,029063,1997,06,19,17.7
IDCJAC0016,029063,1997,06,20,
IDCJAC0016,029063,1997,06,21,18.1
IDCJAC0016,029063,1997,06,22,18.4
IDCJAC0016,029063,1997,06,23,15.7
IDCJAC0016,029063,1997,06,24,17.6
IDCJAC0016,029063,1997,06,25,17.6
IDCJAC0016,029063,1997,06,26,
IDCJAC0016,029063,1997,06,27,18.2
IDCJAC0016,029063,1997,06,28,18.6
IDCJAC0016,029063,1997,06,29,18.8
IDCJAC0016,029063,1997,06,30,18.1
IDCJAC0016,029063,1997,07,01,18.5
IDCJAC0016,029063,1997,07,02,18.9
IDCJAC0016,029063,1997,07,03,18.8
IDCJAC0016,029063,1997,07,04,17.6
IDCJAC0016,029063,1997,07,05,15.0
IDCJAC0016,029063,1997,07,06,19.3
IDCJAC0016,029063,1997,07,07,19.2
IDCJAC0016,029063,1997,07,08,19.3
IDCJAC0016,029063,1997,07,09,19.3
IDCJAC0016,029063,1997,07,10,18.4
IDCJAC0016,029063,1997,07,11,17.9
IDCJAC0016,029063,1997,07,12,10.6
IDCJAC0016,029063,1997,07,13,18.4
IDCJAC0016,029063,1997,07,14,18.4
IDCJAC0016,029063,1997,07,15,18.1
IDCJAC0016,029063,1997,07,16,18.6
IDCJAC0016,029063,1997,07,17,19.5
IDCJAC0016,029063,1997,07,18,21.1
IDCJAC0016,029063,1997,07,19,20.6
IDCJAC0016,029063,1997,07,20,18.9
IDCJAC0016,029063,1997,07,21,19.7
IDCJAC0016,029063,1997,07,22,20.0
IDCJAC0016,029063,1997,07,23,
IDCJAC0016,029063,1997,07,24,19.0
IDCJAC0016,029063,1997,07,25,18.7
IDCJAC0016,029063,1997,07,26,18.7
IDCJAC0016,029063,1997,07,27,19.5
IDCJAC0016,029063,1997,07,28,19.0
IDCJAC0016,029063,1997,07,29,19.0
IDCJAC0016,029063,1997,07,30,19.5
IDCJAC0016,029063,1997,07,31,20.2
IDCJAC0016,029063,1997,08,01,20.2
IDCJAC0016,029063,1997,08,02,18.6
IDCJAC0016,029063,1997,08,03,18.3
IDCJAC0016,029063,1997,08,04,20.5
IDCJAC0016,029063,1997,08,05,20.6
IDCJAC0016,029063,1997,08,06,19.5
IDCJAC0016,029063,1997,08,07,20.5
IDCJAC0016,029063,1997,08,08,20.0
IDCJAC0016,029063,1997,08,09,20.3
IDCJAC0016,029063,1997,08,10,21.4
IDCJAC0016,029063,1997,08,11,22.3
IDCJAC0016,029063,1997,08,12,
IDCJAC0016,029063,1997,08,13,20.4
IDCJAC0016,029063,1997,08,14,20.4
IDCJAC0016,029063,1997,08,15,21.3
IDCJAC0016,029063,1997,08,16,19.7
IDCJAC0016,029063,1997,08,17,15.4
IDCJAC0016,029063,1997,08,18,19.4
IDCJAC0016,029063,1997,08,19,22.1
IDCJAC0016,029063,1997,08,20,
IDCJAC0016,029063,1997,08,21,23.2
IDCJAC0016,029063,1997,08,22,20.8
IDCJAC0016,029063,1997,08,23,21.6
IDCJAC0016,029063,1997,08,24,22.4
IDCJAC0016,029063,1997,08,25,22.9
IDCJAC0016,029063,1997,08,26,22.8
IDCJAC0016,029063,1997,08,27,23.6
IDCJAC0016,029063,1997,08,28,23.6
IDCJAC0016,029063,1997,08,29,23.8
IDCJAC0016,029063,1997,08,30,24.0
IDCJAC0016,029063,1997,08,31,21.2
IDCJAC0016,029063,1997,09,01,21.0
IDCJAC0016,029063,1997,09,02,22.0
IDCJAC0016,029063,1997,09,03,21.1
IDCJAC0016,029063,1997,09,04,22.4
IDCJAC0016,029063,1997,09,05,23.2
IDCJAC0016,029063,1997,09,06,24.6
IDCJAC0016,029063,1997,09,07,24.7
IDCJAC0016,029063,1997,09,08,24.2
IDCJAC0016,029063,1997,09,09,23.8
IDCJAC0016,029063,1997,09,10,25.1
IDCJAC0016,029063,1997,09,11,24.8
IDCJAC0016,029063,1997,09,12,24.7
IDCJAC0016,029063,1997,09,13,24.6
IDCJAC0016,029063,1997,09,14,24.9
IDCJAC0016,029063,1997,09,15,24.8
IDCJAC0016,029063,1997,09,16,25.0
IDCJAC0016,029063,1997,09,17,25.4
IDCJAC0016,029063,1997,09,18,25.4
IDCJAC0016,029063,1997,09,19,25.6
IDCJAC0016,029063,1997,09,20,25.6
IDCJAC0016,029063,1997,09,21,25.3
IDCJAC0016,029063,1997,09,22,25.5
IDCJAC0016,029063,1997,09,23,25.9
IDCJAC0016,029063,1997,09,24,25.6
IDCJAC0016,029063,1997,09,25,24.9
IDCJAC0016,029063,1997,09,26,26.3
IDCJAC0016,029063,1997,09,27,26.4
IDCJAC0016,029063,1997,09,28,26.0
IDCJAC0016,029063,1997,09,29,26.3
IDCJAC0016,029063,1997,09,30,26.2
IDCJAC0016,029063,1997,10,01,25.6
IDCJAC0016,029063,1997,10,02,25.9
IDCJAC0016,029063,1997,10,03,25.4
IDCJAC0016,029063,1997,10,04,26.4
IDCJAC0016,029063,1997,10,05,23.0
IDCJAC0016,029063,1997,10,06,14.7
IDCJAC0016,029063,1997,10,07,20.7
IDCJAC0016,029063,1997,10,08,22.8
IDCJAC0016,029063,1997,10,09,28.7
IDCJAC0016,029063,1997,10,10,28.9
IDCJAC0016,029063,1997,10,11,27.6
IDCJAC0016,029063,1997,10,12,27.3
IDCJAC0016,029063,1997,10,13,26.6
IDCJAC0016,029063,1997,10,14,24.7
IDCJAC0016,029063,1997,10,15,28.3
IDCJAC0016,029063,1997,10,16,28.1
IDCJAC0016,029063,1997,10,17,27.6
IDCJAC0016,029063,1997,10,18,28.0
IDCJAC0016,029063,1997,10,19,28.8
IDCJAC0016,029063,1997,10,20,27.4
IDCJAC0016,029063,1997,10,21,30.8
IDCJAC0016,029063,1997,10,22,19.7
IDCJAC0016,029063,1997,10,23,19.1
IDCJAC0016,029063,1997,10,24,28.6
IDCJAC0016,029063,1997,10,25,27.6
IDCJAC0016,029063,1997,10,26,29.4
IDCJAC0016,029063,1997,10,27,
IDCJAC0016,029063,1997,10,28,
IDCJAC0016,029063,1997,10,29,
IDCJAC0016,029063,1997,10,30,30.2
IDCJAC0016,029063,1997,10,31,28.6
IDCJAC0016,029063,1997,11,01,20.1
IDCJAC0016,029063,1997,11,02,28.3
IDCJAC0016,029063,1997,11,03,26.7
IDCJAC0016,029063,1997,11,04,30.1
IDCJAC0016,029063,1997,11,05,30.6
IDCJAC0016,029063,1997,11,06,30.2
IDCJAC0016,029063,1997,11,07,28.7
IDCJAC0016,029063,1997,11,08,28.6
IDCJAC0016,029063,1997,11,09,28.5
IDCJAC0016,029063,1997,11,10,28.4
IDCJAC0016,029063,1997,11,11,28.8
IDCJAC0016,029063,1997,11,12,24.7
IDCJAC0016,029063,1997,11,13,28.6
IDCJAC0016,029063,1997,11,14,25.9
IDCJAC0016,029063,1997,11,15,27.5
IDCJAC0016,029063,1997,11,16,7.7
IDCJAC0016,029063,1997,11,17,20.8
IDCJAC0016,029063,1997,11,18,15.2
IDCJAC0016,029063,1997,11,19,27.0
IDCJAC0016,029063,1997,11,20,28.3
IDCJAC0016,029063,1997,11,21,26.2
IDCJAC0016,029063,1997,11,22,26.4
IDCJAC0016,029063,1997,11,23,24.9
IDCJAC0016,029063,1997,11,24,28.4
IDCJAC0016,029063,1997,11,25,27.6
IDCJAC0016,029063,1997,11,26,26.5
IDCJAC0016,029063,1997,11,27,10.1
IDCJAC0016,029063,1997,11,28,
IDCJAC0016,029063,1997,11,29,29.7
IDCJAC0016,029063,1997,11,30,14.1
IDCJAC0016,029063,1997,12,01,29.8
IDCJAC0016,029063,1997,12,02,23.7
IDCJAC0016,029063,1997,12,03,16.8
IDCJAC0016,029063,1997,12,04,25.8
IDCJAC0016,029063,1997,12,05,29.3
IDCJAC0016,029063,1997,12,06,28.3
IDCJAC0016,029063,1997,12,07,28.0
IDCJAC0016,029063,1997,12,08,13.8
IDCJAC0016,029063,1997,12,09,29.3
IDCJAC0016,029063,1997,12,10,
IDCJAC0016,029063,1997,12,11,
IDCJAC0016,029063,1997,12,12,
IDCJAC0016,029063,1997,12,13,
IDCJAC0016,029063,1997,12,14,26.9
IDCJAC0016,029063,1997,12,15,20.8
IDCJAC0016,029063,1997,12,16,24.4
IDCJAC0016,029063,1997,12,17,14.9
IDCJAC0016,029063,1997,12,18,25.4
IDCJAC0016,029063,1997,12,19,22.0
IDCJAC0016,029063,1997,12,20,24.5
IDCJAC0016,029063,1997,12,21,21.1
IDCJAC0016,029063,1997,12,22,26.0
IDCJAC0016,029063,1997,12,23,24.0
IDCJAC0016,029063,1997,12,24,
IDCJAC0016,029063,1997,12,25,21.0
IDCJAC0016,029063,1997,12,26,21.6
IDCJAC0016,029063,1997,12,27,15.7
IDCJAC0016,029063,1997,12,28,7.5
IDCJAC0016,029063,1997,12,29,4.2
IDCJAC0016,029063,1997,12,30,16.9
IDCJAC0016,029063,1997,12,31,19.9
IDCJAC0016,029063,1998,01,01,
IDCJAC0016,029063,1998,01,02,15.1
IDCJAC0016,029063,1998,01,03,10.7
IDCJAC0016,029063,1998,01,04,17.3
IDCJAC0016,029063,1998,01,05,9.5
IDCJAC0016,029063,1998,01,06,16.3
IDCJAC0016,029063,1998,01,07,14.5
IDCJAC0016,029063,1998,01,08,1.1
IDCJAC0016,029063,1998,01,09,18.4
IDCJAC0016,029063,1998,01,10,25.5
IDCJAC0016,029063,1998,01,11,22.6
IDCJAC0016,029063,1998,01,12,27.8
IDCJAC0016,029063,1998,01,13,29.9
IDCJAC0016,029063,1998,01,14,24.7
IDCJAC0016,029063,1998,01,15,23.1
IDCJAC0016,029063,1998,01,16,26.6
IDCJAC0016,029063,1998,01,17,
IDCJAC0016,029063,1998,01,18,10.8
IDCJAC0016,029063,1998,01,19,18.2
IDCJAC0016,029063,1998,01,20,28.8
IDCJAC0016,029063,1998,01,21,28.4
IDCJAC0016,029063,1998,01,22,28.6
IDCJAC0016,029063,1998,01,23,26.6
IDCJAC0016,029063,1998,01,24,24.9
IDCJAC0016,029063,1998,01,25,27.7
IDCJAC0016,029063,1998,01,26,28.2
IDCJAC0016,029063,1998,01,27,25.8
IDCJAC0016,029063,1998,01,28,27.8
IDCJAC0016,029063,1998,01,29,25.5
IDCJAC0016,029063,1998,01,30,29.9
IDCJAC0016,029063,1998,01,31,29.2
IDCJAC0016,029063,1998,02,01,26.0
IDCJAC0016,029063,1998,02,02,30.4
IDCJAC0016,029063,1998,02,03,30.3
IDCJAC0016,029063,1998,02,04,28.4
IDCJAC0016,029063,1998,02,05,14.7
IDCJAC0016,029063,1998,02,06,21.3
IDCJAC0016,029063,1998,02,07,24.5
IDCJAC0016,029063,1998,02,08,24.0
IDCJAC0016,029063,1998,02,09,18.0
IDCJAC0016,029063,1998,02,10,
IDCJAC0016,029063,1998,02,11,22.3
IDCJAC0016,029063,1998,02,12,12.9
IDCJAC0016,029063,1998,02,13,8.8
IDCJAC0016,029063,1998,02,14,16.9
IDCJAC0016,029063,1998,02,15,25.2
IDCJAC0016,029063,1998,02,16,26.3
IDCJAC0016,029063,1998,02,17,22.8
IDCJAC0016,029063,1998,02,18,
IDCJAC0016,029063,1998,02,19,27.7
IDCJAC0016,029063,1998,02,20,19.1
IDCJAC0016,029063,1998,02,21,25.9
IDCJAC0016,029063,1998,02,22,26.9
IDCJAC0016,029063,1998,02,23,23.7
IDCJAC0016,029063,1998,02,24,26.4
IDCJAC0016,029063,1998,02,25,17.2
IDCJAC0016,029063,1998,02,26,0.9
IDCJAC0016,029063,1998,02,27,0.3
IDCJAC0016,029063,1998,02,28,
IDCJAC0016,029063,1998,03,01,5.5
IDCJAC0016,029063,1998,03,02,
IDCJAC0016,029063,1998,03,03,
IDCJAC0016,029063,1998,03,04,2.3
IDCJAC0016,029063,1998,03,05,11.9
IDCJAC0016,029063,1998,03,06,24.5
IDCJAC0016,029063,1998,03,07,25.6
IDCJAC0016,029063,1998,03,08,28.2
IDCJAC0016,029063,1998,03,09,26.7
IDCJAC0016,029063,1998,03,10,
IDCJAC0016,029063,1998,03,11,28.2
IDCJAC0016,029063,1998,03,12,28.4
IDCJAC0016,029063,1998,03,13,28.6
IDCJAC0016,029063,1998,03,14,28.4
IDCJAC0016,029063,1998,03,15,28.4
IDCJAC0016,029063,1998,03,16,28.6
IDCJAC0016,029063,1998,03,17,28.4
IDCJAC0016,029063,1998,03,18,27.6
IDCJAC0016,029063,1998,03,19,27.1
IDCJAC0016,029063,1998,03,20,26.1
IDCJAC0016,029063,1998,03,21,27.1
IDCJAC0016,029063,1998,03,22,26.2
IDCJAC0016,029063,1998,03,23,14.8
IDCJAC0016,029063,1998,03,24,25.9
IDCJAC0016,029063,1998,03,25,26.9
IDCJAC0016,029063,1998,03,26,26.4
IDCJAC0016,029063,1998,03,27,26.2
IDCJAC0016,029063,1998,03,28,25.1
IDCJAC0016,029063,1998,03,29,24.8
IDCJAC0016,029063,1998,03,30,25.8
IDCJAC0016,029063,1998,03,31,25.9
IDCJAC0016,029063,1998,04,01,23.5
IDCJAC0016,029063,1998,04,02,17.4
IDCJAC0016,029063,1998,04,03,23.1
IDCJAC0016,029063,1998,04,04,22.7
IDCJAC0016,029063,1998,04,05,23.8
IDCJAC0016,029063,1998,04,06,23.7
IDCJAC0016,029063,1998,04,07,22.8
IDCJAC0016,029063,1998,04,08,23.7
IDCJAC0016,029063,1998,04,09,23.5
IDCJAC0016,029063,1998,04,10,23.7
IDCJAC0016,029063,1998,04,11,23.4
IDCJAC0016,029063,1998,04,12,22.5
IDCJAC0016,029063,1998,04,13,20.2
IDCJAC0016,029063,1998,04,14,19.9
IDCJAC0016,029063,1998,04,15,19.6
IDCJAC0016,029063,1998,04,16,21.3
IDCJAC0016,029063,1998,04,17,21.4
IDCJAC0016,029063,1998,04,18,21.5
IDCJAC0016,029063,1998,04,19,20.1
IDCJAC0016,029063,1998,04,20,19.8
IDCJAC0016,029063,1998,04,21,18.8
IDCJAC0016,029063,1998,04,22,5.8
IDCJAC0016,029063,1998,04,23,
IDCJAC0016,029063,1998,04,24,20.6
IDCJAC0016,029063,1998,04,25,19.5
IDCJAC0016,029063,1998,04,26,20.9
IDCJAC0016,029063,1998,04,27,21.5
IDCJAC0016,029063,1998,04,28,19.8
IDCJAC0016,029063,1998,04,29,20.2
IDCJAC0016,029063,1998,04,30,20.1
IDCJAC0016,029063,1998,05,01,20.1
IDCJAC0016,029063,1998,05,02,19.9
IDCJAC0016,029063,1998,05,03,19.7
IDCJAC0016,029063,1998,05,04,14.5
IDCJAC0016,029063,1998,05,05,21.1
IDCJAC0016,029063,1998,05,06,18.3
IDCJAC0016,029063,1998,05,07,19.6
IDCJAC0016,029063,1998,05,08,18.9
IDCJAC0016,029063,1998,05,09,16.9
IDCJAC0016,029063,1998,05,10,19.0
IDCJAC0016,029063,1998,05,11,19.4
IDCJAC0016,029063,1998,05,12,18.7
IDCJAC0016,029063,1998,05,13,16.7
IDCJAC0016,029063,1998,05,14,10.2
IDCJAC0016,029063,1998,05,15,17.7
IDCJAC0016,029063,1998,05,16,17.8
IDCJAC0016,029063,1998,05,17,12.0
IDCJAC0016,029063,1998,05,18,17.9
IDCJAC0016,029063,1998,05,19,18.4
IDCJAC0016,029063,1998,05,20,18.7
IDCJAC0016,029063,1998,05,21,19.1
IDCJAC0016,029063,1998,05,22,19.1
IDCJAC0016,029063,1998,05,23,19.0
IDCJAC0016,029063,1998,05,24,18.7
IDCJAC0016,029063,1998,05,25,19.1
IDCJAC0016,029063,1998,05,26,15.2
IDCJAC0016,029063,1998,05,27,14.7
IDCJAC0016,029063,1998,05,28,12.6
IDCJAC0016,029063,1998,05,29,14.5
IDCJAC0016,029063,1998,05,30,16.2
IDCJAC0016,029063,1998,05,31,17.1
IDCJAC0016,029063,1998,06,01,16.7
IDCJAC0016,029063,1998,06,02,17.6
IDCJAC0016,029063,1998,06,03,16.5
IDCJAC0016,029063,1998,06,04,16.9
IDCJAC0016,029063,1998,06,05,18.1
IDCJAC0016,029063,1998,06,06,18.2
IDCJAC0016,029063,1998,06,07,15.1
IDCJAC0016,029063,1998,06,08,18.5
IDCJAC0016,029063,1998,06,09,18.4
IDCJAC0016,029063,1998,06,10,18.6
IDCJAC0016,029063,1998,06,11,18.2
IDCJAC0016,029063,1998,06,12,17.8
IDCJAC0016,029063,1998,06,13,18.5
IDCJAC0016,029063,1998,06,14,17.7
IDCJAC0016,029063,1998,06,15,18.2
IDCJAC0016,029063,1998,06,16,18.0
IDCJAC0016,029063,1998,06,17,18.6
IDCJAC0016,029063,1998,06,18,16.8
IDCJAC0016,029063,1998,06,19,17.0
IDCJAC0016,029063,1998,06,20,18.5
IDCJAC0016,029063,1998,06,21,13.2
IDCJAC0016,029063,1998,06,22,16.7
IDCJAC0016,029063,1998,06,23,15.1
IDCJAC0016,029063,1998,06,24,17.5
IDCJAC0016,029063,1998,06,25,18.7
IDCJAC0016,029063,1998,06,26,18.7
IDCJAC0016,029063,1998,06,27,16.8
IDCJAC0016,029063,1998,06,28,16.9
IDCJAC0016,029063,1998,06,29,5.6
IDCJAC0016,029063,1998,06,30,19.3
IDCJAC0016,029063,1998,07,01,19.2
IDCJAC0016,029063,1998,07,02,18.3
IDCJAC0016,029063,1998,07,03,13.3
IDCJAC0016,029063,1998,07,04,17.7
IDCJAC0016,029063,1998,07,05,17.8
IDCJAC0016,029063,1998,07,06,18.0
IDCJAC0016,029063,1998,07,07,17.6
IDCJAC0016,029063,1998,07,08,18.3
IDCJAC0016,029063,1998,07,09,17.9
IDCJAC0016,029063,1998,07,10,17.7
IDCJAC0016,029063,1998,07,11,17.3
IDCJAC0016,029063,1998,07,12,18.3
IDCJAC0016,029063,1998,07,13,18.2
IDCJAC0016,029063,1998,07,14,19.4
IDCJAC0016,029063,1998,07,15,19.6
IDCJAC0016,029063,1998,07,16,18.6
IDCJAC0016,029063,1998,07,17,19.7
IDCJAC0016,029063,1998,07,18,18.9
IDCJAC0016,029063,1998,07,19,19.3
IDCJAC0016,029063,1998,07,20,18.2
IDCJAC0016,029063,1998,07,21,18.8
IDCJAC0016,029063,1998,07,22,18.5
IDCJAC0016,029063,1998,07,23,19.2
IDCJAC0016,029063,1998,07,24,19.1
IDCJAC0016,029063,1998,07,25,18.7
IDCJAC0016,029063,1998,07,26,18.0
IDCJAC0016,029063,1998,07,27,19.1
IDCJAC0016,029063,1998,07,28,16.3
IDCJAC0016,029063,1998,07,29,19.7
IDCJAC0016,029063,1998,07,30,19.9
IDCJAC0016,029063,1998,07,31,20.1
IDCJAC0016,029063,1998,08,01,19.9
IDCJAC0016,029063,1998,08,02,19.5
IDCJAC0016,029063,1998,08,03,18.7
IDCJAC0016,029063,1998,08,04,18.3
IDCJAC0016,029063,1998,08,05,20.1
IDCJAC0016,029063,1998,08,06,21.8
IDCJAC0016,029063,1998,08,07,19.2
IDCJAC0016,029063,1998,08,08,20.8
IDCJAC0016,029063,1998,08,09,21.5
IDCJAC0016,029063,1998,08,10,22.7
IDCJAC0016,029063,1998,08,11,22.6
IDCJAC0016,029063,1998,08,12,19.7
IDCJAC0016,029063,1998,08,13,19.3
IDCJAC0016,029063,1998,08,14,22.1
IDCJAC0016,029063,1998,08,15,20.4
IDCJAC0016,029063,1998,08,16,20.1
IDCJAC0016,029063,1998,08,17,20.1
IDCJAC0016,029063,1998,08,18,23.1
IDCJAC0016,029063,1998,08,19,
IDCJAC0016,029063,1998,08,20,15.1
IDCJAC0016,029063,1998,08,21,22.0
IDCJAC0016,029063,1998,08,22,23.1
IDCJAC0016,029063,1998,08,23,23.1
IDCJAC0016,029063,1998,08,24,21.3
IDCJAC0016,029063,1998,08,25,21.9
IDCJAC0016,029063,1998,08,26,23.2
IDCJAC0016,029063,1998,08,27,24.6
IDCJAC0016,029063,1998,08,28,24.8
IDCJAC0016,029063,1998,08,29,19.9
IDCJAC0016,029063,1998,08,30,23.2
IDCJAC0016,029063,1998,08,31,23.0
IDCJAC0016,029063,1998,09,01,23.5
IDCJAC0016,029063,1998,09,02,22.4
IDCJAC0016,029063,1998,09,03,20.5
IDCJAC0016,029063,1998,09,04,20.7
IDCJAC0016,029063,1998,09,05,22.9
IDCJAC0016,029063,1998,09,06,23.3
IDCJAC0016,029063,1998,09,07,24.0
IDCJAC0016,029063,1998,09,08,24.1
IDCJAC0016,029063,1998,09,09,
IDCJAC0016,029063,1998,09,10,
IDCJAC0016,029063,1998,09,11,20.0
IDCJAC0016,029063,1998,09,12,16.9
IDCJAC0016,029063,1998,09,13,23.8
IDCJAC0016,029063,1998,09,14,24.0
IDCJAC0016,029063,1998,09,15,24.0
IDCJAC0016,029063,1998,09,16,25.4
IDCJAC0016,029063,1998,09,17,23.5
IDCJAC0016,029063,1998,09,18,24.8
IDCJAC0016,029063,1998,09,19,25.1
IDCJAC0016,029063,1998,09,20,22.9
IDCJAC0016,029063,1998,09,21,23.8
IDCJAC0016,029063,1998,09,22,25.0
IDCJAC0016,029063,1998,09,23,21.2
IDCJAC0016,029063,1998,09,24,18.3
IDCJAC0016,029063,1998,09,25,25.6
IDCJAC0016,029063,1998,09,26,24.4
IDCJAC0016,029063,1998,09,27,25.1
IDCJAC0016,029063,1998,09,28,
IDCJAC0016,029063,1998,09,29,25.6
IDCJAC0016,029063,1998,09,30,25.8
IDCJAC0016,029063,1998,10,01,26.7
IDCJAC0016,029063,1998,10,02,25.9
IDCJAC0016,029063,1998,10,03,23.0
IDCJAC0016,029063,1998,10,04,22.0
IDCJAC0016,029063,1998,10,05,24.8
IDCJAC0016,029063,1998,10,06,26.5
IDCJAC0016,029063,1998,10,07,27.2
IDCJAC0016,029063,1998,10,08,26.3
IDCJAC0016,029063,1998,10,09,26.8
IDCJAC0016,029063,1998,10,10,22.6
IDCJAC0016,029063,1998,10,11,26.9
IDCJAC0016,029063,1998,10,12,27.0
IDCJAC0016,029063,1998,10,13,24.9
IDCJAC0016,029063,1998,10,14,21.8
IDCJAC0016,029063,1998,10,15,27.8
IDCJAC0016,029063,1998,10,16,25.1
IDCJAC0016,029063,1998,10,17,25.1
IDCJAC0016,029063,1998,10,18,27.5
IDCJAC0016,029063,1998,10,19,27.6
IDCJAC0016,029063,1998,10,20,24.5
IDCJAC0016,029063,1998,10,21,23.6
IDCJAC0016,029063,1998,10,22,27.7
IDCJAC0016,029063,1998,10,23,27.7
IDCJAC0016,029063,1998,10,24,28.8
IDCJAC0016,029063,1998,10,25,28.5
IDCJAC0016,029063,1998,10,26,28.3
IDCJAC0016,029063,1998,10,27,25.3
IDCJAC0016,029063,1998,10,28,26.7
IDCJAC0016,029063,1998,10,29,27.7
IDCJAC0016,029063,1998,10,30,19.7
IDCJAC0016,029063,1998,10,31,21.5
IDCJAC0016,029063,1998,11,01,23.3
IDCJAC0016,029063,1998,11,02,25.9
IDCJAC0016,029063,1998,11,03,24.8
IDCJAC0016,029063,1998,11,04,27.5
IDCJAC0016,029063,1998,11,05,29.3
IDCJAC0016,029063,1998,11,06,26.1
IDCJAC0016,029063,1998,11,07,28.2
IDCJAC0016,029063,1998,11,08,15.2
IDCJAC0016,029063,1998,11,09,25.2
IDCJAC0016,029063,1998,11,10,10.2
IDCJAC0016,029063,1998,11,11,4.3
IDCJAC0016,029063,1998,11,12,20.1
IDCJAC0016,029063,1998,11,13,28.6
IDCJAC0016,029063,1998,11,14,28.3
IDCJAC0016,029063,1998,11,15,30.1
IDCJAC0016,029063,1998,11,16,29.8
IDCJAC0016,029063,1998,11,17,
IDCJAC0016,029063,1998,11,18,28.3
IDCJAC0016,029063,1998,11,19,29.9
IDCJAC0016,029063,1998,11,20,17.1
IDCJAC0016,029063,1998,11,21,27.8
IDCJAC0016,029063,1998,11,22,22.7
IDCJAC0016,029063,1998,11,23,27.5
IDCJAC0016,029063,1998,11,24,22.8
IDCJAC0016,029063,1998,11,25,29.1
IDCJAC0016,029063,1998,11,26,8.9
IDCJAC0016,029063,1998,11,27,27.3
IDCJAC0016,029063,1998,11,28,9.0
IDCJAC0016,029063,1998,11,29,27.1
IDCJAC0016,029063,1998,11,30,28.3
IDCJAC0016,029063,1998,12,01,28.4
IDCJAC0016,029063,1998,12,02,30.5
IDCJAC0016,029063,1998,12,03,30.9
IDCJAC0016,029063,1998,12,04,31.5
IDCJAC0016,029063,1998,12,05,31.5
IDCJAC0016,029063,1998,12,06,30.3
IDCJAC0016,029063,1998,12,07,30.9
IDCJAC0016,029063,1998,12,08,
IDCJAC0016,029063,1998,12,09,25.8
IDCJAC0016,029063,1998,12,10,16.0
IDCJAC0016,029063,1998,12,11,14.8
IDCJAC0016,029063,1998,12,12,22.3
IDCJAC0016,029063,1998,12,13,23.3
IDCJAC0016,029063,1998,12,14,23.1
IDCJAC0016,029063,1998,12,15,18.8
IDCJAC0016,029063,1998,12,16,19.9
IDCJAC0016,029063,1998,12,17,25.2
IDCJAC0016,029063,1998,12,18,14.3
IDCJAC0016,029063,1998,12,19,26.7
IDCJAC0016,029063,1998,12,20,18.8
IDCJAC0016,029063,1998,12,21,9.1
IDCJAC0016,029063,1998,12,22,27.5
IDCJAC0016,029063,1998,12,23,29.4
IDCJAC0016,029063,1998,12,24,24.7
IDCJAC0016,029063,1998,12,25,27.0
IDCJAC0016,029063,1998,12,26,15.4
IDCJAC0016,029063,1998,12,27,19.1
IDCJAC0016,029063,1998,12,28,17.1
IDCJAC0016,029063,1998,12,29,6.1
IDCJAC0016,029063,1998,12,30,3.2
IDCJAC0016,029063,1998,12,31,2.4
IDCJAC0016,029063,1999,01,01,
IDCJAC0016,029063,1999,01,02,16.6
IDCJAC0016,029063,1999,01,03,27.6
IDCJAC0016,029063,1999,01,04,28.3
IDCJAC0016,029063,1999,01,05,8.6
IDCJAC0016,029063,1999,01,06,20.6
IDCJAC0016,029063,1999,01,07,28.7
IDCJAC0016,029063,1999,01,08,30.4
IDCJAC0016,029063,1999,01,09,28.2
IDCJAC0016,029063,1999,01,10,29.5
IDCJAC0016,029063,1999,01,11,28.5
IDCJAC0016,029063,1999,01,12,25.0
IDCJAC0016,029063,1999,01,13,16.3
IDCJAC0016,029063,1999,01,14,19.6
IDCJAC0016,029063,1999,01,15,15.8
IDCJAC0016,029063,1999,01,16,19.2
IDCJAC0016,029063,1999,01,17,17.6
IDCJAC0016,029063,1999,01,18,25.3
IDCJAC0016,029063,1999,01,19,21.2
IDCJAC0016,029063,1999,01,20,23.2
IDCJAC0016,029063,1999,01,21,
IDCJAC0016,029063,1999,01,22,
IDCJAC0016,029063,1999,01,23,22.1
IDCJAC0016,029063,1999,01,24,27.1
IDCJAC0016,029063,1999,01,25,
IDCJAC0016,029063,1999,01,26,8.1
IDCJAC0016,029063,1999,01,27,25.4
IDCJAC0016,029063,1999,01,28,23.5
IDCJAC0016,029063,1999,01,29,23.3
IDCJAC0016,029063,1999,01,30,29.3
IDCJAC0016,029063,1999,01,31,20.4
IDCJAC0016,029063,1999,02,01,25.0
IDCJAC0016,029063,1999,02,02,28.7
IDCJAC0016,029063,1999,02,03,20.2
IDCJAC0016,029063,1999,02,04,12.5
IDCJAC0016,029063,1999,02,05,22.0
IDCJAC0016,029063,1999,02,06,22.6
IDCJAC0016,029063,1999,02,07,28.4
IDCJAC0016,029063,1999,02,08,18.7
IDCJAC0016,029063,1999,02,09,24.9
IDCJAC0016,029063,1999,02,10,24.3
IDCJAC0016,029063,1999,02,11,12.0
IDCJAC0016,029063,1999,02,12,8.2
IDCJAC0016,029063,1999,02,13,25.7
IDCJAC0016,029063,1999,02,14,24.9
IDCJAC0016,029063,1999,02,15,9.8
IDCJAC0016,029063,1999,02,16,19.7
IDCJAC0016,029063,1999,02,17,15.7
IDCJAC0016,029063,1999,02,18,13.4
IDCJAC0016,029063,1999,02,19,24.1
IDCJAC0016,029063,1999,02,20,23.9
IDCJAC0016,029063,1999,02,21,29.2
IDCJAC0016,029063,1999,02,22,
IDCJAC0016,029063,1999,02,23,23.0
IDCJAC0016,029063,1999,02,24,23.2
IDCJAC0016,029063,1999,02,25,23.5
IDCJAC0016,029063,1999,02,26,17.5
IDCJAC0016,029063,1999,02,27,22.5
IDCJAC0016,029063,1999,02,28,20.0
IDCJAC0016,029063,1999,03,01,3.9
IDCJAC0016,029063,1999,03,02,8.0
IDCJAC0016,029063,1999,03,03,19.1
IDCJAC0016,029063,1999,03,04,26.1
IDCJAC0016,029063,1999,03,05,27.9
IDCJAC0016,029063,1999,03,06,25.3
IDCJAC0016,029063,1999,03,07,21.8
IDCJAC0016,029063,1999,03,08,27.5
IDCJAC0016,029063,1999,03,09,21.3
IDCJAC0016,029063,1999,03,10,18.5
IDCJAC0016,029063,1999,03,11,21.4
IDCJAC0016,029063,1999,03,12,19.8
IDCJAC0016,029063,1999,03,13,27.4
IDCJAC0016,029063,1999,03,14,25.0
IDCJAC0016,029063,1999,03,15,25.9
IDCJAC0016,029063,1999,03,16,20.8
IDCJAC0016,029063,1999,03,17,5.0
IDCJAC0016,029063,1999,03,18,24.9
IDCJAC0016,029063,1999,03,19,27.5
IDCJAC0016,029063,1999,03,20,27.7
IDCJAC0016,029063,1999,03,21,26.8
IDCJAC0016,029063,1999,03,22,25.0
IDCJAC0016,029063,1999,03,23,23.2
IDCJAC0016,029063,1999,03,24,
IDCJAC0016,029063,1999,03,25,26.7
IDCJAC0016,029063,1999,03,26,20.4
IDCJAC0016,029063,1999,03,27,22.6
IDCJAC0016,029063,1999,03,28,16.5
IDCJAC0016,029063,1999,03,29,6.7
IDCJAC0016,029063,1999,03,30,12.5
IDCJAC0016,029063,1999,03,31,19.3
IDCJAC0016,029063,1999,04,01,13.7
IDCJAC0016,029063,1999,04,02,21.3
IDCJAC0016,029063,1999,04,03,23.2
IDCJAC0016,029063,1999,04,04,23.3
IDCJAC0016,029063,1999,04,05,23.6
IDCJAC0016,029063,1999,04,06,23.8
IDCJAC0016,029063,1999,04,07,25.0
IDCJAC0016,029063,1999,04,08,24.1
IDCJAC0016,029063,1999,04,09,22.9
IDCJAC0016,029063,1999,04,10,24.5
IDCJAC0016,029063,1999,04,11,24.1
IDCJAC0016,029063,1999,04,12,23.0
IDCJAC0016,029063,1999,04,13,22.6
IDCJAC0016,029063,1999,04,14,23.4
IDCJAC0016,029063,1999,04,15,23.7
IDCJAC0016,029063,1999,04,16,22.4
IDCJAC0016,029063,1999,04,17,17.7
IDCJAC0016,029063,1999,04,18,19.4
IDCJAC0016,029063,1999,04,19,22.3
IDCJAC0016,029063,1999,04,20,15.4
IDCJAC0016,029063,1999,04,21,8.7
IDCJAC0016,029063,1999,04,22,5.3
IDCJAC0016,029063,1999,04,23,6.4
IDCJAC0016,029063,1999,04,24,12.0
IDCJAC0016,029063,1999,04,25,
IDCJAC0016,029063,1999,04,26,18.3
IDCJAC0016,029063,1999,04,27,22.5
IDCJAC0016,029063,1999,04,28,23.2
IDCJAC0016,029063,1999,04,29,22.2
IDCJAC0016,029063,1999,04,30,21.8
IDCJAC0016,029063,1999,05,01,22.6
IDCJAC0016,029063,1999,05,02,22.1
IDCJAC0016,029063,1999,05,03,22.7
IDCJAC0016,029063,1999,05,04,22.3
IDCJAC0016,029063,1999,05,05,21.8
IDCJAC0016,029063,1999,05,06,19.8
IDCJAC0016,029063,1999,05,07,20.7
IDCJAC0016,029063,1999,05,08,21.1
IDCJAC0016,029063,1999,05,09,20.6
IDCJAC0016,029063,1999,05,10,20.8
IDCJAC0016,029063,1999,05,11,21.2
IDCJAC0016,029063,1999,05,12,20.6
IDCJAC0016,029063,1999,05,13,20.3
IDCJAC0016,029063,1999,05,14,20.3
IDCJAC0016,029063,1999,05,15,20.0
IDCJAC0016,029063,1999,05,16,20.1
IDCJAC0016,029063,1999,05,17,19.6
IDCJAC0016,029063,1999,05,18,19.5
IDCJAC0016,029063,1999,05,19,19.9
IDCJAC0016,029063,1999,05,20,19.3
IDCJAC0016,029063,1999,05,21,19.1
IDCJAC0016,029063,1999,05,22,19.4
IDCJAC0016,029063,1999,05,23,18.3
IDCJAC0016,029063,1999,05,24,18.8
IDCJAC0016,029063,1999,05,25,17.2
IDCJAC0016,029063,1999,05,26,18.3
IDCJAC0016,029063,1999,05,27,18.1
IDCJAC0016,029063,1999,05,28,17.1
IDCJAC0016,029063,1999,05,29,18.3
IDCJAC0016,029063,1999,05,30,17.5
IDCJAC0016,029063,1999,05,31,18.0
IDCJAC0016,029063,1999,06,01,18.4
IDCJAC0016,029063,1999,06,02,18.7
IDCJAC0016,029063,1999,06,03,19.4
IDCJAC0016,029063,1999,06,04,19.5
IDCJAC0016,029063,1999,06,05,19.2
IDCJAC0016,029063,1999,06,06,19.1
IDCJAC0016,029063,1999,06,07,16.4
IDCJAC0016,029063,1999,06,08,10.6
IDCJAC0016,029063,1999,06,09,18.4
IDCJAC0016,029063,1999,06,10,18.7
IDCJAC0016,029063,1999,06,11,18.4
IDCJAC0016,029063,1999,06,12,18.3
IDCJAC0016,029063,1999,06,13,18.4
IDCJAC0016,029063,1999,06,14,18.9
IDCJAC0016,029063,1999,06,15,18.6
IDCJAC0016,029063,1999,06,16,18.5
IDCJAC0016,029063,1999,06,17,18.3
IDCJAC0016,029063,1999,06,18,18.4
IDCJAC0016,029063,1999,06,19,18.1
IDCJAC0016,029063,1999,06,20,18.4
IDCJAC0016,029063,1999,06,21,18.6
IDCJAC0016,029063,1999,06,22,16.4
IDCJAC0016,029063,1999,06,23,13.0
IDCJAC0016,029063,1999,06,24,
IDCJAC0016,029063,1999,06,25,18.1
IDCJAC0016,029063,1999,06,26,18.8
IDCJAC0016,029063,1999,06,27,18.1
IDCJAC0016,029063,1999,06,28,18.0
IDCJAC0016,029063,1999,06,29,18.1
IDCJAC0016,029063,1999,06,30,18.5
IDCJAC0016,029063,1999,07,01,18.6
IDCJAC0016,029063,1999,07,02,14.6
IDCJAC0016,029063,1999,07,03,12.4
IDCJAC0016,029063,1999,07,04,18.9
IDCJAC0016,029063,1999,07,05,19.2
IDCJAC0016,029063,1999,07,06,19.2
IDCJAC0016,029063,1999,07,07,18.8
IDCJAC0016,029063,1999,07,08,18.7
IDCJAC0016,029063,1999,07,09,18.3
IDCJAC0016,029063,1999,07,10,16.0
IDCJAC0016,029063,1999,07,11,19.5
IDCJAC0016,029063,1999,07,12,19.5
IDCJAC0016,029063,1999,07,13,19.4
IDCJAC0016,029063,1999,07,14,19.9
IDCJAC0016,029063,1999,07,15,
IDCJAC0016,029063,1999,07,16,20.2
IDCJAC0016,029063,1999,07,17,20.3
IDCJAC0016,029063,1999,07,18,20.6
IDCJAC0016,029063,1999,07,19,20.0
IDCJAC0016,029063,1999,07,20,19.5
IDCJAC0016,029063,1999,07,21,20.0
IDCJAC0016,029063,1999,07,22,19.3
IDCJAC0016,029063,1999,07,23,12.4
IDCJAC0016,029063,1999,07,24,19.5
IDCJAC0016,029063,1999,07,25,20.1
IDCJAC0016,029063,1999,07,26,20.0
IDCJAC0016,029063,1999,07,27,19.5
IDCJAC0016,029063,1999,07,28,
IDCJAC0016,029063,1999,07,29,19.7
IDCJAC0016,029063,1999,07,30,
IDCJAC0016,029063,1999,07,31,17.1
IDCJAC0016,029063,1999,08,01,19.4
IDCJAC0016,029063,1999,08,02,20.3
IDCJAC0016,029063,1999,08,03,19.8
IDCJAC0016,029063,1999,08,04,20.0
IDCJAC0016,029063,1999,08,05,12.3
IDCJAC0016,029063,1999,08,06,20.7
IDCJAC0016,029063,1999,08,07,20.1
IDCJAC0016,029063,1999,08,08,20.5
IDCJAC0016,029063,1999,08,09,21.0
IDCJAC0016,029063,1999,08,10,22.1
IDCJAC0016,029063,1999,08,11,20.8
IDCJAC0016,029063,1999,08,12,20.8
IDCJAC0016,029063,1999,08,13,
IDCJAC0016,029063,1999,08,14,23.0
IDCJAC0016,029063,1999,08,15,22.5
IDCJAC0016,029063,1999,08,16,21.7
IDCJAC0016,029063,1999,08,17,21.8
IDCJAC0016,029063,1999,08,18,23.2
IDCJAC0016,029063,1999,08,19,23.3
IDCJAC0016,029063,1999,08,20,22.8
IDCJAC0016,029063,1999,08,21,22.7
IDCJAC0016,029063,1999,08,22,18.1
IDCJAC0016,029063,1999,08,23,20.5
IDCJAC0016,029063,1999,08,24,
IDCJAC0016,029063,1999,08,25,21.9
IDCJAC0016,029063,1999,08,26,
IDCJAC0016,029063,1999,08,27,22.7
IDCJAC0016,029063,1999,08,28,23.0
IDCJAC0016,029063,1999,08,29,23.1
IDCJAC0016,029063,1999,08,30,23.4
IDCJAC0016,029063,1999,08,31,23.3
IDCJAC0016,029063,1999,09,01,22.9
IDCJAC0016,029063,1999,09,02,
IDCJAC0016,029063,1999,09,03,20.2
IDCJAC0016,029063,1999,09,04,21.4
IDCJAC0016,029063,1999,09,05,22.6
IDCJAC0016,029063,1999,09,06,23.7
IDCJAC0016,029063,1999,09,07,
IDCJAC0016,029063,1999,09,08,24.8
IDCJAC0016,029063,1999,09,09,24.8
IDCJAC0016,029063,1999,09,10,24.7
IDCJAC0016,029063,1999,09,11,25.0
IDCJAC0016,029063,1999,09,12,25.8
IDCJAC0016,029063,1999,09,13,26.1
IDCJAC0016,029063,1999,09,14,25.2
IDCJAC0016,029063,1999,09,15,25.3
IDCJAC0016,029063,1999,09,16,25.3
IDCJAC0016,029063,1999,09,17,25.4
IDCJAC0016,029063,1999,09,18,26.4
IDCJAC0016,029063,1999,09,19,26.6
IDCJAC0016,029063,1999,09,20,26.2
IDCJAC0016,029063,1999,09,21,23.5
IDCJAC0016,029063,1999,09,22,24.0
IDCJAC0016,029063,1999,09,23,25.9
IDCJAC0016,029063,1999,09,24,26.5
IDCJAC0016,029063,1999,09,25,26.6
IDCJAC0016,029063,1999,09,26,27.1
IDCJAC0016,029063,1999,09,27,27.4
IDCJAC0016,029063,1999,09,28,26.4
IDCJAC0016,029063,1999,09,29,25.8
IDCJAC0016,029063,1999,09,30,25.6
IDCJAC0016,029063,1999,10,01,23.5
IDCJAC0016,029063,1999,10,02,25.3
IDCJAC0016,029063,1999,10,03,24.1
IDCJAC0016,029063,1999,10,04,21.9
IDCJAC0016,029063,1999,10,05,26.2
IDCJAC0016,029063,1999,10,06,26.7
IDCJAC0016,029063,1999,10,07,24.8
IDCJAC0016,029063,1999,10,08,26.6
IDCJAC0016,029063,1999,10,09,25.7
IDCJAC0016,029063,1999,10,10,23.4
IDCJAC0016,029063,1999,10,11,26.0
IDCJAC0016,029063,1999,10,12,25.4
IDCJAC0016,029063,1999,10,13,26.1
IDCJAC0016,029063,1999,10,14,27.4
IDCJAC0016,029063,1999,10,15,26.4
IDCJAC0016,029063,1999,10,16,26.7
IDCJAC0016,029063,1999,10,17,25.0
IDCJAC0016,029063,1999,10,18,28.2
IDCJAC0016,029063,1999,10,19,28.4
IDCJAC0016,029063,1999,10,20,27.8
IDCJAC0016,029063,1999,10,21,24.3
IDCJAC0016,029063,1999,10,22,26.3
IDCJAC0016,029063,1999,10,23,21.1
IDCJAC0016,029063,1999,10,24,28.9
IDCJAC0016,029063,1999,10,25,29.5
IDCJAC0016,029063,1999,10,26,26.6
IDCJAC0016,029063,1999,10,27,13.8
IDCJAC0016,029063,1999,10,28,28.7
IDCJAC0016,029063,1999,10,29,27.4
IDCJAC0016,029063,1999,10,30,18.2
IDCJAC0016,029063,1999,10,31,12.1
IDCJAC0016,029063,1999,11,01,
IDCJAC0016,029063,1999,11,02,
IDCJAC0016,029063,1999,11,03,28.8
IDCJAC0016,029063,1999,11,04,
IDCJAC0016,029063,1999,11,05,22.7
IDCJAC0016,029063,1999,11,06,17.1
IDCJAC0016,029063,1999,11,07,8.2
IDCJAC0016,029063,1999,11,08,25.6
IDCJAC0016,029063,1999,11,09,23.0
IDCJAC0016,029063,1999,11,10,29.8
IDCJAC0016,029063,1999,11,11,30.2
IDCJAC0016,029063,1999,11,12,28.1
IDCJAC0016,029063,1999,11,13,20.6
IDCJAC0016,029063,1999,11,14,17.2
IDCJAC0016,029063,1999,11,15,26.9
IDCJAC0016,029063,1999,11,16,21.6
IDCJAC0016,029063,1999,11,17,28.9
IDCJAC0016,029063,1999,11,18,24.0
IDCJAC0016,029063,1999,11,19,29.2
IDCJAC0016,029063,1999,11,20,9.8
IDCJAC0016,029063,1999,11,21,19.3
IDCJAC0016,029063,1999,11,22,18.9
IDCJAC0016,029063,1999,11,23,18.8
IDCJAC0016,029063,1999,11,24,9.7
IDCJAC0016,029063,1999,11,25,5.1
IDCJAC0016,029063,1999,11,26,16.8
IDCJAC0016,029063,1999,11,27,20.3
IDCJAC0016,029063,1999,11,28,22.3
IDCJAC0016,029063,1999,11,29,24.3
IDCJAC0016,029063,1999,11,30,27.8
IDCJAC0016,029063,1999,12,01,8.0
IDCJAC0016,029063,1999,12,02,27.3
IDCJAC0016,029063,1999,12,03,28.2
IDCJAC0016,029063,1999,12,04,30.8
IDCJAC0016,029063,1999,12,05,31.4
IDCJAC0016,029063,1999,12,06,31.6
IDCJAC0016,029063,1999,12,07,30.0
IDCJAC0016,029063,1999,12,08,27.7
IDCJAC0016,029063,1999,12,09,25.1
IDCJAC0016,029063,1999,12,10,26.5
IDCJAC0016,029063,1999,12,11,23.9
IDCJAC0016,029063,1999,12,12,26.1
IDCJAC0016,029063,1999,12,13,28.4
IDCJAC0016,029063,1999,12,14,26.0
IDCJAC0016,029063,1999,12,15,28.2
IDCJAC0016,029063,1999,12,16,24.7
IDCJAC0016,029063,1999,12,17,10.5
IDCJAC0016,029063,1999,12,18,15.2
IDCJAC0016,029063,1999,12,19,28.1
IDCJAC0016,029063,1999,12,20,28.2
IDCJAC0016,029063,1999,12,21,19.7
IDCJAC0016,029063,1999,12,22,9.1
IDCJAC0016,029063,1999,12,23,12.9
IDCJAC0016,029063,1999,12,24,22.1
IDCJAC0016,029063,1999,12,25,4.9
IDCJAC0016,029063,1999,12,26,23.6
IDCJAC0016,029063,1999,12,27,14.6
IDCJAC0016,029063,1999,12,28,29.3
IDCJAC0016,029063,1999,12,29,30.9
IDCJAC0016,029063,1999,12,30,30.1
IDCJAC0016,029063,1999,12,31,29.9
IDCJAC0016,029063,2000,01,01,
IDCJAC0016,029063,2000,01,02,31.7
IDCJAC0016,029063,2000,01,03,28.6
IDCJAC0016,029063,2000,01,04,11.8
IDCJAC0016,029063,2000,01,05,26.6
IDCJAC0016,029063,2000,01,06,28.2
IDCJAC0016,029063,2000,01,07,20.4
IDCJAC0016,029063,2000,01,08,16.8
IDCJAC0016,029063,2000,01,09,23.4
IDCJAC0016,029063,2000,01,10,22.5
IDCJAC0016,029063,2000,01,11,29.6
IDCJAC0016,029063,2000,01,12,23.1
IDCJAC0016,029063,2000,01,13,27.8
IDCJAC0016,029063,2000,01,14,29.4
IDCJAC0016,029063,2000,01,15,28.0
IDCJAC0016,029063,2000,01,16,28.8
IDCJAC0016,029063,2000,01,17,28.3
IDCJAC0016,029063,2000,01,18,28.7
IDCJAC0016,029063,2000,01,19,27.0
IDCJAC0016,029063,2000,01,20,27.1
IDCJAC0016,029063,2000,01,21,18.7
IDCJAC0016,029063,2000,01,22,15.9
IDCJAC0016,029063,2000,01,23,28.5
IDCJAC0016,029063,2000,01,24,27.0
IDCJAC0016,029063,2000,01,25,24.0
IDCJAC0016,029063,2000,01,26,25.9
IDCJAC0016,029063,2000,01,27,22.6
IDCJAC0016,029063,2000,01,28,28.2
IDCJAC0016,029063,2000,01,29,29.4
IDCJAC0016,029063,2000,01,30,25.7
IDCJAC0016,029063,2000,01,31,27.9
IDCJAC0016,029063,2000,02,01,27.0
IDCJAC0016,029063,2000,02,02,26.6
IDCJAC0016,029063,2000,02,03,30.6
IDCJAC0016,029063,2000,02,04,25.1
IDCJAC0016,029063,2000,02,05,21.7
IDCJAC0016,029063,2000,02,06,22.8
IDCJAC0016,029063,2000,02,07,17.8
IDCJAC0016,029063,2000,02,08,17.2
IDCJAC0016,029063,2000,02,09,22.8
IDCJAC0016,029063,2000,02,10,27.3
IDCJAC0016,029063,2000,02,11,24.3
IDCJAC0016,029063,2000,02,12,22.8
IDCJAC0016,029063,2000,02,13,14.2
IDCJAC0016,029063,2000,02,14,26.5
IDCJAC0016,029063,2000,02,15,2.5
IDCJAC0016,029063,2000,02,16,18.7
IDCJAC0016,029063,2000,02,17,15.6
IDCJAC0016,029063,2000,02,18,5.2
IDCJAC0016,029063,2000,02,19,21.1
IDCJAC0016,029063,2000,02,20,27.3
IDCJAC0016,029063,2000,02,21,14.2
IDCJAC0016,029063,2000,02,22,14.8
IDCJAC0016,029063,2000,02,23,19.6
IDCJAC0016,029063,2000,02,24,8.3
IDCJAC0016,029063,2000,02,25,20.2
IDCJAC0016,029063,2000,02,26,21.2
IDCJAC0016,029063,2000,02,27,18.4
IDCJAC0016,029063,2000,02,28,7.8
IDCJAC0016,029063,2000,02,29,17.8
IDCJAC0016,029063,2000,03,01,19.8
IDCJAC0016,029063,2000,03,02,17.5
IDCJAC0016,029063,2000,03,03,25.0
IDCJAC0016,029063,2000,03,04,26.1
IDCJAC0016,029063,2000,03,05,28.0
IDCJAC0016,029063,2000,03,06,26.4
IDCJAC0016,029063,2000,03,07,23.3
IDCJAC0016,029063,2000,03,08,27.8
IDCJAC0016,029063,2000,03,09,26.3
IDCJAC0016,029063,2000,03,10,13.5
IDCJAC0016,029063,2000,03,11,21.7
IDCJAC0016,029063,2000,03,12,25.2
IDCJAC0016,029063,2000,03,13,25.2
IDCJAC0016,029063,2000,03,14,26.8
IDCJAC0016,029063,2000,03,15,27.8
IDCJAC0016,029063,2000,03,16,23.2
IDCJAC0016,029063,2000,03,17,22.4
IDCJAC0016,029063,2000,03,18,26.2
IDCJAC0016,029063,2000,03,19,7.9
IDCJAC0016,029063,2000,03,20,27.4
IDCJAC0016,029063,2000,03,21,
IDCJAC0016,029063,2000,03,22,27.1
IDCJAC0016,029063,2000,03,23,26.1
IDCJAC0016,029063,2000,03,24,25.2
IDCJAC0016,029063,2000,03,25,22.1
IDCJAC0016,029063,2000,03,26,26.4
IDCJAC0016,029063,2000,03,27,24.9
IDCJAC0016,029063,2000,03,28,21.0
IDCJAC0016,029063,2000,03,29,22.4
IDCJAC0016,029063,2000,03,30,25.5
IDCJAC0016,029063,2000,03,31,24.7
IDCJAC0016,029063,2000,04,01,26.1
IDCJAC0016,029063,2000,04,02,23.7
IDCJAC0016,029063,2000,04,03,20.9
IDCJAC0016,029063,2000,04,04,4.8
IDCJAC0016,029063,2000,04,05,19.8
IDCJAC0016,029063,2000,04,06,22.5
IDCJAC0016,029063,2000,04,07,18.9
IDCJAC0016,029063,2000,04,08,19.5
IDCJAC0016,029063,2000,04,09,20.3
IDCJAC0016,029063,2000,04,10,12.3
IDCJAC0016,029063,2000,04,11,20.1
IDCJAC0016,029063,2000,04,12,23.2
IDCJAC0016,029063,2000,04,13,24.1
IDCJAC0016,029063,2000,04,14,22.8
IDCJAC0016,029063,2000,04,15,23.2
IDCJAC0016,029063,2000,04,16,23.7
IDCJAC0016,029063,2000,04,17,23.1
IDCJAC0016,029063,2000,04,18,21.9
IDCJAC0016,029063,2000,04,19,22.2
IDCJAC0016,029063,2000,04,20,22.1
IDCJAC0016,029063,2000,04,21,16.4
IDCJAC0016,029063,2000,04,22,11.6
IDCJAC0016,029063,2000,04,23,21.8
IDCJAC0016,029063,2000,04,24,14.5
IDCJAC0016,029063,2000,04,25,12.6
IDCJAC0016,029063,2000,04,26,14.2
IDCJAC0016,029063,2000,04,27,18.0
IDCJAC0016,029063,2000,04,28,19.6
IDCJAC0016,029063,2000,04,29,21.3
IDCJAC0016,029063,2000,04,30,21.2
IDCJAC0016,029063,2000,05,01,21.4
IDCJAC0016,029063,2000,05,02,21.1
IDCJAC0016,029063,2000,05,03,20.5
IDCJAC0016,029063,2000,05,04,20.3
IDCJAC0016,029063,2000,05,05,20.3
IDCJAC0016,029063,2000,05,06,20.3
IDCJAC0016,029063,2000,05,07,20.0
IDCJAC0016,029063,2000,05,08,19.6
IDCJAC0016,029063,2000,05,09,19.7
IDCJAC0016,029063,2000,05,10,20.0
IDCJAC0016,029063,2000,05,11,20.5
IDCJAC0016,029063,2000,05,12,20.0
IDCJAC0016,029063,2000,05,13,19.9
IDCJAC0016,029063,2000,05,14,19.9
IDCJAC0016,029063,2000,05,15,19.5
IDCJAC0016,029063,2000,05,16,19.1
IDCJAC0016,029063,2000,05,17,19.2
IDCJAC0016,029063,2000,05,18,17.2
IDCJAC0016,029063,2000,05,19,11.4
IDCJAC0016,029063,2000,05,20,15.3
IDCJAC0016,029063,2000,05,21,15.9
IDCJAC0016,029063,2000,05,22,17.2
IDCJAC0016,029063,2000,05,23,17.8
IDCJAC0016,029063,2000,05,24,18.6
IDCJAC0016,029063,2000,05,25,18.1
IDCJAC0016,029063,2000,05,26,17.3
IDCJAC0016,029063,2000,05,27,18.1
IDCJAC0016,029063,2000,05,28,18.8
IDCJAC0016,029063,2000,05,29,19.0
IDCJAC0016,029063,2000,05,30,17.9
IDCJAC0016,029063,2000,05,31,18.7
IDCJAC0016,029063,2000,06,01,19.3
IDCJAC0016,029063,2000,06,02,19.4
IDCJAC0016,029063,2000,06,03,19.2
IDCJAC0016,029063,2000,06,04,18.9
IDCJAC0016,029063,2000,06,05,16.2
IDCJAC0016,029063,2000,06,06,7.4
IDCJAC0016,029063,2000,06,07,7.0
IDCJAC0016,029063,2000,06,08,2.9
IDCJAC0016,029063,2000,06,09,3.9
IDCJAC0016,029063,2000,06,10,9.3
IDCJAC0016,029063,2000,06,11,19.8
IDCJAC0016,029063,2000,06,12,19.3
IDCJAC0016,029063,2000,06,13,13.3
IDCJAC0016,029063,2000,06,14,5.6
IDCJAC0016,029063,2000,06,15,8.2
IDCJAC0016,029063,2000,06,16,17.3
IDCJAC0016,029063,2000,06,17,18.0
IDCJAC0016,029063,2000,06,18,18.2
IDCJAC0016,029063,2000,06,19,17.7
IDCJAC0016,029063,2000,06,20,17.3
IDCJAC0016,029063,2000,06,21,18.1
IDCJAC0016,029063,2000,06,22,18.1
IDCJAC0016,029063,2000,06,23,17.5
IDCJAC0016,029063,2000,06,24,17.9
IDCJAC0016,029063,2000,06,25,18.0
IDCJAC0016,029063,2000,06,26,18.1
IDCJAC0016,029063,2000,06,27,17.7
IDCJAC0016,029063,2000,06,28,15.3
IDCJAC0016,029063,2000,06,29,18.2
IDCJAC0016,029063,2000,06,30,18.6
IDCJAC0016,029063,2000,07,01,15.2
IDCJAC0016,029063,2000,07,02,15.5
IDCJAC0016,029063,2000,07,03,15.7
IDCJAC0016,029063,2000,07,04,18.0
IDCJAC0016,029063,2000,07,05,17.4
IDCJAC0016,029063,2000,07,06,18.7
IDCJAC0016,029063,2000,07,07,19.4
IDCJAC0016,029063,2000,07,08,18.6
IDCJAC0016,029063,2000,07,09,18.5
IDCJAC0016,029063,2000,07,10,18.5
IDCJAC0016,029063,2000,07,11,19.6
IDCJAC0016,029063,2000,07,12,19.9
IDCJAC0016,029063,2000,07,13,19.9
IDCJAC0016,029063,2000,07,14,19.9
IDCJAC0016,029063,2000,07,15,19.5
IDCJAC0016,029063,2000,07,16,19.2
IDCJAC0016,029063,2000,07,17,19.8
IDCJAC0016,029063,2000,07,18,20.6
IDCJAC0016,029063,2000,07,19,19.6
IDCJAC0016,029063,2000,07,20,19.4
IDCJAC0016,029063,2000,07,21,19.7
IDCJAC0016,029063,2000,07,22,20.1
IDCJAC0016,029063,2000,07,23,20.2
IDCJAC0016,029063,2000,07,24,19.7
IDCJAC0016,029063,2000,07,25,20.3
IDCJAC0016,029063,2000,07,26,18.4
IDCJAC0016,029063,2000,07,27,20.2
IDCJAC0016,029063,2000,07,28,20.4
IDCJAC0016,029063,2000,07,29,20.7
IDCJAC0016,029063,2000,07,30,19.3
IDCJAC0016,029063,2000,07,31,19.4
IDCJAC0016,029063,2000,08,01,19.6
IDCJAC0016,029063,2000,08,02,20.1
IDCJAC0016,029063,2000,08,03,20.3
IDCJAC0016,029063,2000,08,04,16.8
IDCJAC0016,029063,2000,08,05,16.9
IDCJAC0016,029063,2000,08,06,20.9
IDCJAC0016,029063,2000,08,07,21.3
IDCJAC0016,029063,2000,08,08,21.5
IDCJAC0016,029063,2000,08,09,19.9
IDCJAC0016,029063,2000,08,10,20.8
IDCJAC0016,029063,2000,08,11,21.6
IDCJAC0016,029063,2000,08,12,20.8
IDCJAC0016,029063,2000,08,13,21.7
IDCJAC0016,029063,2000,08,14,21.2
IDCJAC0016,029063,2000,08,15,23.1
IDCJAC0016,029063,2000,08,16,23.1
IDCJAC0016,029063,2000,08,17,21.8
IDCJAC0016,029063,2000,08,18,21.9
IDCJAC0016,029063,2000,08,19,21.9
IDCJAC0016,029063,2000,08,20,21.8
IDCJAC0016,029063,2000,08,21,23.4
IDCJAC0016,029063,2000,08,22,23.1
IDCJAC0016,029063,2000,08,23,22.7
IDCJAC0016,029063,2000,08,24,23.9
IDCJAC0016,029063,2000,08,25,23.9
IDCJAC0016,029063,2000,08,26,24.6
IDCJAC0016,029063,2000,08,27,24.5
IDCJAC0016,029063,2000,08,28,22.9
IDCJAC0016,029063,2000,08,29,24.1
IDCJAC0016,029063,2000,08,30,23.9
IDCJAC0016,029063,2000,08,31,23.1
IDCJAC0016,029063,2000,09,01,22.0
IDCJAC0016,029063,2000,09,02,21.9
IDCJAC0016,029063,2000,09,03,23.6
IDCJAC0016,029063,2000,09,04,23.7
IDCJAC0016,029063,2000,09,05,23.4
IDCJAC0016,029063,2000,09,06,23.1
IDCJAC0016,029063,2000,09,07,23.3
IDCJAC0016,029063,2000,09,08,21.8
IDCJAC0016,029063,2000,09,09,24.1
IDCJAC0016,029063,2000,09,10,25.2
IDCJAC0016,029063,2000,09,11,25.4
IDCJAC0016,029063,2000,09,12,25.5
IDCJAC0016,029063,2000,09,13,25.3
IDCJAC0016,029063,2000,09,14,24.9
IDCJAC0016,029063,2000,09,15,25.0
IDCJAC0016,029063,2000,09,16,25.4
IDCJAC0016,029063,2000,09,17,24.6
IDCJAC0016,029063,2000,09,18,25.1
IDCJAC0016,029063,2000,09,19,24.6
IDCJAC0016,029063,2000,09,20,20.6
IDCJAC0016,029063,2000,09,21,25.0
IDCJAC0016,029063,2000,09,22,25.3
IDCJAC0016,029063,2000,09,23,25.5
IDCJAC0016,029063,2000,09,24,26.0
IDCJAC0016,029063,2000,09,25,25.8
IDCJAC0016,029063,2000,09,26,25.0
IDCJAC0016,029063,2000,09,27,25.8
IDCJAC0016,029063,2000,09,28,26.5
IDCJAC0016,029063,2000,09,29,26.0
IDCJAC0016,029063,2000,09,30,25.5
IDCJAC0016,029063,2000,10,01,25.8
IDCJAC0016,029063,2000,10,02,26.1
IDCJAC0016,029063,2000,10,03,26.4
IDCJAC0016,029063,2000,10,04,25.7
IDCJAC0016,029063,2000,10,05,26.3
IDCJAC0016,029063,2000,10,06,25.8
IDCJAC0016,029063,2000,10,07,25.0
IDCJAC0016,029063,2000,10,08,26.1
IDCJAC0016,029063,2000,10,09,26.8
IDCJAC0016,029063,2000,10,10,27.0
IDCJAC0016,029063,2000,10,11,27.2
IDCJAC0016,029063,2000,10,12,25.6
IDCJAC0016,029063,2000,10,13,21.7
IDCJAC0016,029063,2000,10,14,21.2
IDCJAC0016,029063,2000,10,15,26.6
IDCJAC0016,029063,2000,10,16,27.7
IDCJAC0016,029063,2000,10,17,27.9
IDCJAC0016,029063,2000,10,18,26.7
IDCJAC0016,029063,2000,10,19,17.5
IDCJAC0016,029063,2000,10,20,19.0
IDCJAC0016,029063,2000,10,21,5.5
IDCJAC0016,029063,2000,10,22,9.8
IDCJAC0016,029063,2000,10,23,15.5
IDCJAC0016,029063,2000,10,24,19.7
IDCJAC0016,029063,2000,10,25,21.4
IDCJAC0016,029063,2000,10,26,26.6
IDCJAC0016,029063,2000,10,27,27.2
IDCJAC0016,029063,2000,10,28,27.7
IDCJAC0016,029063,2000,10,29,6.2
IDCJAC0016,029063,2000,10,30,28.7
IDCJAC0016,029063,2000,10,31,29.4
IDCJAC0016,029063,2000,11,01,29.4
IDCJAC0016,029063,2000,11,02,25.6
IDCJAC0016,029063,2000,11,03,28.1
IDCJAC0016,029063,2000,11,04,26.3
IDCJAC0016,029063,2000,11,05,3.9
IDCJAC0016,029063,2000,11,06,7.6
IDCJAC0016,029063,2000,11,07,29.3
IDCJAC0016,029063,2000,11,08,29.3
IDCJAC0016,029063,2000,11,09,25.3
IDCJAC0016,029063,2000,11,10,17.3
IDCJAC0016,029063,2000,11,11,23.8
IDCJAC0016,029063,2000,11,12,15.6
IDCJAC0016,029063,2000,11,13,11.2
IDCJAC0016,029063,2000,11,14,21.5
IDCJAC0016,029063,2000,11,15,24.6
IDCJAC0016,029063,2000,11,16,27.8
IDCJAC0016,029063,2000,11,17,25.4
IDCJAC0016,029063,2000,11,18,24.6
IDCJAC0016,029063,2000,11,19,29.0
IDCJAC0016,029063,2000,11,20,29.6
IDCJAC0016,029063,2000,11,21,26.7
IDCJAC0016,029063,2000,11,22,19.4
IDCJAC0016,029063,2000,11,23,29.9
IDCJAC0016,029063,2000,11,24,25.0
IDCJAC0016,029063,2000,11,25,25.8
IDCJAC0016,029063,2000,11,26,26.0
IDCJAC0016,029063,2000,11,27,27.5
IDCJAC0016,029063,2000,11,28,27.2
IDCJAC0016,029063,2000,11,29,27.4
IDCJAC0016,029063,2000,11,30,30.4
IDCJAC0016,029063,2000,12,01,26.8
IDCJAC0016,029063,2000,12,02,25.4
IDCJAC0016,029063,2000,12,03,26.8
IDCJAC0016,029063,2000,12,04,27.1
IDCJAC0016,029063,2000,12,05,21.9
IDCJAC0016,029063,2000,12,06,23.6
IDCJAC0016,029063,2000,12,07,4.5
IDCJAC0016,029063,2000,12,08,8.9
IDCJAC0016,029063,2000,12,09,3.5
IDCJAC0016,029063,2000,12,10,14.2
IDCJAC0016,029063,2000,12,11,11.9
IDCJAC0016,029063,2000,12,12,
IDCJAC0016,029063,2000,12,13,23.5
IDCJAC0016,029063,2000,12,14,23.4
IDCJAC0016,029063,2000,12,15,16.0
IDCJAC0016,029063,2000,12,16,11.7
IDCJAC0016,029063,2000,12,17,15.7
IDCJAC0016,029063,2000,12,18,11.0
IDCJAC0016,029063,2000,12,19,18.4
IDCJAC0016,029063,2000,12,20,12.9
IDCJAC0016,029063,2000,12,21,22.6
IDCJAC0016,029063,2000,12,22,19.6
IDCJAC0016,029063,2000,12,23,22.6
IDCJAC0016,029063,2000,12,24,24.5
IDCJAC0016,029063,2000,12,25,14.7
IDCJAC0016,029063,2000,12,26,15.8
IDCJAC0016,029063,2000,12,27,3.1
IDCJAC0016,029063,2000,12,28,22.0
IDCJAC0016,029063,2000,12,29,27.1
IDCJAC0016,029063,2000,12,30,29.4
IDCJAC0016,029063,2000,12,31,20.0
IDCJAC0016,029063,2001,01,01,19.5
IDCJAC0016,029063,2001,01,02,27.7
IDCJAC0016,029063,2001,01,03,30.2
IDCJAC0016,029063,2001,01,04,30.5
IDCJAC0016,029063,2001,01,05,31.0
IDCJAC0016,029063,2001,01,06,31.1
IDCJAC0016,029063,2001,01,07,31.1
IDCJAC0016,029063,2001,01,08,29.5
IDCJAC0016,029063,2001,01,09,23.3
IDCJAC0016,029063,2001,01,10,25.5
IDCJAC0016,029063,2001,01,11,6.1
IDCJAC0016,029063,2001,01,12,28.6
IDCJAC0016,029063,2001,01,13,26.1
IDCJAC0016,029063,2001,01,14,26.0
IDCJAC0016,029063,2001,01,15,27.0
IDCJAC0016,029063,2001,01,16,30.1
IDCJAC0016,029063,2001,01,17,30.4
IDCJAC0016,029063,2001,01,18,30.2
IDCJAC0016,029063,2001,01,19,29.5
IDCJAC0016,029063,2001,01,20,22.2
IDCJAC0016,029063,2001,01,21,21.5
IDCJAC0016,029063,2001,01,22,22.1
IDCJAC0016,029063,2001,01,23,26.4
IDCJAC0016,029063,2001,01,24,22.6
IDCJAC0016,029063,2001,01,25,17.7
IDCJAC0016,029063,2001,01,26,13.6
IDCJAC0016,029063,2001,01,27,16.4
IDCJAC0016,029063,2001,01,28,20.6
IDCJAC0016,029063,2001,01,29,28.9
IDCJAC0016,029063,2001,01,30,27.6
IDCJAC0016,029063,2001,01,31,22.9
IDCJAC0016,029063,2001,02,01,18.0
IDCJAC0016,029063,2001,02,02,11.3
IDCJAC0016,029063,2001,02,03,12.1
IDCJAC0016,029063,2001,02,04,19.0
IDCJAC0016,029063,2001,02,05,27.9
IDCJAC0016,029063,2001,02,06,27.7
IDCJAC0016,029063,2001,02,07,29.3
IDCJAC0016,029063,2001,02,08,27.0
IDCJAC0016,029063,2001,02,09,29.7
IDCJAC0016,029063,2001,02,10,26.4
IDCJAC0016,029063,2001,02,11,22.5
IDCJAC0016,029063,2001,02,12,26.1
IDCJAC0016,029063,2001,02,13,23.0
IDCJAC0016,029063,2001,02,14,22.4
IDCJAC0016,029063,2001,02,15,13.6
IDCJAC0016,029063,2001,02,16,13.6
IDCJAC0016,029063,2001,02,17,4.9
IDCJAC0016,029063,2001,02,18,1.4
IDCJAC0016,029063,2001,02,19,5.0
IDCJAC0016,029063,2001,02,20,28.4
IDCJAC0016,029063,2001,02,21,28.6
IDCJAC0016,029063,2001,02,22,28.7
IDCJAC0016,029063,2001,02,23,24.4
IDCJAC0016,029063,2001,02,24,17.6
IDCJAC0016,029063,2001,02,25,9.0
IDCJAC0016,029063,2001,02,26,7.5
IDCJAC0016,029063,2001,02,27,9.7
IDCJAC0016,029063,2001,02,28,19.2
IDCJAC0016,029063,2001,03,01,18.6
IDCJAC0016,029063,2001,03,02,24.7
IDCJAC0016,029063,2001,03,03,22.4
IDCJAC0016,029063,2001,03,04,18.9
IDCJAC0016,029063,2001,03,05,22.1
IDCJAC0016,029063,2001,03,06,22.1
IDCJAC0016,029063,2001,03,07,28.3
IDCJAC0016,029063,2001,03,08,22.5
IDCJAC0016,029063,2001,03,09,24.0
IDCJAC0016,029063,2001,03,10,25.9
IDCJAC0016,029063,2001,03,11,25.3
IDCJAC0016,029063,2001,03,12,26.4
IDCJAC0016,029063,2001,03,13,18.4
IDCJAC0016,029063,2001,03,14,20.2
IDCJAC0016,029063,2001,03,15,23.4
IDCJAC0016,029063,2001,03,16,25.8
IDCJAC0016,029063,2001,03,17,26.4
IDCJAC0016,029063,2001,03,18,22.8
IDCJAC0016,029063,2001,03,19,21.8
IDCJAC0016,029063,2001,03,20,12.9
IDCJAC0016,029063,2001,03,21,12.9
IDCJAC0016,029063,2001,03,22,22.6
IDCJAC0016,029063,2001,03,23,19.2
IDCJAC0016,029063,2001,03,24,23.0
IDCJAC0016,029063,2001,03,25,17.8
IDCJAC0016,029063,2001,03,26,21.0
IDCJAC0016,029063,2001,03,27,23.8
IDCJAC0016,029063,2001,03,28,21.1
IDCJAC0016,029063,2001,03,29,21.8
IDCJAC0016,029063,2001,03,30,24.0
IDCJAC0016,029063,2001,03,31,18.2
IDCJAC0016,029063,2001,04,01,24.3
IDCJAC0016,029063,2001,04,02,14.6
IDCJAC0016,029063,2001,04,03,21.1
IDCJAC0016,029063,2001,04,04,23.5
IDCJAC0016,029063,2001,04,05,19.6
IDCJAC0016,029063,2001,04,06,21.9
IDCJAC0016,029063,2001,04,07,22.4
IDCJAC0016,029063,2001,04,08,15.4
IDCJAC0016,029063,2001,04,09,23.0
IDCJAC0016,029063,2001,04,10,24.5
IDCJAC0016,029063,2001,04,11,24.1
IDCJAC0016,029063,2001,04,12,21.1
IDCJAC0016,029063,2001,04,13,23.9
IDCJAC0016,029063,2001,04,14,23.3
IDCJAC0016,029063,2001,04,15,23.7
IDCJAC0016,029063,2001,04,16,23.8
IDCJAC0016,029063,2001,04,17,23.9
IDCJAC0016,029063,2001,04,18,23.5
IDCJAC0016,029063,2001,04,19,23.2
IDCJAC0016,029063,2001,04,20,22.2
IDCJAC0016,029063,2001,04,21,21.0
IDCJAC0016,029063,2001,04,22,22.8
IDCJAC0016,029063,2001,04,23,23.1
IDCJAC0016,029063,2001,04,24,22.7
IDCJAC0016,029063,2001,04,25,22.3
IDCJAC0016,029063,2001,04,26,21.7
IDCJAC0016,029063,2001,04,27,22.5
IDCJAC0016,029063,2001,04,28,21.3
IDCJAC0016,029063,2001,04,29,20.2
IDCJAC0016,029063,2001,04,30,21.2
IDCJAC0016,029063,2001,05,01,20.9
IDCJAC0016,029063,2001,05,02,20.1
IDCJAC0016,029063,2001,05,03,19.5
IDCJAC0016,029063,2001,05,04,20.2
IDCJAC0016,029063,2001,05,05,19.5
IDCJAC0016,029063,2001,05,06,21.1
IDCJAC0016,029063,2001,05,07,21.0
IDCJAC0016,029063,2001,05,08,21.2
IDCJAC0016,029063,2001,05,09,21.2
IDCJAC0016,029063,2001,05,10,21.2
IDCJAC0016,029063,2001,05,11,21.2
IDCJAC0016,029063,2001,05,12,20.9
IDCJAC0016,029063,2001,05,13,20.7
IDCJAC0016,029063,2001,05,14,18.2
IDCJAC0016,029063,2001,05,15,18.9
IDCJAC0016,029063,2001,05,16,19.4
IDCJAC0016,029063,2001,05,17,19.6
IDCJAC0016,029063,2001,05,18,20.5
IDCJAC0016,029063,2001,05,19,20.2
IDCJAC0016,029063,2001,05,20,19.9
IDCJAC0016,029063,2001,05,21,19.3
IDCJAC0016,029063,2001,05,22,19.8
IDCJAC0016,029063,2001,05,23,18.9
IDCJAC0016,029063,2001,05,24,19.1
IDCJAC0016,029063,2001,05,25,19.2
IDCJAC0016,029063,2001,05,26,17.9
IDCJAC0016,029063,2001,05,27,18.4
IDCJAC0016,029063,2001,05,28,19.2
IDCJAC0016,029063,2001,05,29,19.1
IDCJAC0016,029063,2001,05,30,18.7
IDCJAC0016,029063,2001,05,31,18.3
IDCJAC0016,029063,2001,06,01,17.6
IDCJAC0016,029063,2001,06,02,17.5
IDCJAC0016,029063,2001,06,03,17.9
IDCJAC0016,029063,2001,06,04,17.9
IDCJAC0016,029063,2001,06,05,18.3
IDCJAC0016,029063,2001,06,06,17.5
IDCJAC0016,029063,2001,06,07,18.1
IDCJAC0016,029063,2001,06,08,17.8
IDCJAC0016,029063,2001,06,09,17.7
IDCJAC0016,029063,2001,06,10,18.1
IDCJAC0016,029063,2001,06,11,18.1
IDCJAC0016,029063,2001,06,12,17.6
IDCJAC0016,029063,2001,06,13,17.2
IDCJAC0016,029063,2001,06,14,17.9
IDCJAC0016,029063,2001,06,15,18.1
IDCJAC0016,029063,2001,06,16,17.8
IDCJAC0016,029063,2001,06,17,18.0
IDCJAC0016,029063,2001,06,18,18.5
IDCJAC0016,029063,2001,06,19,18.1
IDCJAC0016,029063,2001,06,20,17.6
IDCJAC0016,029063,2001,06,21,13.0
IDCJAC0016,029063,2001,06,22,14.6
IDCJAC0016,029063,2001,06,23,16.0
IDCJAC0016,029063,2001,06,24,17.6
IDCJAC0016,029063,2001,06,25,17.4
IDCJAC0016,029063,2001,06,26,17.4
IDCJAC0016,029063,2001,06,27,16.3
IDCJAC0016,029063,2001,06,28,16.0
IDCJAC0016,029063,2001,06,29,16.1
IDCJAC0016,029063,2001,06,30,17.5
IDCJAC0016,029063,2001,07,01,18.6
IDCJAC0016,029063,2001,07,02,18.9
IDCJAC0016,029063,2001,07,03,18.5
IDCJAC0016,029063,2001,07,04,18.5
IDCJAC0016,029063,2001,07,05,19.1
IDCJAC0016,029063,2001,07,06,18.9
IDCJAC0016,029063,2001,07,07,19.2
IDCJAC0016,029063,2001,07,08,18.4
IDCJAC0016,029063,2001,07,09,19.0
IDCJAC0016,029063,2001,07,10,18.6
IDCJAC0016,029063,2001,07,11,18.7
IDCJAC0016,029063,2001,07,12,18.2
IDCJAC0016,029063,2001,07,13,18.4
IDCJAC0016,029063,2001,07,14,18.3
IDCJAC0016,029063,2001,07,15,18.2
IDCJAC0016,029063,2001,07,16,18.5
IDCJAC0016,029063,2001,07,17,18.9
IDCJAC0016,029063,2001,07,18,18.9
IDCJAC0016,029063,2001,07,19,19.7
IDCJAC0016,029063,2001,07,20,16.8
IDCJAC0016,029063,2001,07,21,18.8
IDCJAC0016,029063,2001,07,22,18.8
IDCJAC0016,029063,2001,07,23,19.5
IDCJAC0016,029063,2001,07,24,19.7
IDCJAC0016,029063,2001,07,25,18.7
IDCJAC0016,029063,2001,07,26,19.9
IDCJAC0016,029063,2001,07,27,20.2
IDCJAC0016,029063,2001,07,28,20.5
IDCJAC0016,029063,2001,07,29,20.6
IDCJAC0016,029063,2001,07,30,20.4
IDCJAC0016,029063,2001,07,31,20.2
IDCJAC0016,029063,2001,08,01,20.4
IDCJAC0016,029063,2001,08,02,19.3
IDCJAC0016,029063,2001,08,03,21.3
IDCJAC0016,029063,2001,08,04,18.4
IDCJAC0016,029063,2001,08,05,20.8
IDCJAC0016,029063,2001,08,06,21.5
IDCJAC0016,029063,2001,08,07,21.7
IDCJAC0016,029063,2001,08,08,21.9
IDCJAC0016,029063,2001,08,09,21.4
IDCJAC0016,029063,2001,08,10,22.1
IDCJAC0016,029063,2001,08,11,22.2
IDCJAC0016,029063,2001,08,12,21.3
IDCJAC0016,029063,2001,08,13,22.0
IDCJAC0016,029063,2001,08,14,21.6
IDCJAC0016,029063,2001,08,15,22.2
IDCJAC0016,029063,2001,08,16,22.1
IDCJAC0016,029063,2001,08,17,
IDCJAC0016,029063,2001,08,18,22.9
IDCJAC0016,029063,2001,08,19,23.3
IDCJAC0016,029063,2001,08,20,22.2
IDCJAC0016,029063,2001,08,21,22.7
IDCJAC0016,029063,2001,08,22,23.0
IDCJAC0016,029063,2001,08,23,23.2
IDCJAC0016,029063,2001,08,24,18.7
IDCJAC0016,029063,2001,08,25,22.0
IDCJAC0016,029063,2001,08,26,22.5
IDCJAC0016,029063,2001,08,27,23.9
IDCJAC0016,029063,2001,08,28,23.3
IDCJAC0016,029063,2001,08,29,23.7
IDCJAC0016,029063,2001,08,30,24.7
IDCJAC0016,029063,2001,08,31,24.5
IDCJAC0016,029063,2001,09,01,23.3
IDCJAC0016,029063,2001,09,02,23.8
IDCJAC0016,029063,2001,09,03,24.3
IDCJAC0016,029063,2001,09,04,24.3
IDCJAC0016,029063,2001,09,05,24.3
IDCJAC0016,029063,2001,09,06,24.5
IDCJAC0016,029063,2001,09,07,
IDCJAC0016,029063,2001,09,08,23.3
IDCJAC0016,029063,2001,09,09,24.0
IDCJAC0016,029063,2001,09,10,23.9
IDCJAC0016,029063,2001,09,11,23.5
IDCJAC0016,029063,2001,09,12,23.7
IDCJAC0016,029063,2001,09,13,24.2
IDCJAC0016,029063,2001,09,14,24.5
IDCJAC0016,029063,2001,09,15,24.4
IDCJAC0016,029063,2001,09,16,25.2
IDCJAC0016,029063,2001,09,17,23.1
IDCJAC0016,029063,2001,09,18,25.0
IDCJAC0016,029063,2001,09,19,21.9
IDCJAC0016,029063,2001,09,20,24.9
IDCJAC0016,029063,2001,09,21,24.3
IDCJAC0016,029063,2001,09,22,25.5
IDCJAC0016,029063,2001,09,23,26.0
IDCJAC0016,029063,2001,09,24,25.9
IDCJAC0016,029063,2001,09,25,25.8
IDCJAC0016,029063,2001,09,26,25.7
IDCJAC0016,029063,2001,09,27,26.6
IDCJAC0016,029063,2001,09,28,26.5
IDCJAC0016,029063,2001,09,29,26.6
IDCJAC0016,029063,2001,09,30,26.5
IDCJAC0016,029063,2001,10,01,26.2
IDCJAC0016,029063,2001,10,02,26.0
IDCJAC0016,029063,2001,10,03,26.0
IDCJAC0016,029063,2001,10,04,26.1
IDCJAC0016,029063,2001,10,05,27.2
IDCJAC0016,029063,2001,10,06,28.5
IDCJAC0016,029063,2001,10,07,28.1
IDCJAC0016,029063,2001,10,08,27.7
IDCJAC0016,029063,2001,10,09,27.4
IDCJAC0016,029063,2001,10,10,26.9
IDCJAC0016,029063,2001,10,11,26.1
IDCJAC0016,029063,2001,10,12,26.9
IDCJAC0016,029063,2001,10,13,26.2
IDCJAC0016,029063,2001,10,14,22.5
IDCJAC0016,029063,2001,10,15,27.8
IDCJAC0016,029063,2001,10,16,27.7
IDCJAC0016,029063,2001,10,17,24.2
IDCJAC0016,029063,2001,10,18,25.5
IDCJAC0016,029063,2001,10,19,29.2
IDCJAC0016,029063,2001,10,20,29.4
IDCJAC0016,029063,2001,10,21,29.0
IDCJAC0016,029063,2001,10,22,26.8
IDCJAC0016,029063,2001,10,23,27.2
IDCJAC0016,029063,2001,10,24,15.0
IDCJAC0016,029063,2001,10,25,25.4
IDCJAC0016,029063,2001,10,26,17.0
IDCJAC0016,029063,2001,10,27,29.4
IDCJAC0016,029063,2001,10,28,29.5
IDCJAC0016,029063,2001,10,29,29.2
IDCJAC0016,029063,2001,10,30,29.6
IDCJAC0016,029063,2001,10,31,28.6
IDCJAC0016,029063,2001,11,01,
IDCJAC0016,029063,2001,11,02,
IDCJAC0016,029063,2001,11,03,
IDCJAC0016,029063,2001,11,04,24.6
IDCJAC0016,029063,2001,11,05,28.4
IDCJAC0016,029063,2001,11,06,28.5
IDCJAC0016,029063,2001,11,07,27.9
IDCJAC0016,029063,2001,11,08,28.0
IDCJAC0016,029063,2001,11,09,24.2
IDCJAC0016,029063,2001,11,10,18.7
IDCJAC0016,029063,2001,11,11,25.9
IDCJAC0016,029063,2001,11,12,29.0
IDCJAC0016,029063,2001,11,13,25.3
IDCJAC0016,029063,2001,11,14,19.4
IDCJAC0016,029063,2001,11,15,22.0
IDCJAC0016,029063,2001,11,16,27.8
IDCJAC0016,029063,2001,11,17,23.4
IDCJAC0016,029063,2001,11,18,25.8
IDCJAC0016,029063,2001,11,19,21.5
IDCJAC0016,029063,2001,11,20,29.8
IDCJAC0016,029063,2001,11,21,30.6
IDCJAC0016,029063,2001,11,22,30.1
IDCJAC0016,029063,2001,11,23,27.5
IDCJAC0016,029063,2001,11,24,27.1
IDCJAC0016,029063,2001,11,25,18.6
IDCJAC0016,029063,2001,11,26,
IDCJAC0016,029063,2001,11,27,21.5
IDCJAC0016,029063,2001,11,28,23.7
IDCJAC0016,029063,2001,11,29,14.1
IDCJAC0016,029063,2001,11,30,27.1
IDCJAC0016,029063,2001,12,01,24.1
IDCJAC0016,029063,2001,12,02,25.3
IDCJAC0016,029063,2001,12,03,26.6
IDCJAC0016,029063,2001,12,04,29.7
IDCJAC0016,029063,2001,12,05,29.9
IDCJAC0016,029063,2001,12,06,29.2
IDCJAC0016,029063,2001,12,07,30.0
IDCJAC0016,029063,2001,12,08,17.3
IDCJAC0016,029063,2001,12,09,3.6
IDCJAC0016,029063,2001,12,10,23.4
IDCJAC0016,029063,2001,12,11,9.8
IDCJAC0016,029063,2001,12,12,28.6
IDCJAC0016,029063,2001,12,13,5.3
IDCJAC0016,029063,2001,12,14,21.8
IDCJAC0016,029063,2001,12,15,
IDCJAC0016,029063,2001,12,16,3.3
IDCJAC0016,029063,2001,12,17,21.0
IDCJAC0016,029063,2001,12,18,27.0
IDCJAC0016,029063,2001,12,19,28.6
IDCJAC0016,029063,2001,12,20,28.1
IDCJAC0016,029063,2001,12,21,23.8
IDCJAC0016,029063,2001,12,22,29.5
IDCJAC0016,029063,2001,12,23,28.2
IDCJAC0016,029063,2001,12,24,26.1
IDCJAC0016,029063,2001,12,25,30.1
IDCJAC0016,029063,2001,12,26,28.9
IDCJAC0016,029063,2001,12,27,30.0
IDCJAC0016,029063,2001,12,28,29.8
IDCJAC0016,029063,2001,12,29,27.5
IDCJAC0016,029063,2001,12,30,20.5
IDCJAC0016,029063,2001,12,31,6.8
IDCJAC0016,029063,2002,01,01,11.0
IDCJAC0016,029063,2002,01,02,11.2
IDCJAC0016,029063,2002,01,03,13.5
IDCJAC0016,029063,2002,01,04,22.5
IDCJAC0016,029063,2002,01,05,20.9
IDCJAC0016,029063,2002,01,06,22.3
IDCJAC0016,029063,2002,01,07,29.2
IDCJAC0016,029063,2002,01,08,9.2
IDCJAC0016,029063,2002,01,09,26.2
IDCJAC0016,029063,2002,01,10,19.5
IDCJAC0016,029063,2002,01,11,15.4
IDCJAC0016,029063,2002,01,12,5.9
IDCJAC0016,029063,2002,01,13,24.5
IDCJAC0016,029063,2002,01,14,26.9
IDCJAC0016,029063,2002,01,15,22.0
IDCJAC0016,029063,2002,01,16,30.1
IDCJAC0016,029063,2002,01,17,30.4
IDCJAC0016,029063,2002,01,18,21.5
IDCJAC0016,029063,2002,01,19,31.3
IDCJAC0016,029063,2002,01,20,30.8
IDCJAC0016,029063,2002,01,21,28.6
IDCJAC0016,029063,2002,01,22,27.7
IDCJAC0016,029063,2002,01,23,29.4
IDCJAC0016,029063,2002,01,24,27.0
IDCJAC0016,029063,2002,01,25,30.7
IDCJAC0016,029063,2002,01,26,28.1
IDCJAC0016,029063,2002,01,27,19.4
IDCJAC0016,029063,2002,01,28,24.1
IDCJAC0016,029063,2002,01,29,19.5
IDCJAC0016,029063,2002,01,30,27.5
IDCJAC0016,029063,2002,01,31,29.5
IDCJAC0016,029063,2002,02,01,30.2
IDCJAC0016,029063,2002,02,02,28.6
IDCJAC0016,029063,2002,02,03,28.9
IDCJAC0016,029063,2002,02,04,27.6
IDCJAC0016,029063,2002,02,05,16.1
IDCJAC0016,029063,2002,02,06,26.8
IDCJAC0016,029063,2002,02,07,17.2
IDCJAC0016,029063,2002,02,08,19.1
IDCJAC0016,029063,2002,02,09,25.8
IDCJAC0016,029063,2002,02,10,28.0
IDCJAC0016,029063,2002,02,11,21.3
IDCJAC0016,029063,2002,02,12,15.2
IDCJAC0016,029063,2002,02,13,3.4
IDCJAC0016,029063,2002,02,14,12.6
IDCJAC0016,029063,2002,02,15,22.2
IDCJAC0016,029063,2002,02,16,10.6
IDCJAC0016,029063,2002,02,17,9.9
IDCJAC0016,029063,2002,02,18,25.8
IDCJAC0016,029063,2002,02,19,22.4
IDCJAC0016,029063,2002,02,20,18.7
IDCJAC0016,029063,2002,02,21,20.8
IDCJAC0016,029063,2002,02,22,19.1
IDCJAC0016,029063,2002,02,23,23.5
IDCJAC0016,029063,2002,02,24,26.9
IDCJAC0016,029063,2002,02,25,27.2
IDCJAC0016,029063,2002,02,26,25.5
IDCJAC0016,029063,2002,02,27,24.7
IDCJAC0016,029063,2002,02,28,5.3
IDCJAC0016,029063,2002,03,01,29.0
IDCJAC0016,029063,2002,03,02,24.5
IDCJAC0016,029063,2002,03,03,25.4
IDCJAC0016,029063,2002,03,04,22.3
IDCJAC0016,029063,2002,03,05,18.5
IDCJAC0016,029063,2002,03,06,27.3
IDCJAC0016,029063,2002,03,07,26.0
IDCJAC0016,029063,2002,03,08,29.2
IDCJAC0016,029063,2002,03,09,25.3
IDCJAC0016,029063,2002,03,10,29.1
IDCJAC0016,029063,2002,03,11,28.9
IDCJAC0016,029063,2002,03,12,23.4
IDCJAC0016,029063,2002,03,13,28.3
IDCJAC0016,029063,2002,03,14,28.8
IDCJAC0016,029063,2002,03,15,28.7
IDCJAC0016,029063,2002,03,16,28.0
IDCJAC0016,029063,2002,03,17,28.4
IDCJAC0016,029063,2002,03,18,26.3
IDCJAC0016,029063,2002,03,19,27.0
IDCJAC0016,029063,2002,03,20,27.7
IDCJAC0016,029063,2002,03,21,27.5
IDCJAC0016,029063,2002,03,22,27.1
IDCJAC0016,029063,2002,03,23,26.9
IDCJAC0016,029063,2002,03,24,26.6
IDCJAC0016,029063,2002,03,25,25.4
IDCJAC0016,029063,2002,03,26,25.5
IDCJAC0016,029063,2002,03,27,25.3
IDCJAC0016,029063,2002,03,28,26.9
IDCJAC0016,029063,2002,03,29,27.1
IDCJAC0016,029063,2002,03,30,26.8
IDCJAC0016,029063,2002,03,31,26.2
IDCJAC0016,029063,2002,04,01,26.3
IDCJAC0016,029063,2002,04,02,25.7
IDCJAC0016,029063,2002,04,03,23.8
IDCJAC0016,029063,2002,04,04,
IDCJAC0016,029063,2002,04,05,
IDCJAC0016,029063,2002,04,06,
IDCJAC0016,029063,2002,04,07,24.6
IDCJAC0016,029063,2002,04,08,24.7
IDCJAC0016,029063,2002,04,09,23.6
IDCJAC0016,029063,2002,04,10,22.5
IDCJAC0016,029063,2002,04,11,22.9
IDCJAC0016,029063,2002,04,12,23.7
IDCJAC0016,029063,2002,04,13,21.9
IDCJAC0016,029063,2002,04,14,21.8
IDCJAC0016,029063,2002,04,15,23.6
IDCJAC0016,029063,2002,04,16,23.1
IDCJAC0016,029063,2002,04,17,22.4
IDCJAC0016,029063,2002,04,18,23.7
IDCJAC0016,029063,2002,04,19,23.0
IDCJAC0016,029063,2002,04,20,20.5
IDCJAC0016,029063,2002,04,21,22.6
IDCJAC0016,029063,2002,04,22,23.0
IDCJAC0016,029063,2002,04,23,23.6
IDCJAC0016,029063,2002,04,24,23.5
IDCJAC0016,029063,2002,04,25,23.4
IDCJAC0016,029063,2002,04,26,22.8
IDCJAC0016,029063,2002,04,27,21.5
IDCJAC0016,029063,2002,04,28,22.3
IDCJAC0016,029063,2002,04,29,22.1
IDCJAC0016,029063,2002,04,30,22.1
IDCJAC0016,029063,2002,05,01,22.0
IDCJAC0016,029063,2002,05,02,19.9
IDCJAC0016,029063,2002,05,03,22.0
IDCJAC0016,029063,2002,05,04,22.0
IDCJAC0016,029063,2002,05,05,21.8
IDCJAC0016,029063,2002,05,06,21.3
IDCJAC0016,029063,2002,05,07,21.3
IDCJAC0016,029063,2002,05,08,21.1
IDCJAC0016,029063,2002,05,09,21.3
IDCJAC0016,029063,2002,05,10,20.1
IDCJAC0016,029063,2002,05,11,21.4
IDCJAC0016,029063,2002,05,12,20.6
IDCJAC0016,029063,2002,05,13,20.2
IDCJAC0016,029063,2002,05,14,20.7
IDCJAC0016,029063,2002,05,15,20.5
IDCJAC0016,029063,2002,05,16,20.3
IDCJAC0016,029063,2002,05,17,19.8
IDCJAC0016,029063,2002,05,18,20.6
IDCJAC0016,029063,2002,05,19,20.2
IDCJAC0016,029063,2002,05,20,20.6
IDCJAC0016,029063,2002,05,21,20.2
IDCJAC0016,029063,2002,05,22,20.2
IDCJAC0016,029063,2002,05,23,19.9
IDCJAC0016,029063,2002,05,24,19.4
IDCJAC0016,029063,2002,05,25,19.8
IDCJAC0016,029063,2002,05,26,19.7
IDCJAC0016,029063,2002,05,27,19.6
IDCJAC0016,029063,2002,05,28,20.5
IDCJAC0016,029063,2002,05,29,19.9
IDCJAC0016,029063,2002,05,30,19.8
IDCJAC0016,029063,2002,05,31,19.9
IDCJAC0016,029063,2002,06,01,20.0
IDCJAC0016,029063,2002,06,02,20.3
IDCJAC0016,029063,2002,06,03,20.4
IDCJAC0016,029063,2002,06,04,19.6
IDCJAC0016,029063,2002,06,05,19.8
IDCJAC0016,029063,2002,06,06,19.2
IDCJAC0016,029063,2002,06,07,18.4
IDCJAC0016,029063,2002,06,08,18.6
IDCJAC0016,029063,2002,06,09,18.3
IDCJAC0016,029063,2002,06,10,18.2
IDCJAC0016,029063,2002,06,11,18.2
IDCJAC0016,029063,2002,06,12,18.0
IDCJAC0016,029063,2002,06,13,18.5
IDCJAC0016,029063,2002,06,14,17.9
IDCJAC0016,029063,2002,06,15,14.9
IDCJAC0016,029063,2002,06,16,15.9
IDCJAC0016,029063,2002,06,17,18.0
IDCJAC0016,029063,2002,06,18,18.4
IDCJAC0016,029063,2002,06,19,19.0
IDCJAC0016,029063,2002,06,20,18.8
IDCJAC0016,029063,2002,06,21,18.8
IDCJAC0016,029063,2002,06,22,18.9
IDCJAC0016,029063,2002,06,23,18.7
IDCJAC0016,029063,2002,06,24,19.1
IDCJAC0016,029063,2002,06,25,17.4
IDCJAC0016,029063,2002,06,26,17.9
IDCJAC0016,029063,2002,06,27,18.2
IDCJAC0016,029063,2002,06,28,19.0
IDCJAC0016,029063,2002,06,29,18.9
IDCJAC0016,029063,2002,06,30,19.5
IDCJAC0016,029063,2002,07,01,19.0
IDCJAC0016,029063,2002,07,02,18.6
IDCJAC0016,029063,2002,07,03,18.5
IDCJAC0016,029063,2002,07,04,19.7
IDCJAC0016,029063,2002,07,05,19.9
IDCJAC0016,029063,2002,07,06,19.6
IDCJAC0016,029063,2002,07,07,19.1
IDCJAC0016,029063,2002,07,08,18.3
IDCJAC0016,029063,2002,07,09,17.7
IDCJAC0016,029063,2002,07,10,18.6
IDCJAC0016,029063,2002,07,11,18.5
IDCJAC0016,029063,2002,07,12,18.7
IDCJAC0016,029063,2002,07,13,17.6
IDCJAC0016,029063,2002,07,14,18.2
IDCJAC0016,029063,2002,07,15,19.6
IDCJAC0016,029063,2002,07,16,18.0
IDCJAC0016,029063,2002,07,17,18.8
IDCJAC0016,029063,2002,07,18,19.4
IDCJAC0016,029063,2002,07,19,19.4
IDCJAC0016,029063,2002,07,20,17.9
IDCJAC0016,029063,2002,07,21,19.6
IDCJAC0016,029063,2002,07,22,19.6
IDCJAC0016,029063,2002,07,23,19.4
IDCJAC0016,029063,2002,07,24,19.6
IDCJAC0016,029063,2002,07,25,19.9
IDCJAC0016,029063,2002,07,26,20.2
IDCJAC0016,029063,2002,07,27,19.9
IDCJAC0016,029063,2002,07,28,20.2
IDCJAC0016,029063,2002,07,29,20.1
IDCJAC0016,029063,2002,07,30,20.4
IDCJAC0016,029063,2002,07,31,20.3
IDCJAC0016,029063,2002,08,01,19.9
IDCJAC0016,029063,2002,08,02,20.2
IDCJAC0016,029063,2002,08,03,20.2
IDCJAC0016,029063,2002,08,04,19.6
IDCJAC0016,029063,2002,08,05,21.6
IDCJAC0016,029063,2002,08,06,21.3
IDCJAC0016,029063,2002,08,07,21.3
IDCJAC0016,029063,2002,08,08,20.8
IDCJAC0016,029063,2002,08,09,22.2
IDCJAC0016,029063,2002,08,10,20.9
IDCJAC0016,029063,2002,08,11,21.6
IDCJAC0016,029063,2002,08,12,21.9
IDCJAC0016,029063,2002,08,13,22.7
IDCJAC0016,029063,2002,08,14,21.3
IDCJAC0016,029063,2002,08,15,22.5
IDCJAC0016,029063,2002,08,16,21.3
IDCJAC0016,029063,2002,08,17,11.2
IDCJAC0016,029063,2002,08,18,15.5
IDCJAC0016,029063,2002,08,19,6.2
IDCJAC0016,029063,2002,08,20,20.6
IDCJAC0016,029063,2002,08,21,23.4
IDCJAC0016,029063,2002,08,22,23.6
IDCJAC0016,029063,2002,08,23,24.8
IDCJAC0016,029063,2002,08,24,25.3
IDCJAC0016,029063,2002,08,25,25.5
IDCJAC0016,029063,2002,08,26,25.0
IDCJAC0016,029063,2002,08,27,24.7
IDCJAC0016,029063,2002,08,28,23.9
IDCJAC0016,029063,2002,08,29,19.5
IDCJAC0016,029063,2002,08,30,23.9
IDCJAC0016,029063,2002,08,31,24.8
IDCJAC0016,029063,2002,09,01,23.3
IDCJAC0016,029063,2002,09,02,24.2
IDCJAC0016,029063,2002,09,03,24.4
IDCJAC0016,029063,2002,09,04,24.7
IDCJAC0016,029063,2002,09,05,
IDCJAC0016,029063,2002,09,06,
IDCJAC0016,029063,2002,09,07,
IDCJAC0016,029063,2002,09,08,
IDCJAC0016,029063,2002,09,09,24.2
IDCJAC0016,029063,2002,09,10,23.9
IDCJAC0016,029063,2002,09,11,24.9
IDCJAC0016,029063,2002,09,12,25.4
IDCJAC0016,029063,2002,09,13,19.8
IDCJAC0016,029063,2002,09,14,24.0
IDCJAC0016,029063,2002,09,15,25.3
IDCJAC0016,029063,2002,09,16,25.9
IDCJAC0016,029063,2002,09,17,23.8
IDCJAC0016,029063,2002,09,18,26.3
IDCJAC0016,029063,2002,09,19,26.6
IDCJAC0016,029063,2002,09,20,26.8
IDCJAC0016,029063,2002,09,21,26.3
IDCJAC0016,029063,2002,09,22,25.7
IDCJAC0016,029063,2002,09,23,26.6
IDCJAC0016,029063,2002,09,24,26.8
IDCJAC0016,029063,2002,09,25,27.1
IDCJAC0016,029063,2002,09,26,27.6
IDCJAC0016,029063,2002,09,27,27.9
IDCJAC0016,029063,2002,09,28,27.2
IDCJAC0016,029063,2002,09,29,27.3
IDCJAC0016,029063,2002,09,30,27.7
IDCJAC0016,029063,2002,10,01,27.1
IDCJAC0016,029063,2002,10,02,26.3
IDCJAC0016,029063,2002,10,03,26.3
IDCJAC0016,029063,2002,10,04,25.8
IDCJAC0016,029063,2002,10,05,27.0
IDCJAC0016,029063,2002,10,06,27.9
IDCJAC0016,029063,2002,10,07,25.9
IDCJAC0016,029063,2002,10,08,26.0
IDCJAC0016,029063,2002,10,09,27.1
IDCJAC0016,029063,2002,10,10,26.7
IDCJAC0016,029063,2002,10,11,25.6
IDCJAC0016,029063,2002,10,12,22.9
IDCJAC0016,029063,2002,10,13,26.8
IDCJAC0016,029063,2002,10,14,26.7
IDCJAC0016,029063,2002,10,15,28.2
IDCJAC0016,029063,2002,10,16,28.7
IDCJAC0016,029063,2002,10,17,27.1
IDCJAC0016,029063,2002,10,18,27.7
IDCJAC0016,029063,2002,10,19,28.3
IDCJAC0016,029063,2002,10,20,28.5
IDCJAC0016,029063,2002,10,21,28.3
IDCJAC0016,029063,2002,10,22,28.9
IDCJAC0016,029063,2002,10,23,29.3
IDCJAC0016,029063,2002,10,24,30.0
IDCJAC0016,029063,2002,10,25,29.8
IDCJAC0016,029063,2002,10,26,29.1
IDCJAC0016,029063,2002,10,27,28.9
IDCJAC0016,029063,2002,10,28,30.7
IDCJAC0016,029063,2002,10,29,29.6
IDCJAC0016,029063,2002,10,30,26.1
IDCJAC0016,029063,2002,10,31,28.6
IDCJAC0016,029063,2002,11,01,28.5
IDCJAC0016,029063,2002,11,02,29.0
IDCJAC0016,029063,2002,11,03,28.3
IDCJAC0016,029063,2002,11,04,29.0
IDCJAC0016,029063,2002,11,05,29.0
IDCJAC0016,029063,2002,11,06,29.2
IDCJAC0016,029063,2002,11,07,29.2
IDCJAC0016,029063,2002,11,08,29.3
IDCJAC0016,029063,2002,11,09,29.9
IDCJAC0016,029063,2002,11,10,29.8
IDCJAC0016,029063,2002,11,11,29.8
IDCJAC0016,029063,2002,11,12,28.7
IDCJAC0016,029063,2002,11,13,26.5
IDCJAC0016,029063,2002,11,14,28.8
IDCJAC0016,029063,2002,11,15,29.3
IDCJAC0016,029063,2002,11,16,27.7
IDCJAC0016,029063,2002,11,17,27.4
IDCJAC0016,029063,2002,11,18,28.5
IDCJAC0016,029063,2002,11,19,28.8
IDCJAC0016,029063,2002,11,20,29.0
IDCJAC0016,029063,2002,11,21,28.2
IDCJAC0016,029063,2002,11,22,30.0
IDCJAC0016,029063,2002,11,23,29.3
IDCJAC0016,029063,2002,11,24,28.4
IDCJAC0016,029063,2002,11,25,27.5
IDCJAC0016,029063,2002,11,26,16.8
IDCJAC0016,029063,2002,11,27,10.2
IDCJAC0016,029063,2002,11,28,27.7
IDCJAC0016,029063,2002,11,29,6.6
IDCJAC0016,029063,2002,11,30,18.4
IDCJAC0016,029063,2002,12,01,28.7
IDCJAC0016,029063,2002,12,02,30.3
IDCJAC0016,029063,2002,12,03,30.2
IDCJAC0016,029063,2002,12,04,29.8
IDCJAC0016,029063,2002,12,05,29.9
IDCJAC0016,029063,2002,12,06,31.3
IDCJAC0016,029063,2002,12,07,31.8
IDCJAC0016,029063,2002,12,08,30.7
IDCJAC0016,029063,2002,12,09,27.4
IDCJAC0016,029063,2002,12,10,3.2
IDCJAC0016,029063,2002,12,11,30.5
IDCJAC0016,029063,2002,12,12,31.8
IDCJAC0016,029063,2002,12,13,30.9
IDCJAC0016,029063,2002,12,14,30.1
IDCJAC0016,029063,2002,12,15,26.1
IDCJAC0016,029063,2002,12,16,30.2
IDCJAC0016,029063,2002,12,17,27.4
IDCJAC0016,029063,2002,12,18,30.3
IDCJAC0016,029063,2002,12,19,27.4
IDCJAC0016,029063,2002,12,20,28.3
IDCJAC0016,029063,2002,12,21,25.0
IDCJAC0016,029063,2002,12,22,30.1
IDCJAC0016,029063,2002,12,23,25.1
IDCJAC0016,029063,2002,12,24,29.4
IDCJAC0016,029063,2002,12,25,28.0
IDCJAC0016,029063,2002,12,26,26.0
IDCJAC0016,029063,2002,12,27,17.6
IDCJAC0016,029063,2002,12,28,30.3
IDCJAC0016,029063,2002,12,29,29.2
IDCJAC0016,029063,2002,12,30,29.5
IDCJAC0016,029063,2002,12,31,16.4
IDCJAC0016,029063,2003,01,01,
IDCJAC0016,029063,2003,01,02,27.9
IDCJAC0016,029063,2003,01,03,30.5
IDCJAC0016,029063,2003,01,04,27.1
IDCJAC0016,029063,2003,01,05,14.2
IDCJAC0016,029063,2003,01,06,23.9
IDCJAC0016,029063,2003,01,07,9.9
IDCJAC0016,029063,2003,01,08,16.0
IDCJAC0016,029063,2003,01,09,19.0
IDCJAC0016,029063,2003,01,10,2.8
IDCJAC0016,029063,2003,01,11,3.7
IDCJAC0016,029063,2003,01,12,4.5
IDCJAC0016,029063,2003,01,13,8.1
IDCJAC0016,029063,2003,01,14,15.1
IDCJAC0016,029063,2003,01,15,10.7
IDCJAC0016,029063,2003,01,16,2.4
IDCJAC0016,029063,2003,01,17,2.9
IDCJAC0016,029063,2003,01,18,10.9
IDCJAC0016,029063,2003,01,19,22.3
IDCJAC0016,029063,2003,01,20,20.2
IDCJAC0016,029063,2003,01,21,25.0
IDCJAC0016,029063,2003,01,22,30.2
IDCJAC0016,029063,2003,01,23,29.3
IDCJAC0016,029063,2003,01,24,17.6
IDCJAC0016,029063,2003,01,25,6.2
IDCJAC0016,029063,2003,01,26,28.6
IDCJAC0016,029063,2003,01,27,29.6
IDCJAC0016,029063,2003,01,28,28.8
IDCJAC0016,029063,2003,01,29,28.8
IDCJAC0016,029063,2003,01,30,28.8
IDCJAC0016,029063,2003,01,31,28.3
IDCJAC0016,029063,2003,02,01,29.2
IDCJAC0016,029063,2003,02,02,24.1
IDCJAC0016,029063,2003,02,03,21.8
IDCJAC0016,029063,2003,02,04,22.0
IDCJAC0016,029063,2003,02,05,26.0
IDCJAC0016,029063,2003,02,06,19.1
IDCJAC0016,029063,2003,02,07,27.6
IDCJAC0016,029063,2003,02,08,8.4
IDCJAC0016,029063,2003,02,09,28.0
IDCJAC0016,029063,2003,02,10,28.0
IDCJAC0016,029063,2003,02,11,25.9
IDCJAC0016,029063,2003,02,12,26.1
IDCJAC0016,029063,2003,02,13,18.1
IDCJAC0016,029063,2003,02,14,18.1
IDCJAC0016,029063,2003,02,15,20.4
IDCJAC0016,029063,2003,02,16,26.0
IDCJAC0016,029063,2003,02,17,18.9
IDCJAC0016,029063,2003,02,18,21.2
IDCJAC0016,029063,2003,02,19,25.3
IDCJAC0016,029063,2003,02,20,27.6
IDCJAC0016,029063,2003,02,21,25.4
IDCJAC0016,029063,2003,02,22,27.4
IDCJAC0016,029063,2003,02,23,22.6
IDCJAC0016,029063,2003,02,24,18.0
IDCJAC0016,029063,2003,02,25,8.5
IDCJAC0016,029063,2003,02,26,9.5
IDCJAC0016,029063,2003,02,27,20.1
IDCJAC0016,029063,2003,02,28,2.5
IDCJAC0016,029063,2003,03,01,19.4
IDCJAC0016,029063,2003,03,02,25.5
IDCJAC0016,029063,2003,03,03,29.4
IDCJAC0016,029063,2003,03,04,28.9
IDCJAC0016,029063,2003,03,05,25.8
IDCJAC0016,029063,2003,03,06,9.6
IDCJAC0016,029063,2003,03,07,18.9
IDCJAC0016,029063,2003,03,08,27.3
IDCJAC0016,029063,2003,03,09,20.1
IDCJAC0016,029063,2003,03,10,7.4
IDCJAC0016,029063,2003,03,11,15.9
IDCJAC0016,029063,2003,03,12,6.1
IDCJAC0016,029063,2003,03,13,10.5
IDCJAC0016,029063,2003,03,14,25.4
IDCJAC0016,029063,2003,03,15,24.0
IDCJAC0016,029063,2003,03,16,27.8
IDCJAC0016,029063,2003,03,17,28.0
IDCJAC0016,029063,2003,03,18,26.8
IDCJAC0016,029063,2003,03,19,26.2
IDCJAC0016,029063,2003,03,20,22.3
IDCJAC0016,029063,2003,03,21,26.3
IDCJAC0016,029063,2003,03,22,27.0
IDCJAC0016,029063,2003,03,23,26.8
IDCJAC0016,029063,2003,03,24,26.1
IDCJAC0016,029063,2003,03,25,26.4
IDCJAC0016,029063,2003,03,26,25.8
IDCJAC0016,029063,2003,03,27,22.3
IDCJAC0016,029063,2003,03,28,25.7
IDCJAC0016,029063,2003,03,29,25.8
IDCJAC0016,029063,2003,03,30,25.4
IDCJAC0016,029063,2003,03,31,26.0
IDCJAC0016,029063,2003,04,01,24.3
IDCJAC0016,029063,2003,04,02,
IDCJAC0016,029063,2003,04,03,22.7
IDCJAC0016,029063,2003,04,04,25.4
IDCJAC0016,029063,2003,04,05,25.8
IDCJAC0016,029063,2003,04,06,24.8
IDCJAC0016,029063,2003,04,07,22.6
IDCJAC0016,029063,2003,04,08,22.2
IDCJAC0016,029063,2003,04,09,23.4
IDCJAC0016,029063,2003,04,10,18.8
IDCJAC0016,029063,2003,04,11,21.1
IDCJAC0016,029063,2003,04,12,19.7
IDCJAC0016,029063,2003,04,13,23.5
IDCJAC0016,029063,2003,04,14,22.4
IDCJAC0016,029063,2003,04,15,22.2
IDCJAC0016,029063,2003,04,16,24.6
IDCJAC0016,029063,2003,04,17,24.3
IDCJAC0016,029063,2003,04,18,21.8
IDCJAC0016,029063,2003,04,19,21.1
IDCJAC0016,029063,2003,04,20,22.6
IDCJAC0016,029063,2003,04,21,23.2
IDCJAC0016,029063,2003,04,22,23.3
IDCJAC0016,029063,2003,04,23,23.6
IDCJAC0016,029063,2003,04,24,23.3
IDCJAC0016,029063,2003,04,25,23.4
IDCJAC0016,029063,2003,04,26,22.6
IDCJAC0016,029063,2003,04,27,21.5
IDCJAC0016,029063,2003,04,28,21.0
IDCJAC0016,029063,2003,04,29,21.5
IDCJAC0016,029063,2003,04,30,22.1
IDCJAC0016,029063,2003,05,01,21.9
IDCJAC0016,029063,2003,05,02,21.6
IDCJAC0016,029063,2003,05,03,21.7
IDCJAC0016,029063,2003,05,04,21.8
IDCJAC0016,029063,2003,05,05,21.4
IDCJAC0016,029063,2003,05,06,21.3
IDCJAC0016,029063,2003,05,07,21.0
IDCJAC0016,029063,2003,05,08,20.6
IDCJAC0016,029063,2003,05,09,18.9
IDCJAC0016,029063,2003,05,10,19.0
IDCJAC0016,029063,2003,05,11,19.1
IDCJAC0016,029063,2003,05,12,16.8
IDCJAC0016,029063,2003,05,13,19.3
IDCJAC0016,029063,2003,05,14,12.3
IDCJAC0016,029063,2003,05,15,17.0
IDCJAC0016,029063,2003,05,16,20.4
IDCJAC0016,029063,2003,05,17,20.2
IDCJAC0016,029063,2003,05,18,19.6
IDCJAC0016,029063,2003,05,19,19.7
IDCJAC0016,029063,2003,05,20,16.1
IDCJAC0016,029063,2003,05,21,20.1
IDCJAC0016,029063,2003,05,22,
IDCJAC0016,029063,2003,05,23,
IDCJAC0016,029063,2003,05,24,
IDCJAC0016,029063,2003,05,25,
IDCJAC0016,029063,2003,05,26,
IDCJAC0016,029063,2003,05,27,
IDCJAC0016,029063,2003,05,28,
IDCJAC0016,029063,2003,05,29,
IDCJAC0016,029063,2003,05,30,
IDCJAC0016,029063,2003,05,31,
IDCJAC0016,029063,2003,06,01,
IDCJAC0016,029063,2003,06,02,
IDCJAC0016,029063,2003,06,03,
IDCJAC0016,029063,2003,06,04,
IDCJAC0016,029063,2003,06,05,
IDCJAC0016,029063,2003,06,06,18.5
IDCJAC0016,029063,2003,06,07,18.8
IDCJAC0016,029063,2003,06,08,19.0
IDCJAC0016,029063,2003,06,09,19.2
IDCJAC0016,029063,2003,06,10,18.5
IDCJAC0016,029063,2003,06,11,18.8
IDCJAC0016,029063,2003,06,12,18.7
IDCJAC0016,029063,2003,06,13,18.8
IDCJAC0016,029063,2003,06,14,18.6
IDCJAC0016,029063,2003,06,15,17.7
IDCJAC0016,029063,2003,06,16,17.6
IDCJAC0016,029063,2003,06,17,17.5
IDCJAC0016,029063,2003,06,18,18.9
IDCJAC0016,029063,2003,06,19,18.9
IDCJAC0016,029063,2003,06,20,17.0
IDCJAC0016,029063,2003,06,21,17.0
IDCJAC0016,029063,2003,06,22,18.2
IDCJAC0016,029063,2003,06,23,18.4
IDCJAC0016,029063,2003,06,24,18.0
IDCJAC0016,029063,2003,06,25,18.1
IDCJAC0016,029063,2003,06,26,19.4
IDCJAC0016,029063,2003,06,27,19.2
IDCJAC0016,029063,2003,06,28,18.6
IDCJAC0016,029063,2003,06,29,18.1
IDCJAC0016,029063,2003,06,30,17.7
IDCJAC0016,029063,2003,07,01,18.5
IDCJAC0016,029063,2003,07,02,18.9
IDCJAC0016,029063,2003,07,03,19.3
IDCJAC0016,029063,2003,07,04,19.4
IDCJAC0016,029063,2003,07,05,19.2
IDCJAC0016,029063,2003,07,06,19.4
IDCJAC0016,029063,2003,07,07,19.3
IDCJAC0016,029063,2003,07,08,19.0
IDCJAC0016,029063,2003,07,09,18.5
IDCJAC0016,029063,2003,07,10,18.7
IDCJAC0016,029063,2003,07,11,18.1
IDCJAC0016,029063,2003,07,12,18.7
IDCJAC0016,029063,2003,07,13,19.1
IDCJAC0016,029063,2003,07,14,19.6
IDCJAC0016,029063,2003,07,15,19.6
IDCJAC0016,029063,2003,07,16,19.6
IDCJAC0016,029063,2003,07,17,19.7
IDCJAC0016,029063,2003,07,18,19.5
IDCJAC0016,029063,2003,07,19,18.6
IDCJAC0016,029063,2003,07,20,18.8
IDCJAC0016,029063,2003,07,21,19.3
IDCJAC0016,029063,2003,07,22,19.3
IDCJAC0016,029063,2003,07,23,18.7
IDCJAC0016,029063,2003,07,24,19.5
IDCJAC0016,029063,2003,07,25,19.8
IDCJAC0016,029063,2003,07,26,20.0
IDCJAC0016,029063,2003,07,27,20.2
IDCJAC0016,029063,2003,07,28,20.6
IDCJAC0016,029063,2003,07,29,20.7
IDCJAC0016,029063,2003,07,30,20.8
IDCJAC0016,029063,2003,07,31,21.2
IDCJAC0016,029063,2003,08,01,20.6
IDCJAC0016,029063,2003,08,02,20.9
IDCJAC0016,029063,2003,08,03,20.6
IDCJAC0016,029063,2003,08,04,20.5
IDCJAC0016,029063,2003,08,05,20.7
IDCJAC0016,029063,2003,08,06,20.7
IDCJAC0016,029063,2003,08,07,20.6
IDCJAC0016,029063,2003,08,08,20.7
IDCJAC0016,029063,2003,08,09,20.8
IDCJAC0016,029063,2003,08,10,21.3
IDCJAC0016,029063,2003,08,11,20.0
IDCJAC0016,029063,2003,08,12,21.7
IDCJAC0016,029063,2003,08,13,21.3
IDCJAC0016,029063,2003,08,14,20.7
IDCJAC0016,029063,2003,08,15,21.0
IDCJAC0016,029063,2003,08,16,21.6
IDCJAC0016,029063,2003,08,17,21.6
IDCJAC0016,029063,2003,08,18,22.2
IDCJAC0016,029063,2003,08,19,22.1
IDCJAC0016,029063,2003,08,20,22.0
IDCJAC0016,029063,2003,08,21,22.1
IDCJAC0016,029063,2003,08,22,21.3
IDCJAC0016,029063,2003,08,23,22.0
IDCJAC0016,029063,2003,08,24,19.5
IDCJAC0016,029063,2003,08,25,21.5
IDCJAC0016,029063,2003,08,26,22.5
IDCJAC0016,029063,2003,08,27,22.8
IDCJAC0016,029063,2003,08,28,14.2
IDCJAC0016,029063,2003,08,29,23.5
IDCJAC0016,029063,2003,08,30,23.7
IDCJAC0016,029063,2003,08,31,22.4
IDCJAC0016,029063,2003,09,01,23.4
IDCJAC0016,029063,2003,09,02,24.7
IDCJAC0016,029063,2003,09,03,25.5
IDCJAC0016,029063,2003,09,04,25.3
IDCJAC0016,029063,2003,09,05,24.5
IDCJAC0016,029063,2003,09,06,23.2
IDCJAC0016,029063,2003,09,07,23.4
IDCJAC0016,029063,2003,09,08,23.4
IDCJAC0016,029063,2003,09,09,25.1
IDCJAC0016,029063,2003,09,10,25.4
IDCJAC0016,029063,2003,09,11,24.4
IDCJAC0016,029063,2003,09,12,25.6
IDCJAC0016,029063,2003,09,13,25.1
IDCJAC0016,029063,2003,09,14,24.8
IDCJAC0016,029063,2003,09,15,25.5
IDCJAC0016,029063,2003,09,16,25.6
IDCJAC0016,029063,2003,09,17,25.7
IDCJAC0016,029063,2003,09,18,26.1
IDCJAC0016,029063,2003,09,19,26.0
IDCJAC0016,029063,2003,09,20,26.2
IDCJAC0016,029063,2003,09,21,26.3
IDCJAC0016,029063,2003,09,22,26.7
IDCJAC0016,029063,2003,09,23,26.4
IDCJAC0016,029063,2003,09,24,25.7
IDCJAC0016,029063,2003,09,25,24.7
IDCJAC0016,029063,2003,09,26,26.3
IDCJAC0016,029063,2003,09,27,26.7
IDCJAC0016,029063,2003,09,28,26.9
IDCJAC0016,029063,2003,09,29,27.1
IDCJAC0016,029063,2003,09,30,26.3
IDCJAC0016,029063,2003,10,01,27.1
IDCJAC0016,029063,2003,10,02,24.7
IDCJAC0016,029063,2003,10,03,23.3
IDCJAC0016,029063,2003,10,04,27.7
IDCJAC0016,029063,2003,10,05,27.4
IDCJAC0016,029063,2003,10,06,26.6
IDCJAC0016,029063,2003,10,07,26.1
IDCJAC0016,029063,2003,10,08,27.3
IDCJAC0016,029063,2003,10,09,20.8
IDCJAC0016,029063,2003,10,10,28.2
IDCJAC0016,029063,2003,10,11,28.3
IDCJAC0016,029063,2003,10,12,28.2
IDCJAC0016,029063,2003,10,13,26.8
IDCJAC0016,029063,2003,10,14,22.7
IDCJAC0016,029063,2003,10,15,26.7
IDCJAC0016,029063,2003,10,16,
IDCJAC0016,029063,2003,10,17,25.1
IDCJAC0016,029063,2003,10,18,27.1
IDCJAC0016,029063,2003,10,19,27.7
IDCJAC0016,029063,2003,10,20,24.5
IDCJAC0016,029063,2003,10,21,29.1
IDCJAC0016,029063,2003,10,22,29.8
IDCJAC0016,029063,2003,10,23,29.6
IDCJAC0016,029063,2003,10,24,29.9
IDCJAC0016,029063,2003,10,25,29.1
IDCJAC0016,029063,2003,10,26,28.4
IDCJAC0016,029063,2003,10,27,28.7
IDCJAC0016,029063,2003,10,28,29.0
IDCJAC0016,029063,2003,10,29,29.1
IDCJAC0016,029063,2003,10,30,25.5
IDCJAC0016,029063,2003,10,31,29.6
IDCJAC0016,029063,2003,11,01,29.6
IDCJAC0016,029063,2003,11,02,29.3
IDCJAC0016,029063,2003,11,03,29.8
IDCJAC0016,029063,2003,11,04,29.7
IDCJAC0016,029063,2003,11,05,26.6
IDCJAC0016,029063,2003,11,06,29.0
IDCJAC0016,029063,2003,11,07,29.4
IDCJAC0016,029063,2003,11,08,29.8
IDCJAC0016,029063,2003,11,09,27.6
IDCJAC0016,029063,2003,11,10,20.2
IDCJAC0016,029063,2003,11,11,10.5
IDCJAC0016,029063,2003,11,12,23.4
IDCJAC0016,029063,2003,11,13,30.4
IDCJAC0016,029063,2003,11,14,28.5
IDCJAC0016,029063,2003,11,15,28.8
IDCJAC0016,029063,2003,11,16,30.4
IDCJAC0016,029063,2003,11,17,29.9
IDCJAC0016,029063,2003,11,18,30.9
IDCJAC0016,029063,2003,11,19,30.9
IDCJAC0016,029063,2003,11,20,30.4
IDCJAC0016,029063,2003,11,21,29.2
IDCJAC0016,029063,2003,11,22,28.5
IDCJAC0016,029063,2003,11,23,30.9
IDCJAC0016,029063,2003,11,24,33.1
IDCJAC0016,029063,2003,11,25,32.6
IDCJAC0016,029063,2003,11,26,31.1
IDCJAC0016,029063,2003,11,27,30.3
IDCJAC0016,029063,2003,11,28,29.1
IDCJAC0016,029063,2003,11,29,30.1
IDCJAC0016,029063,2003,11,30,30.6
IDCJAC0016,029063,2003,12,01,29.5
IDCJAC0016,029063,2003,12,02,23.5
IDCJAC0016,029063,2003,12,03,18.0
IDCJAC0016,029063,2003,12,04,27.9
IDCJAC0016,029063,2003,12,05,20.2
IDCJAC0016,029063,2003,12,06,30.4
IDCJAC0016,029063,2003,12,07,31.8
IDCJAC0016,029063,2003,12,08,31.2
IDCJAC0016,029063,2003,12,09,29.9
IDCJAC0016,029063,2003,12,10,30.0
IDCJAC0016,029063,2003,12,11,23.2
IDCJAC0016,029063,2003,12,12,18.9
IDCJAC0016,029063,2003,12,13,19.1
IDCJAC0016,029063,2003,12,14,25.3
IDCJAC0016,029063,2003,12,15,14.2
IDCJAC0016,029063,2003,12,16,20.5
IDCJAC0016,029063,2003,12,17,25.9
IDCJAC0016,029063,2003,12,18,18.8
IDCJAC0016,029063,2003,12,19,30.3
IDCJAC0016,029063,2003,12,20,25.1
IDCJAC0016,029063,2003,12,21,30.1
IDCJAC0016,029063,2003,12,22,23.4
IDCJAC0016,029063,2003,12,23,29.7
IDCJAC0016,029063,2003,12,24,25.8
IDCJAC0016,029063,2003,12,25,23.3
IDCJAC0016,029063,2003,12,26,24.1
IDCJAC0016,029063,2003,12,27,28.0
IDCJAC0016,029063,2003,12,28,11.9
IDCJAC0016,029063,2003,12,29,18.1
IDCJAC0016,029063,2003,12,30,20.7
IDCJAC0016,029063,2003,12,31,30.7
IDCJAC0016,029063,2004,01,01,27.2
IDCJAC0016,029063,2004,01,02,26.1
IDCJAC0016,029063,2004,01,03,25.2
IDCJAC0016,029063,2004,01,04,30.7
IDCJAC0016,029063,2004,01,05,24.7
IDCJAC0016,029063,2004,01,06,26.1
IDCJAC0016,029063,2004,01,07,30.4
IDCJAC0016,029063,2004,01,08,16.1
IDCJAC0016,029063,2004,01,09,21.2
IDCJAC0016,029063,2004,01,10,13.5
IDCJAC0016,029063,2004,01,11,21.3
IDCJAC0016,029063,2004,01,12,11.7
IDCJAC0016,029063,2004,01,13,7.3
IDCJAC0016,029063,2004,01,14,1.4
IDCJAC0016,029063,2004,01,15,8.7
IDCJAC0016,029063,2004,01,16,15.7
IDCJAC0016,029063,2004,01,17,28.5
IDCJAC0016,029063,2004,01,18,21.3
IDCJAC0016,029063,2004,01,19,28.6
IDCJAC0016,029063,2004,01,20,25.8
IDCJAC0016,029063,2004,01,21,25.3
IDCJAC0016,029063,2004,01,22,27.4
IDCJAC0016,029063,2004,01,23,28.6
IDCJAC0016,029063,2004,01,24,21.7
IDCJAC0016,029063,2004,01,25,13.9
IDCJAC0016,029063,2004,01,26,27.1
IDCJAC0016,029063,2004,01,27,27.5
IDCJAC0016,029063,2004,01,28,22.2
IDCJAC0016,029063,2004,01,29,25.9
IDCJAC0016,029063,2004,01,30,23.8
IDCJAC0016,029063,2004,01,31,27.6
IDCJAC0016,029063,2004,02,01,6.7
IDCJAC0016,029063,2004,02,02,8.0
IDCJAC0016,029063,2004,02,03,16.3
IDCJAC0016,029063,2004,02,04,28.5
IDCJAC0016,029063,2004,02,05,18.3
IDCJAC0016,029063,2004,02,06,17.7
IDCJAC0016,029063,2004,02,07,27.2
IDCJAC0016,029063,2004,02,08,27.8
IDCJAC0016,029063,2004,02,09,29.4
IDCJAC0016,029063,2004,02,10,27.9
IDCJAC0016,029063,2004,02,11,20.5
IDCJAC0016,029063,2004,02,12,14.3
IDCJAC0016,029063,2004,02,13,11.1
IDCJAC0016,029063,2004,02,14,21.2
IDCJAC0016,029063,2004,02,15,26.4
IDCJAC0016,029063,2004,02,16,26.8
IDCJAC0016,029063,2004,02,17,29.2
IDCJAC0016,029063,2004,02,18,26.6
IDCJAC0016,029063,2004,02,19,25.9
IDCJAC0016,029063,2004,02,20,24.3
IDCJAC0016,029063,2004,02,21,23.8
IDCJAC0016,029063,2004,02,22,16.4
IDCJAC0016,029063,2004,02,23,25.9
IDCJAC0016,029063,2004,02,24,22.4
IDCJAC0016,029063,2004,02,25,6.9
IDCJAC0016,029063,2004,02,26,27.6
IDCJAC0016,029063,2004,02,27,11.5
IDCJAC0016,029063,2004,02,28,28.1
IDCJAC0016,029063,2004,02,29,22.8
IDCJAC0016,029063,2004,03,01,24.0
IDCJAC0016,029063,2004,03,02,25.2
IDCJAC0016,029063,2004,03,03,26.2
IDCJAC0016,029063,2004,03,04,29.0
IDCJAC0016,029063,2004,03,05,27.8
IDCJAC0016,029063,2004,03,06,25.5
IDCJAC0016,029063,2004,03,07,27.8
IDCJAC0016,029063,2004,03,08,26.2
IDCJAC0016,029063,2004,03,09,26.8
IDCJAC0016,029063,2004,03,10,25.9
IDCJAC0016,029063,2004,03,11,25.9
IDCJAC0016,029063,2004,03,12,21.3
IDCJAC0016,029063,2004,03,13,20.6
IDCJAC0016,029063,2004,03,14,23.4
IDCJAC0016,029063,2004,03,15,19.7
IDCJAC0016,029063,2004,03,16,24.9
IDCJAC0016,029063,2004,03,17,26.7
IDCJAC0016,029063,2004,03,18,26.3
IDCJAC0016,029063,2004,03,19,25.4
IDCJAC0016,029063,2004,03,20,26.5
IDCJAC0016,029063,2004,03,21,26.8
IDCJAC0016,029063,2004,03,22,26.8
IDCJAC0016,029063,2004,03,23,26.4
IDCJAC0016,029063,2004,03,24,6.5
IDCJAC0016,029063,2004,03,25,5.1
IDCJAC0016,029063,2004,03,26,25.2
IDCJAC0016,029063,2004,03,27,26.0
IDCJAC0016,029063,2004,03,28,25.1
IDCJAC0016,029063,2004,03,29,25.5
IDCJAC0016,029063,2004,03,30,24.1
IDCJAC0016,029063,2004,03,31,24.7
IDCJAC0016,029063,2004,04,01,25.6
IDCJAC0016,029063,2004,04,02,26.2
IDCJAC0016,029063,2004,04,03,25.8
IDCJAC0016,029063,2004,04,04,25.5
IDCJAC0016,029063,2004,04,05,25.0
IDCJAC0016,029063,2004,04,06,25.3
IDCJAC0016,029063,2004,04,07,24.4
IDCJAC0016,029063,2004,04,08,24.3
IDCJAC0016,029063,2004,04,09,24.6
IDCJAC0016,029063,2004,04,10,24.1
IDCJAC0016,029063,2004,04,11,23.7
IDCJAC0016,029063,2004,04,12,23.4
IDCJAC0016,029063,2004,04,13,23.5
IDCJAC0016,029063,2004,04,14,23.2
IDCJAC0016,029063,2004,04,15,23.1
IDCJAC0016,029063,2004,04,16,21.6
IDCJAC0016,029063,2004,04,17,19.1
IDCJAC0016,029063,2004,04,18,21.6
IDCJAC0016,029063,2004,04,19,20.5
IDCJAC0016,029063,2004,04,20,18.0
IDCJAC0016,029063,2004,04,21,22.3
IDCJAC0016,029063,2004,04,22,22.7
IDCJAC0016,029063,2004,04,23,21.7
IDCJAC0016,029063,2004,04,24,21.2
IDCJAC0016,029063,2004,04,25,6.1
IDCJAC0016,029063,2004,04,26,21.1
IDCJAC0016,029063,2004,04,27,19.1
IDCJAC0016,029063,2004,04,28,18.3
IDCJAC0016,029063,2004,04,29,21.5
IDCJAC0016,029063,2004,04,30,21.4
IDCJAC0016,029063,2004,05,01,20.8
IDCJAC0016,029063,2004,05,02,19.6
IDCJAC0016,029063,2004,05,03,20.1
IDCJAC0016,029063,2004,05,04,18.9
IDCJAC0016,029063,2004,05,05,17.2
IDCJAC0016,029063,2004,05,06,16.9
IDCJAC0016,029063,2004,05,07,11.2
IDCJAC0016,029063,2004,05,08,19.3
IDCJAC0016,029063,2004,05,09,18.2
IDCJAC0016,029063,2004,05,10,19.2
IDCJAC0016,029063,2004,05,11,18.9
IDCJAC0016,029063,2004,05,12,19.4
IDCJAC0016,029063,2004,05,13,19.7
IDCJAC0016,029063,2004,05,14,18.7
IDCJAC0016,029063,2004,05,15,14.1
IDCJAC0016,029063,2004,05,16,19.3
IDCJAC0016,029063,2004,05,17,18.6
IDCJAC0016,029063,2004,05,18,18.0
IDCJAC0016,029063,2004,05,19,13.8
IDCJAC0016,029063,2004,05,20,15.5
IDCJAC0016,029063,2004,05,21,14.4
IDCJAC0016,029063,2004,05,22,17.4
IDCJAC0016,029063,2004,05,23,17.9
IDCJAC0016,029063,2004,05,24,18.2
IDCJAC0016,029063,2004,05,25,17.7
IDCJAC0016,029063,2004,05,26,17.9
IDCJAC0016,029063,2004,05,27,17.5
IDCJAC0016,029063,2004,05,28,17.2
IDCJAC0016,029063,2004,05,29,16.4
IDCJAC0016,029063,2004,05,30,17.5
IDCJAC0016,029063,2004,05,31,17.3
IDCJAC0016,029063,2004,06,01,17.3
IDCJAC0016,029063,2004,06,02,18.4
IDCJAC0016,029063,2004,06,03,18.1
IDCJAC0016,029063,2004,06,04,18.1
IDCJAC0016,029063,2004,06,05,17.9
IDCJAC0016,029063,2004,06,06,17.6
IDCJAC0016,029063,2004,06,07,18.2
IDCJAC0016,029063,2004,06,08,18.7
IDCJAC0016,029063,2004,06,09,18.3
IDCJAC0016,029063,2004,06,10,18.3
IDCJAC0016,029063,2004,06,11,18.8
IDCJAC0016,029063,2004,06,12,18.6
IDCJAC0016,029063,2004,06,13,18.5
IDCJAC0016,029063,2004,06,14,18.5
IDCJAC0016,029063,2004,06,15,17.1
IDCJAC0016,029063,2004,06,16,18.7
IDCJAC0016,029063,2004,06,17,19.0
IDCJAC0016,029063,2004,06,18,18.8
IDCJAC0016,029063,2004,06,19,18.5
IDCJAC0016,029063,2004,06,20,18.1
IDCJAC0016,029063,2004,06,21,18.9
IDCJAC0016,029063,2004,06,22,18.5
IDCJAC0016,029063,2004,06,23,18.2
IDCJAC0016,029063,2004,06,24,17.9
IDCJAC0016,029063,2004,06,25,17.8
IDCJAC0016,029063,2004,06,26,18.4
IDCJAC0016,029063,2004,06,27,19.0
IDCJAC0016,029063,2004,06,28,18.3
IDCJAC0016,029063,2004,06,29,18.2
IDCJAC0016,029063,2004,06,30,16.3
IDCJAC0016,029063,2004,07,01,18.0
IDCJAC0016,029063,2004,07,02,17.6
IDCJAC0016,029063,2004,07,03,17.6
IDCJAC0016,029063,2004,07,04,16.8
IDCJAC0016,029063,2004,07,05,18.6
IDCJAC0016,029063,2004,07,06,18.7
IDCJAC0016,029063,2004,07,07,18.6
IDCJAC0016,029063,2004,07,08,18.2
IDCJAC0016,029063,2004,07,09,18.7
IDCJAC0016,029063,2004,07,10,18.6
IDCJAC0016,029063,2004,07,11,18.6
IDCJAC0016,029063,2004,07,12,18.4
IDCJAC0016,029063,2004,07,13,18.5
IDCJAC0016,029063,2004,07,14,18.6
IDCJAC0016,029063,2004,07,15,18.6
IDCJAC0016,029063,2004,07,16,18.4
IDCJAC0016,029063,2004,07,17,19.1
IDCJAC0016,029063,2004,07,18,19.8
IDCJAC0016,029063,2004,07,19,19.4
IDCJAC0016,029063,2004,07,20,20.5
IDCJAC0016,029063,2004,07,21,20.4
IDCJAC0016,029063,2004,07,22,19.6
IDCJAC0016,029063,2004,07,23,15.3
IDCJAC0016,029063,2004,07,24,18.8
IDCJAC0016,029063,2004,07,25,19.4
IDCJAC0016,029063,2004,07,26,19.1
IDCJAC0016,029063,2004,07,27,19.4
IDCJAC0016,029063,2004,07,28,19.4
IDCJAC0016,029063,2004,07,29,19.9
IDCJAC0016,029063,2004,07,30,20.0
IDCJAC0016,029063,2004,07,31,19.9
IDCJAC0016,029063,2004,08,01,19.5
IDCJAC0016,029063,2004,08,02,20.1
IDCJAC0016,029063,2004,08,03,14.4
IDCJAC0016,029063,2004,08,04,20.8
IDCJAC0016,029063,2004,08,05,21.5
IDCJAC0016,029063,2004,08,06,21.6
IDCJAC0016,029063,2004,08,07,21.7
IDCJAC0016,029063,2004,08,08,21.5
IDCJAC0016,029063,2004,08,09,22.2
IDCJAC0016,029063,2004,08,10,21.9
IDCJAC0016,029063,2004,08,11,22.3
IDCJAC0016,029063,2004,08,12,22.8
IDCJAC0016,029063,2004,08,13,22.6
IDCJAC0016,029063,2004,08,14,22.5
IDCJAC0016,029063,2004,08,15,22.8
IDCJAC0016,029063,2004,08,16,23.1
IDCJAC0016,029063,2004,08,17,22.7
IDCJAC0016,029063,2004,08,18,23.5
IDCJAC0016,029063,2004,08,19,23.8
IDCJAC0016,029063,2004,08,20,23.6
IDCJAC0016,029063,2004,08,21,22.7
IDCJAC0016,029063,2004,08,22,22.7
IDCJAC0016,029063,2004,08,23,23.6
IDCJAC0016,029063,2004,08,24,21.4
IDCJAC0016,029063,2004,08,25,23.7
IDCJAC0016,029063,2004,08,26,19.9
IDCJAC0016,029063,2004,08,27,22.8
IDCJAC0016,029063,2004,08,28,24.0
IDCJAC0016,029063,2004,08,29,24.1
IDCJAC0016,029063,2004,08,30,24.1
IDCJAC0016,029063,2004,08,31,20.9
IDCJAC0016,029063,2004,09,01,22.3
IDCJAC0016,029063,2004,09,02,23.9
IDCJAC0016,029063,2004,09,03,24.3
IDCJAC0016,029063,2004,09,04,24.9
IDCJAC0016,029063,2004,09,05,24.8
IDCJAC0016,029063,2004,09,06,24.5
IDCJAC0016,029063,2004,09,07,20.8
IDCJAC0016,029063,2004,09,08,24.6
IDCJAC0016,029063,2004,09,09,25.0
IDCJAC0016,029063,2004,09,10,25.4
IDCJAC0016,029063,2004,09,11,25.8
IDCJAC0016,029063,2004,09,12,26.1
IDCJAC0016,029063,2004,09,13,26.1
IDCJAC0016,029063,2004,09,14,26.7
IDCJAC0016,029063,2004,09,15,26.9
IDCJAC0016,029063,2004,09,16,26.8
IDCJAC0016,029063,2004,09,17,26.9
IDCJAC0016,029063,2004,09,18,26.9
IDCJAC0016,029063,2004,09,19,26.9
IDCJAC0016,029063,2004,09,20,27.1
IDCJAC0016,029063,2004,09,21,27.4
IDCJAC0016,029063,2004,09,22,27.5
IDCJAC0016,029063,2004,09,23,26.6
IDCJAC0016,029063,2004,09,24,27.5
IDCJAC0016,029063,2004,09,25,27.7
IDCJAC0016,029063,2004,09,26,27.6
IDCJAC0016,029063,2004,09,27,28.0
IDCJAC0016,029063,2004,09,28,28.2
IDCJAC0016,029063,2004,09,29,27.7
IDCJAC0016,029063,2004,09,30,27.7
IDCJAC0016,029063,2004,10,01,26.7
IDCJAC0016,029063,2004,10,02,26.8
IDCJAC0016,029063,2004,10,03,27.6
IDCJAC0016,029063,2004,10,04,27.4
IDCJAC0016,029063,2004,10,05,27.1
IDCJAC0016,029063,2004,10,06,27.1
IDCJAC0016,029063,2004,10,07,27.4
IDCJAC0016,029063,2004,10,08,27.4
IDCJAC0016,029063,2004,10,09,27.7
IDCJAC0016,029063,2004,10,10,28.7
IDCJAC0016,029063,2004,10,11,28.3
IDCJAC0016,029063,2004,10,12,26.2
IDCJAC0016,029063,2004,10,13,29.3
IDCJAC0016,029063,2004,10,14,28.4
IDCJAC0016,029063,2004,10,15,21.5
IDCJAC0016,029063,2004,10,16,27.8
IDCJAC0016,029063,2004,10,17,28.2
IDCJAC0016,029063,2004,10,18,26.6
IDCJAC0016,029063,2004,10,19,21.1
IDCJAC0016,029063,2004,10,20,30.8
IDCJAC0016,029063,2004,10,21,30.8
IDCJAC0016,029063,2004,10,22,29.6
IDCJAC0016,029063,2004,10,23,29.0
IDCJAC0016,029063,2004,10,24,28.8
IDCJAC0016,029063,2004,10,25,29.2
IDCJAC0016,029063,2004,10,26,28.5
IDCJAC0016,029063,2004,10,27,29.3
IDCJAC0016,029063,2004,10,28,29.1
IDCJAC0016,029063,2004,10,29,29.5
IDCJAC0016,029063,2004,10,30,29.1
IDCJAC0016,029063,2004,10,31,28.8
IDCJAC0016,029063,2004,11,01,28.1
IDCJAC0016,029063,2004,11,02,28.5
IDCJAC0016,029063,2004,11,03,24.1
IDCJAC0016,029063,2004,11,04,27.8
IDCJAC0016,029063,2004,11,05,27.6
IDCJAC0016,029063,2004,11,06,28.2
IDCJAC0016,029063,2004,11,07,29.6
IDCJAC0016,029063,2004,11,08,30.3
IDCJAC0016,029063,2004,11,09,30.4
IDCJAC0016,029063,2004,11,10,30.1
IDCJAC0016,029063,2004,11,11,29.5
IDCJAC0016,029063,2004,11,12,28.0
IDCJAC0016,029063,2004,11,13,28.7
IDCJAC0016,029063,2004,11,14,29.6
IDCJAC0016,029063,2004,11,15,30.5
IDCJAC0016,029063,2004,11,16,30.5
IDCJAC0016,029063,2004,11,17,21.4
IDCJAC0016,029063,2004,11,18,22.1
IDCJAC0016,029063,2004,11,19,29.7
IDCJAC0016,029063,2004,11,20,25.1
IDCJAC0016,029063,2004,11,21,11.4
IDCJAC0016,029063,2004,11,22,23.8
IDCJAC0016,029063,2004,11,23,21.2
IDCJAC0016,029063,2004,11,24,19.3
IDCJAC0016,029063,2004,11,25,30.6
IDCJAC0016,029063,2004,11,26,30.5
IDCJAC0016,029063,2004,11,27,29.4
IDCJAC0016,029063,2004,11,28,31.3
IDCJAC0016,029063,2004,11,29,31.8
IDCJAC0016,029063,2004,11,30,31.4
IDCJAC0016,029063,2004,12,01,31.2
IDCJAC0016,029063,2004,12,02,30.4
IDCJAC0016,029063,2004,12,03,30.8
IDCJAC0016,029063,2004,12,04,28.1
IDCJAC0016,029063,2004,12,05,28.4
IDCJAC0016,029063,2004,12,06,30.8
IDCJAC0016,029063,2004,12,07,12.1
IDCJAC0016,029063,2004,12,08,25.4
IDCJAC0016,029063,2004,12,09,27.7
IDCJAC0016,029063,2004,12,10,20.0
IDCJAC0016,029063,2004,12,11,29.9
IDCJAC0016,029063,2004,12,12,30.6
IDCJAC0016,029063,2004,12,13,30.6
IDCJAC0016,029063,2004,12,14,27.5
IDCJAC0016,029063,2004,12,15,30.4
IDCJAC0016,029063,2004,12,16,27.9
IDCJAC0016,029063,2004,12,17,21.5
IDCJAC0016,029063,2004,12,18,22.3
IDCJAC0016,029063,2004,12,19,26.3
IDCJAC0016,029063,2004,12,20,28.6
IDCJAC0016,029063,2004,12,21,27.2
IDCJAC0016,029063,2004,12,22,24.8
IDCJAC0016,029063,2004,12,23,20.5
IDCJAC0016,029063,2004,12,24,10.3
IDCJAC0016,029063,2004,12,25,7.8
IDCJAC0016,029063,2004,12,26,8.9
IDCJAC0016,029063,2004,12,27,20.3
IDCJAC0016,029063,2004,12,28,10.4
IDCJAC0016,029063,2004,12,29,11.6
IDCJAC0016,029063,2004,12,30,10.3
IDCJAC0016,029063,2004,12,31,23.8
IDCJAC0016,029063,2005,01,01,29.6
IDCJAC0016,029063,2005,01,02,20.4
IDCJAC0016,029063,2005,01,03,25.2
IDCJAC0016,029063,2005,01,04,28.3
IDCJAC0016,029063,2005,01,05,14.3
IDCJAC0016,029063,2005,01,06,12.8
IDCJAC0016,029063,2005,01,07,5.4
IDCJAC0016,029063,2005,01,08,11.0
IDCJAC0016,029063,2005,01,09,28.8
IDCJAC0016,029063,2005,01,10,24.4
IDCJAC0016,029063,2005,01,11,22.1
IDCJAC0016,029063,2005,01,12,31.8
IDCJAC0016,029063,2005,01,13,28.4
IDCJAC0016,029063,2005,01,14,23.5
IDCJAC0016,029063,2005,01,15,24.2
IDCJAC0016,029063,2005,01,16,25.5
IDCJAC0016,029063,2005,01,17,25.8
IDCJAC0016,029063,2005,01,18,19.6
IDCJAC0016,029063,2005,01,19,25.0
IDCJAC0016,029063,2005,01,20,21.3
IDCJAC0016,029063,2005,01,21,26.6
IDCJAC0016,029063,2005,01,22,26.2
IDCJAC0016,029063,2005,01,23,27.6
IDCJAC0016,029063,2005,01,24,22.0
IDCJAC0016,029063,2005,01,25,29.1
IDCJAC0016,029063,2005,01,26,29.3
IDCJAC0016,029063,2005,01,27,28.5
IDCJAC0016,029063,2005,01,28,24.3
IDCJAC0016,029063,2005,01,29,17.4
IDCJAC0016,029063,2005,01,30,28.7
IDCJAC0016,029063,2005,01,31,27.1
IDCJAC0016,029063,2005,02,01,16.7
IDCJAC0016,029063,2005,02,02,13.9
IDCJAC0016,029063,2005,02,03,29.0
IDCJAC0016,029063,2005,02,04,30.1
IDCJAC0016,029063,2005,02,05,28.9
IDCJAC0016,029063,2005,02,06,17.7
IDCJAC0016,029063,2005,02,07,21.8
IDCJAC0016,029063,2005,02,08,23.8
IDCJAC0016,029063,2005,02,09,12.1
IDCJAC0016,029063,2005,02,10,12.5
IDCJAC0016,029063,2005,02,11,28.2
IDCJAC0016,029063,2005,02,12,30.5
IDCJAC0016,029063,2005,02,13,30.4
IDCJAC0016,029063,2005,02,14,27.2
IDCJAC0016,029063,2005,02,15,29.9
IDCJAC0016,029063,2005,02,16,29.0
IDCJAC0016,029063,2005,02,17,29.2
IDCJAC0016,029063,2005,02,18,28.0
IDCJAC0016,029063,2005,02,19,27.3
IDCJAC0016,029063,2005,02,20,24.7
IDCJAC0016,029063,2005,02,21,25.9
IDCJAC0016,029063,2005,02,22,27.1
IDCJAC0016,029063,2005,02,23,25.7
IDCJAC0016,029063,2005,02,24,25.7
IDCJAC0016,029063,2005,02,25,28.2
IDCJAC0016,029063,2005,02,26,24.9
IDCJAC0016,029063,2005,02,27,28.6
IDCJAC0016,029063,2005,02,28,25.8
IDCJAC0016,029063,2005,03,01,25.4
IDCJAC0016,029063,2005,03,02,25.2
IDCJAC0016,029063,2005,03,03,26.6
IDCJAC0016,029063,2005,03,04,19.2
IDCJAC0016,029063,2005,03,05,21.1
IDCJAC0016,029063,2005,03,06,22.6
IDCJAC0016,029063,2005,03,07,27.8
IDCJAC0016,029063,2005,03,08,26.4
IDCJAC0016,029063,2005,03,09,22.8
IDCJAC0016,029063,2005,03,10,26.9
IDCJAC0016,029063,2005,03,11,24.7
IDCJAC0016,029063,2005,03,12,21.9
IDCJAC0016,029063,2005,03,13,26.7
IDCJAC0016,029063,2005,03,14,24.0
IDCJAC0016,029063,2005,03,15,24.9
IDCJAC0016,029063,2005,03,16,23.1
IDCJAC0016,029063,2005,03,17,14.6
IDCJAC0016,029063,2005,03,18,13.5
IDCJAC0016,029063,2005,03,19,15.2
IDCJAC0016,029063,2005,03,20,13.1
IDCJAC0016,029063,2005,03,21,24.5
IDCJAC0016,029063,2005,03,22,25.7
IDCJAC0016,029063,2005,03,23,25.9
IDCJAC0016,029063,2005,03,24,26.1
IDCJAC0016,029063,2005,03,25,26.4
IDCJAC0016,029063,2005,03,26,26.5
IDCJAC0016,029063,2005,03,27,25.9
IDCJAC0016,029063,2005,03,28,24.9
IDCJAC0016,029063,2005,03,29,24.5
IDCJAC0016,029063,2005,03,30,25.1
IDCJAC0016,029063,2005,03,31,25.3
IDCJAC0016,029063,2005,04,01,25.2
IDCJAC0016,029063,2005,04,02,24.6
IDCJAC0016,029063,2005,04,03,24.8
IDCJAC0016,029063,2005,04,04,24.8
IDCJAC0016,029063,2005,04,05,24.7
IDCJAC0016,029063,2005,04,06,24.7
IDCJAC0016,029063,2005,04,07,22.5
IDCJAC0016,029063,2005,04,08,21.8
IDCJAC0016,029063,2005,04,09,21.9
IDCJAC0016,029063,2005,04,10,22.0
IDCJAC0016,029063,2005,04,11,22.7
IDCJAC0016,029063,2005,04,12,22.7
IDCJAC0016,029063,2005,04,13,22.7
IDCJAC0016,029063,2005,04,14,23.4
IDCJAC0016,029063,2005,04,15,22.6
IDCJAC0016,029063,2005,04,16,23.2
IDCJAC0016,029063,2005,04,17,20.7
IDCJAC0016,029063,2005,04,18,21.8
IDCJAC0016,029063,2005,04,19,22.6
IDCJAC0016,029063,2005,04,20,22.2
IDCJAC0016,029063,2005,04,21,22.5
IDCJAC0016,029063,2005,04,22,22.2
IDCJAC0016,029063,2005,04,23,22.6
IDCJAC0016,029063,2005,04,24,22.2
IDCJAC0016,029063,2005,04,25,22.1
IDCJAC0016,029063,2005,04,26,21.4
IDCJAC0016,029063,2005,04,27,21.5
IDCJAC0016,029063,2005,04,28,21.2
IDCJAC0016,029063,2005,04,29,20.7
IDCJAC0016,029063,2005,04,30,19.8
IDCJAC0016,029063,2005,05,01,21.4
IDCJAC0016,029063,2005,05,02,21.5
IDCJAC0016,029063,2005,05,03,21.8
IDCJAC0016,029063,2005,05,04,20.7
IDCJAC0016,029063,2005,05,05,20.6
IDCJAC0016,029063,2005,05,06,21.1
IDCJAC0016,029063,2005,05,07,20.4
IDCJAC0016,029063,2005,05,08,20.5
IDCJAC0016,029063,2005,05,09,18.3
IDCJAC0016,029063,2005,05,10,7.3
IDCJAC0016,029063,2005,05,11,19.9
IDCJAC0016,029063,2005,05,12,20.6
IDCJAC0016,029063,2005,05,13,20.8
IDCJAC0016,029063,2005,05,14,21.0
IDCJAC0016,029063,2005,05,15,21.0
IDCJAC0016,029063,2005,05,16,20.8
IDCJAC0016,029063,2005,05,17,20.4
IDCJAC0016,029063,2005,05,18,20.6
IDCJAC0016,029063,2005,05,19,20.6
IDCJAC0016,029063,2005,05,20,20.5
IDCJAC0016,029063,2005,05,21,20.3
IDCJAC0016,029063,2005,05,22,20.2
IDCJAC0016,029063,2005,05,23,20.1
IDCJAC0016,029063,2005,05,24,19.7
IDCJAC0016,029063,2005,05,25,19.7
IDCJAC0016,029063,2005,05,26,19.1
IDCJAC0016,029063,2005,05,27,18.6
IDCJAC0016,029063,2005,05,28,19.3
IDCJAC0016,029063,2005,05,29,19.2
IDCJAC0016,029063,2005,05,30,19.5
IDCJAC0016,029063,2005,05,31,18.9
IDCJAC0016,029063,2005,06,01,19.6
IDCJAC0016,029063,2005,06,02,18.8
IDCJAC0016,029063,2005,06,03,18.8
IDCJAC0016,029063,2005,06,04,18.8
IDCJAC0016,029063,2005,06,05,18.6
IDCJAC0016,029063,2005,06,06,17.8
IDCJAC0016,029063,2005,06,07,18.6
IDCJAC0016,029063,2005,06,08,18.5
IDCJAC0016,029063,2005,06,09,18.0
IDCJAC0016,029063,2005,06,10,17.9
IDCJAC0016,029063,2005,06,11,16.9
IDCJAC0016,029063,2005,06,12,17.6
IDCJAC0016,029063,2005,06,13,18.5
IDCJAC0016,029063,2005,06,14,18.1
IDCJAC0016,029063,2005,06,15,16.2
IDCJAC0016,029063,2005,06,16,18.2
IDCJAC0016,029063,2005,06,17,17.8
IDCJAC0016,029063,2005,06,18,17.8
IDCJAC0016,029063,2005,06,19,17.1
IDCJAC0016,029063,2005,06,20,12.9
IDCJAC0016,029063,2005,06,21,16.7
IDCJAC0016,029063,2005,06,22,18.2
IDCJAC0016,029063,2005,06,23,18.2
IDCJAC0016,029063,2005,06,24,18.8
IDCJAC0016,029063,2005,06,25,17.8
IDCJAC0016,029063,2005,06,26,17.4
IDCJAC0016,029063,2005,06,27,17.7
IDCJAC0016,029063,2005,06,28,16.1
IDCJAC0016,029063,2005,06,29,18.8
IDCJAC0016,029063,2005,06,30,18.5
IDCJAC0016,029063,2005,07,01,18.0
IDCJAC0016,029063,2005,07,02,18.6
IDCJAC0016,029063,2005,07,03,18.4
IDCJAC0016,029063,2005,07,04,18.6
IDCJAC0016,029063,2005,07,05,18.3
IDCJAC0016,029063,2005,07,06,18.3
IDCJAC0016,029063,2005,07,07,18.7
IDCJAC0016,029063,2005,07,08,18.5
IDCJAC0016,029063,2005,07,09,18.1
IDCJAC0016,029063,2005,07,10,18.9
IDCJAC0016,029063,2005,07,11,19.0
IDCJAC0016,029063,2005,07,12,19.0
IDCJAC0016,029063,2005,07,13,19.3
IDCJAC0016,029063,2005,07,14,19.0
IDCJAC0016,029063,2005,07,15,18.4
IDCJAC0016,029063,2005,07,16,19.6
IDCJAC0016,029063,2005,07,17,19.8
IDCJAC0016,029063,2005,07,18,19.0
IDCJAC0016,029063,2005,07,19,18.7
IDCJAC0016,029063,2005,07,20,15.1
IDCJAC0016,029063,2005,07,21,19.1
IDCJAC0016,029063,2005,07,22,18.5
IDCJAC0016,029063,2005,07,23,19.3
IDCJAC0016,029063,2005,07,24,18.3
IDCJAC0016,029063,2005,07,25,11.6
IDCJAC0016,029063,2005,07,26,18.3
IDCJAC0016,029063,2005,07,27,20.3
IDCJAC0016,029063,2005,07,28,20.7
IDCJAC0016,029063,2005,07,29,20.4
IDCJAC0016,029063,2005,07,30,19.8
IDCJAC0016,029063,2005,07,31,18.2
IDCJAC0016,029063,2005,08,01,12.1
IDCJAC0016,029063,2005,08,02,20.0
IDCJAC0016,029063,2005,08,03,19.0
IDCJAC0016,029063,2005,08,04,16.8
IDCJAC0016,029063,2005,08,05,18.0
IDCJAC0016,029063,2005,08,06,20.6
IDCJAC0016,029063,2005,08,07,20.5
IDCJAC0016,029063,2005,08,08,21.9
IDCJAC0016,029063,2005,08,09,19.2
IDCJAC0016,029063,2005,08,10,19.4
IDCJAC0016,029063,2005,08,11,13.4
IDCJAC0016,029063,2005,08,12,21.3
IDCJAC0016,029063,2005,08,13,23.3
IDCJAC0016,029063,2005,08,14,22.9
IDCJAC0016,029063,2005,08,15,22.2
IDCJAC0016,029063,2005,08,16,22.0
IDCJAC0016,029063,2005,08,17,22.0
IDCJAC0016,029063,2005,08,18,22.3
IDCJAC0016,029063,2005,08,19,22.4
IDCJAC0016,029063,2005,08,20,22.5
IDCJAC0016,029063,2005,08,21,22.8
IDCJAC0016,029063,2005,08,22,22.5
IDCJAC0016,029063,2005,08,23,22.5
IDCJAC0016,029063,2005,08,24,22.1
IDCJAC0016,029063,2005,08,25,22.6
IDCJAC0016,029063,2005,08,26,22.8
IDCJAC0016,029063,2005,08,27,22.8
IDCJAC0016,029063,2005,08,28,23.2
IDCJAC0016,029063,2005,08,29,23.1
IDCJAC0016,029063,2005,08,30,23.3
IDCJAC0016,029063,2005,08,31,24.0
IDCJAC0016,029063,2005,09,01,23.4
IDCJAC0016,029063,2005,09,02,23.7
IDCJAC0016,029063,2005,09,03,23.9
IDCJAC0016,029063,2005,09,04,
IDCJAC0016,029063,2005,09,05,24.1
IDCJAC0016,029063,2005,09,06,24.2
IDCJAC0016,029063,2005,09,07,24.6
IDCJAC0016,029063,2005,09,08,23.6
IDCJAC0016,029063,2005,09,09,23.9
IDCJAC0016,029063,2005,09,10,23.8
IDCJAC0016,029063,2005,09,11,20.4
IDCJAC0016,029063,2005,09,12,25.4
IDCJAC0016,029063,2005,09,13,25.3
IDCJAC0016,029063,2005,09,14,25.0
IDCJAC0016,029063,2005,09,15,24.2
IDCJAC0016,029063,2005,09,16,22.9
IDCJAC0016,029063,2005,09,17,24.7
IDCJAC0016,029063,2005,09,18,25.1
IDCJAC0016,029063,2005,09,19,24.8
IDCJAC0016,029063,2005,09,20,18.0
IDCJAC0016,029063,2005,09,21,25.4
IDCJAC0016,029063,2005,09,22,25.4
IDCJAC0016,029063,2005,09,23,26.3
IDCJAC0016,029063,2005,09,24,25.9
IDCJAC0016,029063,2005,09,25,26.7
IDCJAC0016,029063,2005,09,26,26.6
IDCJAC0016,029063,2005,09,27,25.9
IDCJAC0016,029063,2005,09,28,26.4
IDCJAC0016,029063,2005,09,29,26.7
IDCJAC0016,029063,2005,09,30,26.8
IDCJAC0016,029063,2005,10,01,26.6
IDCJAC0016,029063,2005,10,02,26.6
IDCJAC0016,029063,2005,10,03,26.2
IDCJAC0016,029063,2005,10,04,18.5
IDCJAC0016,029063,2005,10,05,26.6
IDCJAC0016,029063,2005,10,06,24.4
IDCJAC0016,029063,2005,10,07,6.9
IDCJAC0016,029063,2005,10,08,24.2
IDCJAC0016,029063,2005,10,09,26.3
IDCJAC0016,029063,2005,10,10,26.7
IDCJAC0016,029063,2005,10,11,26.5
IDCJAC0016,029063,2005,10,12,23.3
IDCJAC0016,029063,2005,10,13,26.3
IDCJAC0016,029063,2005,10,14,27.1
IDCJAC0016,029063,2005,10,15,25.5
IDCJAC0016,029063,2005,10,16,25.6
IDCJAC0016,029063,2005,10,17,26.6
IDCJAC0016,029063,2005,10,18,20.3
IDCJAC0016,029063,2005,10,19,22.7
IDCJAC0016,029063,2005,10,20,25.6
IDCJAC0016,029063,2005,10,21,23.1
IDCJAC0016,029063,2005,10,22,27.7
IDCJAC0016,029063,2005,10,23,28.1
IDCJAC0016,029063,2005,10,24,24.9
IDCJAC0016,029063,2005,10,25,28.5
IDCJAC0016,029063,2005,10,26,24.4
IDCJAC0016,029063,2005,10,27,26.1
IDCJAC0016,029063,2005,10,28,26.6
IDCJAC0016,029063,2005,10,29,25.6
IDCJAC0016,029063,2005,10,30,28.8
IDCJAC0016,029063,2005,10,31,28.7
IDCJAC0016,029063,2005,11,01,28.7
IDCJAC0016,029063,2005,11,02,27.2
IDCJAC0016,029063,2005,11,03,27.1
IDCJAC0016,029063,2005,11,04,28.7
IDCJAC0016,029063,2005,11,05,28.9
IDCJAC0016,029063,2005,11,06,27.6
IDCJAC0016,029063,2005,11,07,27.1
IDCJAC0016,029063,2005,11,08,24.2
IDCJAC0016,029063,2005,11,09,28.0
IDCJAC0016,029063,2005,11,10,17.6
IDCJAC0016,029063,2005,11,11,25.6
IDCJAC0016,029063,2005,11,12,25.3
IDCJAC0016,029063,2005,11,13,28.0
IDCJAC0016,029063,2005,11,14,20.0
IDCJAC0016,029063,2005,11,15,28.9
IDCJAC0016,029063,2005,11,16,29.1
IDCJAC0016,029063,2005,11,17,
IDCJAC0016,029063,2005,11,18,
IDCJAC0016,029063,2005,11,19,
IDCJAC0016,029063,2005,11,20,
IDCJAC0016,029063,2005,11,21,
IDCJAC0016,029063,2005,11,22,
IDCJAC0016,029063,2005,11,23,
IDCJAC0016,029063,2005,11,24,
IDCJAC0016,029063,2005,11,25,
IDCJAC0016,029063,2005,11,26,
IDCJAC0016,029063,2005,11,27,
IDCJAC0016,029063,2005,11,28,
IDCJAC0016,029063,2005,11,29,
IDCJAC0016,029063,2005,11,30,
IDCJAC0016,029063,2005,12,01,
IDCJAC0016,029063,2005,12,02,
IDCJAC0016,029063,2005,12,03,
IDCJAC0016,029063,2005,12,04,
IDCJAC0016,029063,2005,12,05,
IDCJAC0016,029063,2005,12,06,
IDCJAC0016,029063,2005,12,07,
IDCJAC0016,029063,2005,12,08,
IDCJAC0016,029063,2005,12,09,
IDCJAC0016,029063,2005,12,10,
IDCJAC0016,029063,2005,12,11,
IDCJAC0016,029063,2005,12,12,
IDCJAC0016,029063,2005,12,13,
IDCJAC0016,029063,2005,12,14,
IDCJAC0016,029063,2005,12,15,
IDCJAC0016,029063,2005,12,16,
IDCJAC0016,029063,2005,12,17,
IDCJAC0016,029063,2005,12,18,
IDCJAC0016,029063,2005,12,19,
IDCJAC0016,029063,2005,12,20,
IDCJAC0016,029063,2005,12,21,
IDCJAC0016,029063,2005,12,22,
IDCJAC0016,029063,2005,12,23,
IDCJAC0016,029063,2005,12,24,
IDCJAC0016,029063,2005,12,25,
IDCJAC0016,029063,2005,12,26,
IDCJAC0016,029063,2005,12,27,
IDCJAC0016,029063,2005,12,28,
IDCJAC0016,029063,2005,12,29,
IDCJAC0016,029063,2005,12,30,
IDCJAC0016,029063,2005,12,31,
IDCJAC0016,029063,2006,01,01,25.1
IDCJAC0016,029063,2006,01,02,24.6
IDCJAC0016,029063,2006,01,03,22.1
IDCJAC0016,029063,2006,01,04,28.0
IDCJAC0016,029063,2006,01,05,27.2
IDCJAC0016,029063,2006,01,06,28.5
IDCJAC0016,029063,2006,01,07,27.8
IDCJAC0016,029063,2006,01,08,30.3
IDCJAC0016,029063,2006,01,09,27.8
IDCJAC0016,029063,2006,01,10,20.7
IDCJAC0016,029063,2006,01,11,13.1
IDCJAC0016,029063,2006,01,12,11.3
IDCJAC0016,029063,2006,01,13,13.2
IDCJAC0016,029063,2006,01,14,14.9
IDCJAC0016,029063,2006,01,15,16.6
IDCJAC0016,029063,2006,01,16,13.4
IDCJAC0016,029063,2006,01,17,11.1
IDCJAC0016,029063,2006,01,18,13.7
IDCJAC0016,029063,2006,01,19,25.0
IDCJAC0016,029063,2006,01,20,27.3
IDCJAC0016,029063,2006,01,21,20.5
IDCJAC0016,029063,2006,01,22,21.6
IDCJAC0016,029063,2006,01,23,22.5
IDCJAC0016,029063,2006,01,24,21.5
IDCJAC0016,029063,2006,01,25,2.5
IDCJAC0016,029063,2006,01,26,6.2
IDCJAC0016,029063,2006,01,27,5.6
IDCJAC0016,029063,2006,01,28,7.5
IDCJAC0016,029063,2006,01,29,5.6
IDCJAC0016,029063,2006,01,30,10.3
IDCJAC0016,029063,2006,01,31,13.9
IDCJAC0016,029063,2006,02,01,23.4
IDCJAC0016,029063,2006,02,02,30.0
IDCJAC0016,029063,2006,02,03,28.0
IDCJAC0016,029063,2006,02,04,21.7
IDCJAC0016,029063,2006,02,05,29.4
IDCJAC0016,029063,2006,02,06,15.6
IDCJAC0016,029063,2006,02,07,29.8
IDCJAC0016,029063,2006,02,08,21.4
IDCJAC0016,029063,2006,02,09,26.3
IDCJAC0016,029063,2006,02,10,22.4
IDCJAC0016,029063,2006,02,11,22.1
IDCJAC0016,029063,2006,02,12,28.6
IDCJAC0016,029063,2006,02,13,26.7
IDCJAC0016,029063,2006,02,14,25.8
IDCJAC0016,029063,2006,02,15,27.9
IDCJAC0016,029063,2006,02,16,26.6
IDCJAC0016,029063,2006,02,17,26.8
IDCJAC0016,029063,2006,02,18,27.9
IDCJAC0016,029063,2006,02,19,24.6
IDCJAC0016,029063,2006,02,20,24.5
IDCJAC0016,029063,2006,02,21,26.9
IDCJAC0016,029063,2006,02,22,28.7
IDCJAC0016,029063,2006,02,23,28.5
IDCJAC0016,029063,2006,02,24,28.6
IDCJAC0016,029063,2006,02,25,28.6
IDCJAC0016,029063,2006,02,26,28.5
IDCJAC0016,029063,2006,02,27,29.1
IDCJAC0016,029063,2006,02,28,28.3
IDCJAC0016,029063,2006,03,01,22.6
IDCJAC0016,029063,2006,03,02,21.0
IDCJAC0016,029063,2006,03,03,25.3
IDCJAC0016,029063,2006,03,04,11.8
IDCJAC0016,029063,2006,03,05,26.9
IDCJAC0016,029063,2006,03,06,10.5
IDCJAC0016,029063,2006,03,07,17.5
IDCJAC0016,029063,2006,03,08,7.8
IDCJAC0016,029063,2006,03,09,19.3
IDCJAC0016,029063,2006,03,10,24.7
IDCJAC0016,029063,2006,03,11,22.0
IDCJAC0016,029063,2006,03,12,25.8
IDCJAC0016,029063,2006,03,13,27.6
IDCJAC0016,029063,2006,03,14,21.2
IDCJAC0016,029063,2006,03,15,21.4
IDCJAC0016,029063,2006,03,16,20.1
IDCJAC0016,029063,2006,03,17,19.1
IDCJAC0016,029063,2006,03,18,23.2
IDCJAC0016,029063,2006,03,19,24.1
IDCJAC0016,029063,2006,03,20,18.8
IDCJAC0016,029063,2006,03,21,8.0
IDCJAC0016,029063,2006,03,22,16.9
IDCJAC0016,029063,2006,03,23,20.5
IDCJAC0016,029063,2006,03,24,21.7
IDCJAC0016,029063,2006,03,25,25.3
IDCJAC0016,029063,2006,03,26,26.3
IDCJAC0016,029063,2006,03,27,26.6
IDCJAC0016,029063,2006,03,28,26.4
IDCJAC0016,029063,2006,03,29,26.2
IDCJAC0016,029063,2006,03,30,25.2
IDCJAC0016,029063,2006,03,31,21.9
IDCJAC0016,029063,2006,04,01,24.7
IDCJAC0016,029063,2006,04,02,25.5
IDCJAC0016,029063,2006,04,03,21.2
IDCJAC0016,029063,2006,04,04,16.5
IDCJAC0016,029063,2006,04,05,7.9
IDCJAC0016,029063,2006,04,06,5.1
IDCJAC0016,029063,2006,04,07,1.5
IDCJAC0016,029063,2006,04,08,7.9
IDCJAC0016,029063,2006,04,09,15.8
IDCJAC0016,029063,2006,04,10,21.7
IDCJAC0016,029063,2006,04,11,24.6
IDCJAC0016,029063,2006,04,12,16.6
IDCJAC0016,029063,2006,04,13,24.5
IDCJAC0016,029063,2006,04,14,23.9
IDCJAC0016,029063,2006,04,15,24.6
IDCJAC0016,029063,2006,04,16,22.9
IDCJAC0016,029063,2006,04,17,
IDCJAC0016,029063,2006,04,18,24.2
IDCJAC0016,029063,2006,04,19,19.7
IDCJAC0016,029063,2006,04,20,10.9
IDCJAC0016,029063,2006,04,21,12.5
IDCJAC0016,029063,2006,04,22,20.3
IDCJAC0016,029063,2006,04,23,22.2
IDCJAC0016,029063,2006,04,24,21.8
IDCJAC0016,029063,2006,04,25,23.0
IDCJAC0016,029063,2006,04,26,21.3
IDCJAC0016,029063,2006,04,27,21.5
IDCJAC0016,029063,2006,04,28,14.1
IDCJAC0016,029063,2006,04,29,16.0
IDCJAC0016,029063,2006,04,30,10.3
IDCJAC0016,029063,2006,05,01,21.0
IDCJAC0016,029063,2006,05,02,
IDCJAC0016,029063,2006,05,03,20.8
IDCJAC0016,029063,2006,05,04,18.0
IDCJAC0016,029063,2006,05,05,13.3
IDCJAC0016,029063,2006,05,06,19.0
IDCJAC0016,029063,2006,05,07,20.9
IDCJAC0016,029063,2006,05,08,21.5
IDCJAC0016,029063,2006,05,09,21.0
IDCJAC0016,029063,2006,05,10,20.9
IDCJAC0016,029063,2006,05,11,20.6
IDCJAC0016,029063,2006,05,12,20.0
IDCJAC0016,029063,2006,05,13,20.7
IDCJAC0016,029063,2006,05,14,19.2
IDCJAC0016,029063,2006,05,15,20.1
IDCJAC0016,029063,2006,05,16,20.6
IDCJAC0016,029063,2006,05,17,21.0
IDCJAC0016,029063,2006,05,18,21.0
IDCJAC0016,029063,2006,05,19,20.7
IDCJAC0016,029063,2006,05,20,20.0
IDCJAC0016,029063,2006,05,21,19.8
IDCJAC0016,029063,2006,05,22,13.0
IDCJAC0016,029063,2006,05,23,18.9
IDCJAC0016,029063,2006,05,24,20.0
IDCJAC0016,029063,2006,05,25,19.7
IDCJAC0016,029063,2006,05,26,19.8
IDCJAC0016,029063,2006,05,27,20.0
IDCJAC0016,029063,2006,05,28,20.2
IDCJAC0016,029063,2006,05,29,20.2
IDCJAC0016,029063,2006,05,30,19.0
IDCJAC0016,029063,2006,05,31,17.5
IDCJAC0016,029063,2006,06,01,19.8
IDCJAC0016,029063,2006,06,02,20.2
IDCJAC0016,029063,2006,06,03,20.3
IDCJAC0016,029063,2006,06,04,20.1
IDCJAC0016,029063,2006,06,05,19.5
IDCJAC0016,029063,2006,06,06,20.1
IDCJAC0016,029063,2006,06,07,18.8
IDCJAC0016,029063,2006,06,08,19.2
IDCJAC0016,029063,2006,06,09,18.3
IDCJAC0016,029063,2006,06,10,17.9
IDCJAC0016,029063,2006,06,11,18.7
IDCJAC0016,029063,2006,06,12,18.8
IDCJAC0016,029063,2006,06,13,18.5
IDCJAC0016,029063,2006,06,14,18.3
IDCJAC0016,029063,2006,06,15,18.5
IDCJAC0016,029063,2006,06,16,18.2
IDCJAC0016,029063,2006,06,17,19.1
IDCJAC0016,029063,2006,06,18,18.8
IDCJAC0016,029063,2006,06,19,18.7
IDCJAC0016,029063,2006,06,20,19.4
IDCJAC0016,029063,2006,06,21,19.1
IDCJAC0016,029063,2006,06,22,19.0
IDCJAC0016,029063,2006,06,23,19.0
IDCJAC0016,029063,2006,06,24,18.7
IDCJAC0016,029063,2006,06,25,18.9
IDCJAC0016,029063,2006,06,26,18.7
IDCJAC0016,029063,2006,06,27,18.4
IDCJAC0016,029063,2006,06,28,17.9
IDCJAC0016,029063,2006,06,29,18.0
IDCJAC0016,029063,2006,06,30,18.8
IDCJAC0016,029063,2006,07,01,19.2
IDCJAC0016,029063,2006,07,02,19.2
IDCJAC0016,029063,2006,07,03,19.7
IDCJAC0016,029063,2006,07,04,20.0
IDCJAC0016,029063,2006,07,05,20.0
IDCJAC0016,029063,2006,07,06,19.9
IDCJAC0016,029063,2006,07,07,19.7
IDCJAC0016,029063,2006,07,08,19.9
IDCJAC0016,029063,2006,07,09,19.6
IDCJAC0016,029063,2006,07,10,18.9
IDCJAC0016,029063,2006,07,11,15.6
IDCJAC0016,029063,2006,07,12,8.7
IDCJAC0016,029063,2006,07,13,5.3
IDCJAC0016,029063,2006,07,14,11.7
IDCJAC0016,029063,2006,07,15,14.9
IDCJAC0016,029063,2006,07,16,19.9
IDCJAC0016,029063,2006,07,17,19.9
IDCJAC0016,029063,2006,07,18,20.8
IDCJAC0016,029063,2006,07,19,21.0
IDCJAC0016,029063,2006,07,20,20.9
IDCJAC0016,029063,2006,07,21,20.6
IDCJAC0016,029063,2006,07,22,20.3
IDCJAC0016,029063,2006,07,23,20.5
IDCJAC0016,029063,2006,07,24,21.0
IDCJAC0016,029063,2006,07,25,21.4
IDCJAC0016,029063,2006,07,26,21.4
IDCJAC0016,029063,2006,07,27,21.2
IDCJAC0016,029063,2006,07,28,21.3
IDCJAC0016,029063,2006,07,29,21.4
IDCJAC0016,029063,2006,07,30,21.4
IDCJAC0016,029063,2006,07,31,20.7
IDCJAC0016,029063,2006,08,01,20.5
IDCJAC0016,029063,2006,08,02,21.3
IDCJAC0016,029063,2006,08,03,22.0
IDCJAC0016,029063,2006,08,04,22.6
IDCJAC0016,029063,2006,08,05,22.6
IDCJAC0016,029063,2006,08,06,22.9
IDCJAC0016,029063,2006,08,07,22.8
IDCJAC0016,029063,2006,08,08,22.6
IDCJAC0016,029063,2006,08,09,22.9
IDCJAC0016,029063,2006,08,10,23.4
IDCJAC0016,029063,2006,08,11,23.2
IDCJAC0016,029063,2006,08,12,22.5
IDCJAC0016,029063,2006,08,13,22.5
IDCJAC0016,029063,2006,08,14,23.0
IDCJAC0016,029063,2006,08,15,23.7
IDCJAC0016,029063,2006,08,16,23.9
IDCJAC0016,029063,2006,08,17,23.3
IDCJAC0016,029063,2006,08,18,23.2
IDCJAC0016,029063,2006,08,19,23.2
IDCJAC0016,029063,2006,08,20,23.9
IDCJAC0016,029063,2006,08,21,23.7
IDCJAC0016,029063,2006,08,22,24.4
IDCJAC0016,029063,2006,08,23,24.5
IDCJAC0016,029063,2006,08,24,24.5
IDCJAC0016,029063,2006,08,25,24.1
IDCJAC0016,029063,2006,08,26,24.2
IDCJAC0016,029063,2006,08,27,24.5
IDCJAC0016,029063,2006,08,28,24.5
IDCJAC0016,029063,2006,08,29,25.3
IDCJAC0016,029063,2006,08,30,25.2
IDCJAC0016,029063,2006,08,31,24.0
IDCJAC0016,029063,2006,09,01,23.4
IDCJAC0016,029063,2006,09,02,21.3
IDCJAC0016,029063,2006,09,03,21.0
IDCJAC0016,029063,2006,09,04,22.3
IDCJAC0016,029063,2006,09,05,21.5
IDCJAC0016,029063,2006,09,06,20.4
IDCJAC0016,029063,2006,09,07,23.8
IDCJAC0016,029063,2006,09,08,25.3
IDCJAC0016,029063,2006,09,09,25.3
IDCJAC0016,029063,2006,09,10,25.8
IDCJAC0016,029063,2006,09,11,25.9
IDCJAC0016,029063,2006,09,12,23.8
IDCJAC0016,029063,2006,09,13,24.9
IDCJAC0016,029063,2006,09,14,24.4
IDCJAC0016,029063,2006,09,15,24.4
IDCJAC0016,029063,2006,09,16,25.0
IDCJAC0016,029063,2006,09,17,25.6
IDCJAC0016,029063,2006,09,18,25.8
IDCJAC0016,029063,2006,09,19,26.0
IDCJAC0016,029063,2006,09,20,24.6
IDCJAC0016,029063,2006,09,21,25.5
IDCJAC0016,029063,2006,09,22,23.0
IDCJAC0016,029063,2006,09,23,26.0
IDCJAC0016,029063,2006,09,24,25.8
IDCJAC0016,029063,2006,09,25,25.7
IDCJAC0016,029063,2006,09,26,26.3
IDCJAC0016,029063,2006,09,27,26.3
IDCJAC0016,029063,2006,09,28,26.6
IDCJAC0016,029063,2006,09,29,26.8
IDCJAC0016,029063,2006,09,30,26.7
IDCJAC0016,029063,2006,10,01,25.9
IDCJAC0016,029063,2006,10,02,26.4
IDCJAC0016,029063,2006,10,03,26.8
IDCJAC0016,029063,2006,10,04,27.3
IDCJAC0016,029063,2006,10,05,27.3
IDCJAC0016,029063,2006,10,06,27.1
IDCJAC0016,029063,2006,10,07,27.2
IDCJAC0016,029063,2006,10,08,27.7
IDCJAC0016,029063,2006,10,09,27.4
IDCJAC0016,029063,2006,10,10,26.7
IDCJAC0016,029063,2006,10,11,26.8
IDCJAC0016,029063,2006,10,12,24.1
IDCJAC0016,029063,2006,10,13,26.1
IDCJAC0016,029063,2006,10,14,27.1
IDCJAC0016,029063,2006,10,15,27.9
IDCJAC0016,029063,2006,10,16,28.3
IDCJAC0016,029063,2006,10,17,27.7
IDCJAC0016,029063,2006,10,18,16.4
IDCJAC0016,029063,2006,10,19,26.2
IDCJAC0016,029063,2006,10,20,28.1
IDCJAC0016,029063,2006,10,21,28.0
IDCJAC0016,029063,2006,10,22,28.1
IDCJAC0016,029063,2006,10,23,27.3
IDCJAC0016,029063,2006,10,24,26.3
IDCJAC0016,029063,2006,10,25,28.3
IDCJAC0016,029063,2006,10,26,28.8
IDCJAC0016,029063,2006,10,27,28.4
IDCJAC0016,029063,2006,10,28,27.5
IDCJAC0016,029063,2006,10,29,25.5
IDCJAC0016,029063,2006,10,30,27.9
IDCJAC0016,029063,2006,10,31,26.0
IDCJAC0016,029063,2006,11,01,23.7
IDCJAC0016,029063,2006,11,02,25.9
IDCJAC0016,029063,2006,11,03,12.9
IDCJAC0016,029063,2006,11,04,28.6
IDCJAC0016,029063,2006,11,05,27.7
IDCJAC0016,029063,2006,11,06,28.0
IDCJAC0016,029063,2006,11,07,25.3
IDCJAC0016,029063,2006,11,08,27.9
IDCJAC0016,029063,2006,11,09,29.9
IDCJAC0016,029063,2006,11,10,31.7
IDCJAC0016,029063,2006,11,11,30.9
IDCJAC0016,029063,2006,11,12,29.2
IDCJAC0016,029063,2006,11,13,29.0
IDCJAC0016,029063,2006,11,14,29.2
IDCJAC0016,029063,2006,11,15,29.8
IDCJAC0016,029063,2006,11,16,31.5
IDCJAC0016,029063,2006,11,17,31.6
IDCJAC0016,029063,2006,11,18,29.9
IDCJAC0016,029063,2006,11,19,30.5
IDCJAC0016,029063,2006,11,20,30.7
IDCJAC0016,029063,2006,11,21,29.7
IDCJAC0016,029063,2006,11,22,30.1
IDCJAC0016,029063,2006,11,23,30.6
IDCJAC0016,029063,2006,11,24,31.0
IDCJAC0016,029063,2006,11,25,30.6
IDCJAC0016,029063,2006,11,26,30.9
IDCJAC0016,029063,2006,11,27,30.8
IDCJAC0016,029063,2006,11,28,29.5
IDCJAC0016,029063,2006,11,29,30.6
IDCJAC0016,029063,2006,11,30,29.7
IDCJAC0016,029063,2006,12,01,28.9
IDCJAC0016,029063,2006,12,02,28.4
IDCJAC0016,029063,2006,12,03,28.6
IDCJAC0016,029063,2006,12,04,29.5
IDCJAC0016,029063,2006,12,05,28.7
IDCJAC0016,029063,2006,12,06,24.6
IDCJAC0016,029063,2006,12,07,25.2
IDCJAC0016,029063,2006,12,08,22.6
IDCJAC0016,029063,2006,12,09,28.6
IDCJAC0016,029063,2006,12,10,26.9
IDCJAC0016,029063,2006,12,11,27.5
IDCJAC0016,029063,2006,12,12,28.2
IDCJAC0016,029063,2006,12,13,28.6
IDCJAC0016,029063,2006,12,14,29.2
IDCJAC0016,029063,2006,12,15,27.8
IDCJAC0016,029063,2006,12,16,30.6
IDCJAC0016,029063,2006,12,17,29.7
IDCJAC0016,029063,2006,12,18,24.2
IDCJAC0016,029063,2006,12,19,16.2
IDCJAC0016,029063,2006,12,20,27.4
IDCJAC0016,029063,2006,12,21,30.3
IDCJAC0016,029063,2006,12,22,28.4
IDCJAC0016,029063,2006,12,23,29.3
IDCJAC0016,029063,2006,12,24,28.8
IDCJAC0016,029063,2006,12,25,26.2
IDCJAC0016,029063,2006,12,26,22.7
IDCJAC0016,029063,2006,12,27,21.1
IDCJAC0016,029063,2006,12,28,14.0
IDCJAC0016,029063,2006,12,29,24.4
IDCJAC0016,029063,2006,12,30,16.7
IDCJAC0016,029063,2006,12,31,9.2
IDCJAC0016,029063,2007,01,01,29.7
IDCJAC0016,029063,2007,01,02,28.5
IDCJAC0016,029063,2007,01,03,29.1
IDCJAC0016,029063,2007,01,04,27.8
IDCJAC0016,029063,2007,01,05,20.7
IDCJAC0016,029063,2007,01,06,17.6
IDCJAC0016,029063,2007,01,07,2.8
IDCJAC0016,029063,2007,01,08,21.8
IDCJAC0016,029063,2007,01,09,14.0
IDCJAC0016,029063,2007,01,10,24.4
IDCJAC0016,029063,2007,01,11,21.3
IDCJAC0016,029063,2007,01,12,21.9
IDCJAC0016,029063,2007,01,13,15.0
IDCJAC0016,029063,2007,01,14,13.0
IDCJAC0016,029063,2007,01,15,15.3
IDCJAC0016,029063,2007,01,16,5.0
IDCJAC0016,029063,2007,01,17,5.6
IDCJAC0016,029063,2007,01,18,19.3
IDCJAC0016,029063,2007,01,19,16.5
IDCJAC0016,029063,2007,01,20,12.7
IDCJAC0016,029063,2007,01,21,9.8
IDCJAC0016,029063,2007,01,22,26.2
IDCJAC0016,029063,2007,01,23,26.4
IDCJAC0016,029063,2007,01,24,27.9
IDCJAC0016,029063,2007,01,25,28.5
IDCJAC0016,029063,2007,01,26,11.4
IDCJAC0016,029063,2007,01,27,19.9
IDCJAC0016,029063,2007,01,28,3.9
IDCJAC0016,029063,2007,01,29,27.1
IDCJAC0016,029063,2007,01,30,27.4
IDCJAC0016,029063,2007,01,31,19.6
IDCJAC0016,029063,2007,02,01,18.7
IDCJAC0016,029063,2007,02,02,15.4
IDCJAC0016,029063,2007,02,03,14.8
IDCJAC0016,029063,2007,02,04,13.6
IDCJAC0016,029063,2007,02,05,7.9
IDCJAC0016,029063,2007,02,06,2.3
IDCJAC0016,029063,2007,02,07,15.7
IDCJAC0016,029063,2007,02,08,30.1
IDCJAC0016,029063,2007,02,09,30.2
IDCJAC0016,029063,2007,02,10,30.0
IDCJAC0016,029063,2007,02,11,28.4
IDCJAC0016,029063,2007,02,12,29.1
IDCJAC0016,029063,2007,02,13,20.3
IDCJAC0016,029063,2007,02,14,26.1
IDCJAC0016,029063,2007,02,15,26.0
IDCJAC0016,029063,2007,02,16,27.4
IDCJAC0016,029063,2007,02,17,23.7
IDCJAC0016,029063,2007,02,18,28.2
IDCJAC0016,029063,2007,02,19,27.8
IDCJAC0016,029063,2007,02,20,28.4
IDCJAC0016,029063,2007,02,21,26.8
IDCJAC0016,029063,2007,02,22,13.1
IDCJAC0016,029063,2007,02,23,22.7
IDCJAC0016,029063,2007,02,24,19.3
IDCJAC0016,029063,2007,02,25,27.1
IDCJAC0016,029063,2007,02,26,26.7
IDCJAC0016,029063,2007,02,27,28.0
IDCJAC0016,029063,2007,02,28,27.6
IDCJAC0016,029063,2007,03,01,24.9
IDCJAC0016,029063,2007,03,02,24.7
IDCJAC0016,029063,2007,03,03,26.1
IDCJAC0016,029063,2007,03,04,28.1
IDCJAC0016,029063,2007,03,05,27.9
IDCJAC0016,029063,2007,03,06,27.6
IDCJAC0016,029063,2007,03,07,14.9
IDCJAC0016,029063,2007,03,08,13.7
IDCJAC0016,029063,2007,03,09,10.2
IDCJAC0016,029063,2007,03,10,23.9
IDCJAC0016,029063,2007,03,11,24.7
IDCJAC0016,029063,2007,03,12,24.2
IDCJAC0016,029063,2007,03,13,22.0
IDCJAC0016,029063,2007,03,14,15.5
IDCJAC0016,029063,2007,03,15,20.3
IDCJAC0016,029063,2007,03,16,18.9
IDCJAC0016,029063,2007,03,17,19.7
IDCJAC0016,029063,2007,03,18,23.6
IDCJAC0016,029063,2007,03,19,27.2
IDCJAC0016,029063,2007,03,20,26.9
IDCJAC0016,029063,2007,03,21,24.5
IDCJAC0016,029063,2007,03,22,18.5
IDCJAC0016,029063,2007,03,23,25.9
IDCJAC0016,029063,2007,03,24,25.3
IDCJAC0016,029063,2007,03,25,22.3
IDCJAC0016,029063,2007,03,26,24.5
IDCJAC0016,029063,2007,03,27,21.4
IDCJAC0016,029063,2007,03,28,23.9
IDCJAC0016,029063,2007,03,29,16.4
IDCJAC0016,029063,2007,03,30,19.3
IDCJAC0016,029063,2007,03,31,24.3
IDCJAC0016,029063,2007,04,01,24.0
IDCJAC0016,029063,2007,04,02,23.7
IDCJAC0016,029063,2007,04,03,21.6
IDCJAC0016,029063,2007,04,04,23.8
IDCJAC0016,029063,2007,04,05,25.0
IDCJAC0016,029063,2007,04,06,24.2
IDCJAC0016,029063,2007,04,07,24.6
IDCJAC0016,029063,2007,04,08,25.0
IDCJAC0016,029063,2007,04,09,24.9
IDCJAC0016,029063,2007,04,10,23.8
IDCJAC0016,029063,2007,04,11,22.9
IDCJAC0016,029063,2007,04,12,22.0
IDCJAC0016,029063,2007,04,13,23.4
IDCJAC0016,029063,2007,04,14,22.8
IDCJAC0016,029063,2007,04,15,23.3
IDCJAC0016,029063,2007,04,16,22.8
IDCJAC0016,029063,2007,04,17,22.9
IDCJAC0016,029063,2007,04,18,23.6
IDCJAC0016,029063,2007,04,19,23.8
IDCJAC0016,029063,2007,04,20,23.4
IDCJAC0016,029063,2007,04,21,23.1
IDCJAC0016,029063,2007,04,22,22.7
IDCJAC0016,029063,2007,04,23,22.6
IDCJAC0016,029063,2007,04,24,22.5
IDCJAC0016,029063,2007,04,25,22.4
IDCJAC0016,029063,2007,04,26,22.0
IDCJAC0016,029063,2007,04,27,21.8
IDCJAC0016,029063,2007,04,28,21.5
IDCJAC0016,029063,2007,04,29,21.3
IDCJAC0016,029063,2007,04,30,21.0
IDCJAC0016,029063,2007,05,01,21.2
IDCJAC0016,029063,2007,05,02,20.0
IDCJAC0016,029063,2007,05,03,20.5
IDCJAC0016,029063,2007,05,04,21.1
IDCJAC0016,029063,2007,05,05,20.9
IDCJAC0016,029063,2007,05,06,21.0
IDCJAC0016,029063,2007,05,07,20.8
IDCJAC0016,029063,2007,05,08,20.6
IDCJAC0016,029063,2007,05,09,19.4
IDCJAC0016,029063,2007,05,10,19.5
IDCJAC0016,029063,2007,05,11,19.5
IDCJAC0016,029063,2007,05,12,13.5
IDCJAC0016,029063,2007,05,13,19.7
IDCJAC0016,029063,2007,05,14,19.2
IDCJAC0016,029063,2007,05,15,19.1
IDCJAC0016,029063,2007,05,16,19.1
IDCJAC0016,029063,2007,05,17,19.0
IDCJAC0016,029063,2007,05,18,18.7
IDCJAC0016,029063,2007,05,19,18.6
IDCJAC0016,029063,2007,05,20,18.7
IDCJAC0016,029063,2007,05,21,18.7
IDCJAC0016,029063,2007,05,22,19.0
IDCJAC0016,029063,2007,05,23,18.3
IDCJAC0016,029063,2007,05,24,17.5
IDCJAC0016,029063,2007,05,25,17.3
IDCJAC0016,029063,2007,05,26,18.0
IDCJAC0016,029063,2007,05,27,17.9
IDCJAC0016,029063,2007,05,28,17.9
IDCJAC0016,029063,2007,05,29,13.3
IDCJAC0016,029063,2007,05,30,17.7
IDCJAC0016,029063,2007,05,31,17.4
IDCJAC0016,029063,2007,06,01,17.8
IDCJAC0016,029063,2007,06,02,17.8
IDCJAC0016,029063,2007,06,03,17.4
IDCJAC0016,029063,2007,06,04,17.5
IDCJAC0016,029063,2007,06,05,15.2
IDCJAC0016,029063,2007,06,06,16.7
IDCJAC0016,029063,2007,06,07,16.5
IDCJAC0016,029063,2007,06,08,19.4
IDCJAC0016,029063,2007,06,09,19.5
IDCJAC0016,029063,2007,06,10,18.8
IDCJAC0016,029063,2007,06,11,18.6
IDCJAC0016,029063,2007,06,12,18.3
IDCJAC0016,029063,2007,06,13,13.8
IDCJAC0016,029063,2007,06,14,8.2
IDCJAC0016,029063,2007,06,15,12.5
IDCJAC0016,029063,2007,06,16,14.0
IDCJAC0016,029063,2007,06,17,11.7
IDCJAC0016,029063,2007,06,18,5.4
IDCJAC0016,029063,2007,06,19,14.1
IDCJAC0016,029063,2007,06,20,6.3
IDCJAC0016,029063,2007,06,21,4.0
IDCJAC0016,029063,2007,06,22,7.1
IDCJAC0016,029063,2007,06,23,12.8
IDCJAC0016,029063,2007,06,24,10.0
IDCJAC0016,029063,2007,06,25,5.3
IDCJAC0016,029063,2007,06,26,6.7
IDCJAC0016,029063,2007,06,27,19.7
IDCJAC0016,029063,2007,06,28,19.8
IDCJAC0016,029063,2007,06,29,19.6
IDCJAC0016,029063,2007,06,30,19.5
IDCJAC0016,029063,2007,07,01,18.9
IDCJAC0016,029063,2007,07,02,19.0
IDCJAC0016,029063,2007,07,03,18.7
IDCJAC0016,029063,2007,07,04,18.7
IDCJAC0016,029063,2007,07,05,18.6
IDCJAC0016,029063,2007,07,06,19.4
IDCJAC0016,029063,2007,07,07,19.2
IDCJAC0016,029063,2007,07,08,19.5
IDCJAC0016,029063,2007,07,09,20.0
IDCJAC0016,029063,2007,07,10,20.1
IDCJAC0016,029063,2007,07,11,19.8
IDCJAC0016,029063,2007,07,12,19.1
IDCJAC0016,029063,2007,07,13,19.2
IDCJAC0016,029063,2007,07,14,19.7
IDCJAC0016,029063,2007,07,15,19.5
IDCJAC0016,029063,2007,07,16,19.0
IDCJAC0016,029063,2007,07,17,19.1
IDCJAC0016,029063,2007,07,18,17.7
IDCJAC0016,029063,2007,07,19,19.5
IDCJAC0016,029063,2007,07,20,20.5
IDCJAC0016,029063,2007,07,21,20.9
IDCJAC0016,029063,2007,07,22,20.3
IDCJAC0016,029063,2007,07,23,19.8
IDCJAC0016,029063,2007,07,24,19.3
IDCJAC0016,029063,2007,07,25,17.9
IDCJAC0016,029063,2007,07,26,16.9
IDCJAC0016,029063,2007,07,27,18.8
IDCJAC0016,029063,2007,07,28,18.6
IDCJAC0016,029063,2007,07,29,19.8
IDCJAC0016,029063,2007,07,30,21.0
IDCJAC0016,029063,2007,07,31,21.1
IDCJAC0016,029063,2007,08,01,20.6
IDCJAC0016,029063,2007,08,02,19.5
IDCJAC0016,029063,2007,08,03,15.6
IDCJAC0016,029063,2007,08,04,20.5
IDCJAC0016,029063,2007,08,05,21.3
IDCJAC0016,029063,2007,08,06,21.9
IDCJAC0016,029063,2007,08,07,21.8
IDCJAC0016,029063,2007,08,08,19.2
IDCJAC0016,029063,2007,08,09,19.2
IDCJAC0016,029063,2007,08,10,21.0
IDCJAC0016,029063,2007,08,11,20.4
IDCJAC0016,029063,2007,08,12,20.8
IDCJAC0016,029063,2007,08,13,21.4
IDCJAC0016,029063,2007,08,14,21.3
IDCJAC0016,029063,2007,08,15,21.0
IDCJAC0016,029063,2007,08,16,9.3
IDCJAC0016,029063,2007,08,17,7.6
IDCJAC0016,029063,2007,08,18,18.1
IDCJAC0016,029063,2007,08,19,17.1
IDCJAC0016,029063,2007,08,20,21.3
IDCJAC0016,029063,2007,08,21,21.8
IDCJAC0016,029063,2007,08,22,22.1
IDCJAC0016,029063,2007,08,23,23.0
IDCJAC0016,029063,2007,08,24,23.1
IDCJAC0016,029063,2007,08,25,23.4
IDCJAC0016,029063,2007,08,26,23.5
IDCJAC0016,029063,2007,08,27,23.0
IDCJAC0016,029063,2007,08,28,22.6
IDCJAC0016,029063,2007,08,29,23.4
IDCJAC0016,029063,2007,08,30,23.5
IDCJAC0016,029063,2007,08,31,23.3
IDCJAC0016,029063,2007,09,01,22.1
IDCJAC0016,029063,2007,09,02,22.1
IDCJAC0016,029063,2007,09,03,17.6
IDCJAC0016,029063,2007,09,04,16.0
IDCJAC0016,029063,2007,09,05,23.0
IDCJAC0016,029063,2007,09,06,21.7
IDCJAC0016,029063,2007,09,07,23.5
IDCJAC0016,029063,2007,09,08,23.3
IDCJAC0016,029063,2007,09,09,20.9
IDCJAC0016,029063,2007,09,10,22.9
IDCJAC0016,029063,2007,09,11,23.2
IDCJAC0016,029063,2007,09,12,23.8
IDCJAC0016,029063,2007,09,13,24.4
IDCJAC0016,029063,2007,09,14,24.2
IDCJAC0016,029063,2007,09,15,24.3
IDCJAC0016,029063,2007,09,16,24.6
IDCJAC0016,029063,2007,09,17,24.7
IDCJAC0016,029063,2007,09,18,25.0
IDCJAC0016,029063,2007,09,19,26.0
IDCJAC0016,029063,2007,09,20,25.8
IDCJAC0016,029063,2007,09,21,26.2
IDCJAC0016,029063,2007,09,22,26.5
IDCJAC0016,029063,2007,09,23,26.5
IDCJAC0016,029063,2007,09,24,26.0
IDCJAC0016,029063,2007,09,25,25.5
IDCJAC0016,029063,2007,09,26,25.0
IDCJAC0016,029063,2007,09,27,25.5
IDCJAC0016,029063,2007,09,28,25.0
IDCJAC0016,029063,2007,09,29,24.5
IDCJAC0016,029063,2007,09,30,24.2
IDCJAC0016,029063,2007,10,01,25.6
IDCJAC0016,029063,2007,10,02,22.7
IDCJAC0016,029063,2007,10,03,24.3
IDCJAC0016,029063,2007,10,04,21.6
IDCJAC0016,029063,2007,10,05,23.9
IDCJAC0016,029063,2007,10,06,22.8
IDCJAC0016,029063,2007,10,07,25.5
IDCJAC0016,029063,2007,10,08,24.7
IDCJAC0016,029063,2007,10,09,26.4
IDCJAC0016,029063,2007,10,10,25.3
IDCJAC0016,029063,2007,10,11,26.0
IDCJAC0016,029063,2007,10,12,23.6
IDCJAC0016,029063,2007,10,13,27.9
IDCJAC0016,029063,2007,10,14,28.6
IDCJAC0016,029063,2007,10,15,27.7
IDCJAC0016,029063,2007,10,16,27.1
IDCJAC0016,029063,2007,10,17,28.3
IDCJAC0016,029063,2007,10,18,28.8
IDCJAC0016,029063,2007,10,19,27.3
IDCJAC0016,029063,2007,10,20,27.7
IDCJAC0016,029063,2007,10,21,26.0
IDCJAC0016,029063,2007,10,22,26.5
IDCJAC0016,029063,2007,10,23,26.4
IDCJAC0016,029063,2007,10,24,22.6
IDCJAC0016,029063,2007,10,25,27.9
IDCJAC0016,029063,2007,10,26,28.7
IDCJAC0016,029063,2007,10,27,29.9
IDCJAC0016,029063,2007,10,28,27.0
IDCJAC0016,029063,2007,10,29,26.1
IDCJAC0016,029063,2007,10,30,6.4
IDCJAC0016,029063,2007,10,31,27.4
IDCJAC0016,029063,2007,11,01,27.8
IDCJAC0016,029063,2007,11,02,24.4
IDCJAC0016,029063,2007,11,03,26.9
IDCJAC0016,029063,2007,11,04,24.8
IDCJAC0016,029063,2007,11,05,26.7
IDCJAC0016,029063,2007,11,06,29.0
IDCJAC0016,029063,2007,11,07,29.2
IDCJAC0016,029063,2007,11,08,30.2
IDCJAC0016,029063,2007,11,09,29.3
IDCJAC0016,029063,2007,11,10,28.3
IDCJAC0016,029063,2007,11,11,27.9
IDCJAC0016,029063,2007,11,12,11.2
IDCJAC0016,029063,2007,11,13,26.7
IDCJAC0016,029063,2007,11,14,26.7
IDCJAC0016,029063,2007,11,15,24.3
IDCJAC0016,029063,2007,11,16,24.8
IDCJAC0016,029063,2007,11,17,13.2
IDCJAC0016,029063,2007,11,18,24.0
IDCJAC0016,029063,2007,11,19,25.5
IDCJAC0016,029063,2007,11,20,26.5
IDCJAC0016,029063,2007,11,21,26.7
IDCJAC0016,029063,2007,11,22,25.8
IDCJAC0016,029063,2007,11,23,29.9
IDCJAC0016,029063,2007,11,24,31.3
IDCJAC0016,029063,2007,11,25,31.2
IDCJAC0016,029063,2007,11,26,24.6
IDCJAC0016,029063,2007,11,27,25.4
IDCJAC0016,029063,2007,11,28,26.6
IDCJAC0016,029063,2007,11,29,27.2
IDCJAC0016,029063,2007,11,30,28.1
IDCJAC0016,029063,2007,12,01,28.2
IDCJAC0016,029063,2007,12,02,28.8
IDCJAC0016,029063,2007,12,03,21.5
IDCJAC0016,029063,2007,12,04,27.3
IDCJAC0016,029063,2007,12,05,7.3
IDCJAC0016,029063,2007,12,06,22.7
IDCJAC0016,029063,2007,12,07,26.6
IDCJAC0016,029063,2007,12,08,22.3
IDCJAC0016,029063,2007,12,09,23.7
IDCJAC0016,029063,2007,12,10,23.6
IDCJAC0016,029063,2007,12,11,28.3
IDCJAC0016,029063,2007,12,12,21.7
IDCJAC0016,029063,2007,12,13,22.1
IDCJAC0016,029063,2007,12,14,20.9
IDCJAC0016,029063,2007,12,15,21.4
IDCJAC0016,029063,2007,12,16,25.4
IDCJAC0016,029063,2007,12,17,24.0
IDCJAC0016,029063,2007,12,18,21.0
IDCJAC0016,029063,2007,12,19,17.3
IDCJAC0016,029063,2007,12,20,26.8
IDCJAC0016,029063,2007,12,21,27.0
IDCJAC0016,029063,2007,12,22,10.2
IDCJAC0016,029063,2007,12,23,21.5
IDCJAC0016,029063,2007,12,24,18.8
IDCJAC0016,029063,2007,12,25,21.8
IDCJAC0016,029063,2007,12,26,22.6
IDCJAC0016,029063,2007,12,27,20.7
IDCJAC0016,029063,2007,12,28,25.6
IDCJAC0016,029063,2007,12,29,26.9
IDCJAC0016,029063,2007,12,30,21.6
IDCJAC0016,029063,2007,12,31,21.1
IDCJAC0016,029063,2008,01,01,20.5
IDCJAC0016,029063,2008,01,02,22.4
IDCJAC0016,029063,2008,01,03,16.3
IDCJAC0016,029063,2008,01,04,23.6
IDCJAC0016,029063,2008,01,05,25.6
IDCJAC0016,029063,2008,01,06,21.1
IDCJAC0016,029063,2008,01,07,21.1
IDCJAC0016,029063,2008,01,08,7.1
IDCJAC0016,029063,2008,01,09,3.8
IDCJAC0016,029063,2008,01,10,13.7
IDCJAC0016,029063,2008,01,11,1.9
IDCJAC0016,029063,2008,01,12,2.3
IDCJAC0016,029063,2008,01,13,12.4
IDCJAC0016,029063,2008,01,14,27.7
IDCJAC0016,029063,2008,01,15,27.3
IDCJAC0016,029063,2008,01,16,26.6
IDCJAC0016,029063,2008,01,17,20.9
IDCJAC0016,029063,2008,01,18,25.7
IDCJAC0016,029063,2008,01,19,23.8
IDCJAC0016,029063,2008,01,20,22.1
IDCJAC0016,029063,2008,01,21,13.3
IDCJAC0016,029063,2008,01,22,27.7
IDCJAC0016,029063,2008,01,23,25.0
IDCJAC0016,029063,2008,01,24,27.3
IDCJAC0016,029063,2008,01,25,29.3
IDCJAC0016,029063,2008,01,26,28.3
IDCJAC0016,029063,2008,01,27,17.3
IDCJAC0016,029063,2008,01,28,27.1
IDCJAC0016,029063,2008,01,29,20.6
IDCJAC0016,029063,2008,01,30,25.0
IDCJAC0016,029063,2008,01,31,28.7
IDCJAC0016,029063,2008,02,01,30.6
IDCJAC0016,029063,2008,02,02,28.3
IDCJAC0016,029063,2008,02,03,20.0
IDCJAC0016,029063,2008,02,04,20.4
IDCJAC0016,029063,2008,02,05,26.1
IDCJAC0016,029063,2008,02,06,12.9
IDCJAC0016,029063,2008,02,07,22.7
IDCJAC0016,029063,2008,02,08,14.4
IDCJAC0016,029063,2008,02,09,16.0
IDCJAC0016,029063,2008,02,10,5.2
IDCJAC0016,029063,2008,02,11,13.4
IDCJAC0016,029063,2008,02,12,5.8
IDCJAC0016,029063,2008,02,13,3.1
IDCJAC0016,029063,2008,02,14,18.7
IDCJAC0016,029063,2008,02,15,15.8
IDCJAC0016,029063,2008,02,16,17.5
IDCJAC0016,029063,2008,02,17,15.4
IDCJAC0016,029063,2008,02,18,19.4
IDCJAC0016,029063,2008,02,19,20.4
IDCJAC0016,029063,2008,02,20,27.1
IDCJAC0016,029063,2008,02,21,24.4
IDCJAC0016,029063,2008,02,22,21.9
IDCJAC0016,029063,2008,02,23,25.6
IDCJAC0016,029063,2008,02,24,24.8
IDCJAC0016,029063,2008,02,25,12.5
IDCJAC0016,029063,2008,02,26,12.0
IDCJAC0016,029063,2008,02,27,17.6
IDCJAC0016,029063,2008,02,28,22.3
IDCJAC0016,029063,2008,02,29,26.5
IDCJAC0016,029063,2008,03,01,28.1
IDCJAC0016,029063,2008,03,02,22.8
IDCJAC0016,029063,2008,03,03,26.4
IDCJAC0016,029063,2008,03,04,26.7
IDCJAC0016,029063,2008,03,05,12.7
IDCJAC0016,029063,2008,03,06,13.8
IDCJAC0016,029063,2008,03,07,27.1
IDCJAC0016,029063,2008,03,08,27.4
IDCJAC0016,029063,2008,03,09,27.7
IDCJAC0016,029063,2008,03,10,28.1
IDCJAC0016,029063,2008,03,11,27.5
IDCJAC0016,029063,2008,03,12,27.4
IDCJAC0016,029063,2008,03,13,26.9
IDCJAC0016,029063,2008,03,14,24.8
IDCJAC0016,029063,2008,03,15,26.4
IDCJAC0016,029063,2008,03,16,26.5
IDCJAC0016,029063,2008,03,17,26.7
IDCJAC0016,029063,2008,03,18,26.5
IDCJAC0016,029063,2008,03,19,26.3
IDCJAC0016,029063,2008,03,20,26.2
IDCJAC0016,029063,2008,03,21,25.7
IDCJAC0016,029063,2008,03,22,19.9
IDCJAC0016,029063,2008,03,23,23.2
IDCJAC0016,029063,2008,03,24,25.1
IDCJAC0016,029063,2008,03,25,21.7
IDCJAC0016,029063,2008,03,26,16.1
IDCJAC0016,029063,2008,03,27,22.7
IDCJAC0016,029063,2008,03,28,24.3
IDCJAC0016,029063,2008,03,29,24.2
IDCJAC0016,029063,2008,03,30,24.0
IDCJAC0016,029063,2008,03,31,23.7
IDCJAC0016,029063,2008,04,01,24.4
IDCJAC0016,029063,2008,04,02,23.0
IDCJAC0016,029063,2008,04,03,19.8
IDCJAC0016,029063,2008,04,04,24.2
IDCJAC0016,029063,2008,04,05,22.0
IDCJAC0016,029063,2008,04,06,24.6
IDCJAC0016,029063,2008,04,07,24.4
IDCJAC0016,029063,2008,04,08,24.4
IDCJAC0016,029063,2008,04,09,24.4
IDCJAC0016,029063,2008,04,10,24.6
IDCJAC0016,029063,2008,04,11,24.5
IDCJAC0016,029063,2008,04,12,24.1
IDCJAC0016,029063,2008,04,13,20.3
IDCJAC0016,029063,2008,04,14,21.4
IDCJAC0016,029063,2008,04,15,23.0
IDCJAC0016,029063,2008,04,16,23.3
IDCJAC0016,029063,2008,04,17,23.0
IDCJAC0016,029063,2008,04,18,23.3
IDCJAC0016,029063,2008,04,19,23.4
IDCJAC0016,029063,2008,04,20,22.7
IDCJAC0016,029063,2008,04,21,22.0
IDCJAC0016,029063,2008,04,22,22.3
IDCJAC0016,029063,2008,04,23,22.4
IDCJAC0016,029063,2008,04,24,19.9
IDCJAC0016,029063,2008,04,25,22.6
IDCJAC0016,029063,2008,04,26,22.5
IDCJAC0016,029063,2008,04,27,21.9
IDCJAC0016,029063,2008,04,28,22.0
IDCJAC0016,029063,2008,04,29,22.0
IDCJAC0016,029063,2008,04,30,21.7
IDCJAC0016,029063,2008,05,01,22.0
IDCJAC0016,029063,2008,05,02,21.7
IDCJAC0016,029063,2008,05,03,21.5
IDCJAC0016,029063,2008,05,04,21.6
IDCJAC0016,029063,2008,05,05,21.2
IDCJAC0016,029063,2008,05,06,20.9
IDCJAC0016,029063,2008,05,07,21.5
IDCJAC0016,029063,2008,05,08,21.4
IDCJAC0016,029063,2008,05,09,20.4
IDCJAC0016,029063,2008,05,10,20.2
IDCJAC0016,029063,2008,05,11,18.9
IDCJAC0016,029063,2008,05,12,19.8
IDCJAC0016,029063,2008,05,13,20.0
IDCJAC0016,029063,2008,05,14,19.5
IDCJAC0016,029063,2008,05,15,16.7
IDCJAC0016,029063,2008,05,16,18.8
IDCJAC0016,029063,2008,05,17,20.0
IDCJAC0016,029063,2008,05,18,20.8
IDCJAC0016,029063,2008,05,19,21.0
IDCJAC0016,029063,2008,05,20,20.5
IDCJAC0016,029063,2008,05,21,20.2
IDCJAC0016,029063,2008,05,22,19.8
IDCJAC0016,029063,2008,05,23,19.3
IDCJAC0016,029063,2008,05,24,16.7
IDCJAC0016,029063,2008,05,25,18.3
IDCJAC0016,029063,2008,05,26,17.4
IDCJAC0016,029063,2008,05,27,16.3
IDCJAC0016,029063,2008,05,28,16.6
IDCJAC0016,029063,2008,05,29,18.1
IDCJAC0016,029063,2008,05,30,18.2
IDCJAC0016,029063,2008,05,31,18.8
IDCJAC0016,029063,2008,06,01,18.8
IDCJAC0016,029063,2008,06,02,18.8
IDCJAC0016,029063,2008,06,03,18.7
IDCJAC0016,029063,2008,06,04,18.2
IDCJAC0016,029063,2008,06,05,17.8
IDCJAC0016,029063,2008,06,06,17.7
IDCJAC0016,029063,2008,06,07,14.0
IDCJAC0016,029063,2008,06,08,14.0
IDCJAC0016,029063,2008,06,09,17.5
IDCJAC0016,029063,2008,06,10,17.4
IDCJAC0016,029063,2008,06,11,17.9
IDCJAC0016,029063,2008,06,12,18.2
IDCJAC0016,029063,2008,06,13,18.0
IDCJAC0016,029063,2008,06,14,18.3
IDCJAC0016,029063,2008,06,15,11.9
IDCJAC0016,029063,2008,06,16,17.5
IDCJAC0016,029063,2008,06,17,17.5
IDCJAC0016,029063,2008,06,18,15.8
IDCJAC0016,029063,2008,06,19,17.6
IDCJAC0016,029063,2008,06,20,18.0
IDCJAC0016,029063,2008,06,21,17.7
IDCJAC0016,029063,2008,06,22,17.6
IDCJAC0016,029063,2008,06,23,18.8
IDCJAC0016,029063,2008,06,24,18.7
IDCJAC0016,029063,2008,06,25,18.1
IDCJAC0016,029063,2008,06,26,18.1
IDCJAC0016,029063,2008,06,27,17.9
IDCJAC0016,029063,2008,06,28,17.1
IDCJAC0016,029063,2008,06,29,17.3
IDCJAC0016,029063,2008,06,30,16.1
IDCJAC0016,029063,2008,07,01,18.4
IDCJAC0016,029063,2008,07,02,18.5
IDCJAC0016,029063,2008,07,03,18.8
IDCJAC0016,029063,2008,07,04,18.8
IDCJAC0016,029063,2008,07,05,18.6
IDCJAC0016,029063,2008,07,06,18.5
IDCJAC0016,029063,2008,07,07,10.5
IDCJAC0016,029063,2008,07,08,17.5
IDCJAC0016,029063,2008,07,09,19.0
IDCJAC0016,029063,2008,07,10,19.5
IDCJAC0016,029063,2008,07,11,19.2
IDCJAC0016,029063,2008,07,12,18.7
IDCJAC0016,029063,2008,07,13,17.9
IDCJAC0016,029063,2008,07,14,18.1
IDCJAC0016,029063,2008,07,15,17.8
IDCJAC0016,029063,2008,07,16,18.1
IDCJAC0016,029063,2008,07,17,17.9
IDCJAC0016,029063,2008,07,18,17.5
IDCJAC0016,029063,2008,07,19,18.7
IDCJAC0016,029063,2008,07,20,18.1
IDCJAC0016,029063,2008,07,21,15.9
IDCJAC0016,029063,2008,07,22,4.6
IDCJAC0016,029063,2008,07,23,7.6
IDCJAC0016,029063,2008,07,24,18.8
IDCJAC0016,029063,2008,07,25,20.2
IDCJAC0016,029063,2008,07,26,20.2
IDCJAC0016,029063,2008,07,27,20.3
IDCJAC0016,029063,2008,07,28,20.5
IDCJAC0016,029063,2008,07,29,21.2
IDCJAC0016,029063,2008,07,30,21.0
IDCJAC0016,029063,2008,07,31,18.5
IDCJAC0016,029063,2008,08,01,20.6
IDCJAC0016,029063,2008,08,02,21.0
IDCJAC0016,029063,2008,08,03,21.0
IDCJAC0016,029063,2008,08,04,21.1
IDCJAC0016,029063,2008,08,05,21.1
IDCJAC0016,029063,2008,08,06,21.7
IDCJAC0016,029063,2008,08,07,22.4
IDCJAC0016,029063,2008,08,08,22.6
IDCJAC0016,029063,2008,08,09,21.7
IDCJAC0016,029063,2008,08,10,21.4
IDCJAC0016,029063,2008,08,11,22.3
IDCJAC0016,029063,2008,08,12,21.6
IDCJAC0016,029063,2008,08,13,21.5
IDCJAC0016,029063,2008,08,14,21.3
IDCJAC0016,029063,2008,08,15,21.5
IDCJAC0016,029063,2008,08,16,22.3
IDCJAC0016,029063,2008,08,17,22.4
IDCJAC0016,029063,2008,08,18,21.0
IDCJAC0016,029063,2008,08,19,22.5
IDCJAC0016,029063,2008,08,20,22.3
IDCJAC0016,029063,2008,08,21,21.6
IDCJAC0016,029063,2008,08,22,22.1
IDCJAC0016,029063,2008,08,23,22.4
IDCJAC0016,029063,2008,08,24,20.3
IDCJAC0016,029063,2008,08,25,22.0
IDCJAC0016,029063,2008,08,26,19.8
IDCJAC0016,029063,2008,08,27,21.7
IDCJAC0016,029063,2008,08,28,22.7
IDCJAC0016,029063,2008,08,29,23.0
IDCJAC0016,029063,2008,08,30,22.9
IDCJAC0016,029063,2008,08,31,22.8
IDCJAC0016,029063,2008,09,01,21.7
IDCJAC0016,029063,2008,09,02,21.8
IDCJAC0016,029063,2008,09,03,20.1
IDCJAC0016,029063,2008,09,04,21.7
IDCJAC0016,029063,2008,09,05,23.4
IDCJAC0016,029063,2008,09,06,23.3
IDCJAC0016,029063,2008,09,07,22.9
IDCJAC0016,029063,2008,09,08,23.4
IDCJAC0016,029063,2008,09,09,23.3
IDCJAC0016,029063,2008,09,10,21.0
IDCJAC0016,029063,2008,09,11,21.8
IDCJAC0016,029063,2008,09,12,23.1
IDCJAC0016,029063,2008,09,13,23.4
IDCJAC0016,029063,2008,09,14,23.0
IDCJAC0016,029063,2008,09,15,23.2
IDCJAC0016,029063,2008,09,16,22.0
IDCJAC0016,029063,2008,09,17,23.8
IDCJAC0016,029063,2008,09,18,24.9
IDCJAC0016,029063,2008,09,19,24.5
IDCJAC0016,029063,2008,09,20,25.1
IDCJAC0016,029063,2008,09,21,25.3
IDCJAC0016,029063,2008,09,22,24.7
IDCJAC0016,029063,2008,09,23,24.2
IDCJAC0016,029063,2008,09,24,25.4
IDCJAC0016,029063,2008,09,25,24.5
IDCJAC0016,029063,2008,09,26,25.9
IDCJAC0016,029063,2008,09,27,26.2
IDCJAC0016,029063,2008,09,28,26.1
IDCJAC0016,029063,2008,09,29,23.5
IDCJAC0016,029063,2008,09,30,23.7
IDCJAC0016,029063,2008,10,01,24.7
IDCJAC0016,029063,2008,10,02,25.3
IDCJAC0016,029063,2008,10,03,25.1
IDCJAC0016,029063,2008,10,04,23.1
IDCJAC0016,029063,2008,10,05,24.0
IDCJAC0016,029063,2008,10,06,23.3
IDCJAC0016,029063,2008,10,07,24.4
IDCJAC0016,029063,2008,10,08,20.5
IDCJAC0016,029063,2008,10,09,26.4
IDCJAC0016,029063,2008,10,10,26.9
IDCJAC0016,029063,2008,10,11,27.2
IDCJAC0016,029063,2008,10,12,27.4
IDCJAC0016,029063,2008,10,13,25.6
IDCJAC0016,029063,2008,10,14,27.4
IDCJAC0016,029063,2008,10,15,27.8
IDCJAC0016,029063,2008,10,16,24.0
IDCJAC0016,029063,2008,10,17,27.9
IDCJAC0016,029063,2008,10,18,28.7
IDCJAC0016,029063,2008,10,19,28.0
IDCJAC0016,029063,2008,10,20,27.0
IDCJAC0016,029063,2008,10,21,28.8
IDCJAC0016,029063,2008,10,22,30.0
IDCJAC0016,029063,2008,10,23,29.6
IDCJAC0016,029063,2008,10,24,29.6
IDCJAC0016,029063,2008,10,25,29.7
IDCJAC0016,029063,2008,10,26,29.7
IDCJAC0016,029063,2008,10,27,29.5
IDCJAC0016,029063,2008,10,28,29.8
IDCJAC0016,029063,2008,10,29,30.0
IDCJAC0016,029063,2008,10,30,29.9
IDCJAC0016,029063,2008,10,31,28.3
IDCJAC0016,029063,2008,11,01,27.3
IDCJAC0016,029063,2008,11,02,27.7
IDCJAC0016,029063,2008,11,03,28.8
IDCJAC0016,029063,2008,11,04,28.0
IDCJAC0016,029063,2008,11,05,27.2
IDCJAC0016,029063,2008,11,06,25.0
IDCJAC0016,029063,2008,11,07,15.0
IDCJAC0016,029063,2008,11,08,21.7
IDCJAC0016,029063,2008,11,09,27.0
IDCJAC0016,029063,2008,11,10,27.4
IDCJAC0016,029063,2008,11,11,25.5
IDCJAC0016,029063,2008,11,12,23.2
IDCJAC0016,029063,2008,11,13,25.2
IDCJAC0016,029063,2008,11,14,28.2
IDCJAC0016,029063,2008,11,15,27.1
IDCJAC0016,029063,2008,11,16,29.0
IDCJAC0016,029063,2008,11,17,27.6
IDCJAC0016,029063,2008,11,18,26.0
IDCJAC0016,029063,2008,11,19,18.4
IDCJAC0016,029063,2008,11,20,20.4
IDCJAC0016,029063,2008,11,21,28.3
IDCJAC0016,029063,2008,11,22,26.6
IDCJAC0016,029063,2008,11,23,18.4
IDCJAC0016,029063,2008,11,24,25.4
IDCJAC0016,029063,2008,11,25,14.3
IDCJAC0016,029063,2008,11,26,21.5
IDCJAC0016,029063,2008,11,27,25.1
IDCJAC0016,029063,2008,11,28,24.5
IDCJAC0016,029063,2008,11,29,5.2
IDCJAC0016,029063,2008,11,30,28.0
IDCJAC0016,029063,2008,12,01,29.8
IDCJAC0016,029063,2008,12,02,29.1
IDCJAC0016,029063,2008,12,03,28.1
IDCJAC0016,029063,2008,12,04,29.6
IDCJAC0016,029063,2008,12,05,30.8
IDCJAC0016,029063,2008,12,06,27.0
IDCJAC0016,029063,2008,12,07,24.3
IDCJAC0016,029063,2008,12,08,27.1
IDCJAC0016,029063,2008,12,09,26.6
IDCJAC0016,029063,2008,12,10,27.3
IDCJAC0016,029063,2008,12,11,19.6
IDCJAC0016,029063,2008,12,12,18.6
IDCJAC0016,029063,2008,12,13,28.0
IDCJAC0016,029063,2008,12,14,24.3
IDCJAC0016,029063,2008,12,15,28.3
IDCJAC0016,029063,2008,12,16,29.8
IDCJAC0016,029063,2008,12,17,27.3
IDCJAC0016,029063,2008,12,18,18.8
IDCJAC0016,029063,2008,12,19,14.4
IDCJAC0016,029063,2008,12,20,25.9
IDCJAC0016,029063,2008,12,21,25.9
IDCJAC0016,029063,2008,12,22,22.9
IDCJAC0016,029063,2008,12,23,26.4
IDCJAC0016,029063,2008,12,24,24.9
IDCJAC0016,029063,2008,12,25,27.2
IDCJAC0016,029063,2008,12,26,24.7
IDCJAC0016,029063,2008,12,27,25.4
IDCJAC0016,029063,2008,12,28,25.9
IDCJAC0016,029063,2008,12,29,17.1
IDCJAC0016,029063,2008,12,30,14.2
IDCJAC0016,029063,2008,12,31,4.7
IDCJAC0016,029063,2009,01,01,1.7
IDCJAC0016,029063,2009,01,02,1.3
IDCJAC0016,029063,2009,01,03,2.7
IDCJAC0016,029063,2009,01,04,4.4
IDCJAC0016,029063,2009,01,05,2.4
IDCJAC0016,029063,2009,01,06,24.5
IDCJAC0016,029063,2009,01,07,20.2
IDCJAC0016,029063,2009,01,08,18.4
IDCJAC0016,029063,2009,01,09,14.2
IDCJAC0016,029063,2009,01,10,11.5
IDCJAC0016,029063,2009,01,11,1.6
IDCJAC0016,029063,2009,01,12,1.8
IDCJAC0016,029063,2009,01,13,13.3
IDCJAC0016,029063,2009,01,14,25.5
IDCJAC0016,029063,2009,01,15,26.7
IDCJAC0016,029063,2009,01,16,23.3
IDCJAC0016,029063,2009,01,17,23.8
IDCJAC0016,029063,2009,01,18,10.6
IDCJAC0016,029063,2009,01,19,22.6
IDCJAC0016,029063,2009,01,20,23.1
IDCJAC0016,029063,2009,01,21,21.6
IDCJAC0016,029063,2009,01,22,16.0
IDCJAC0016,029063,2009,01,23,3.8
IDCJAC0016,029063,2009,01,24,15.7
IDCJAC0016,029063,2009,01,25,10.0
IDCJAC0016,029063,2009,01,26,23.5
IDCJAC0016,029063,2009,01,27,2.6
IDCJAC0016,029063,2009,01,28,3.4
IDCJAC0016,029063,2009,01,29,12.1
IDCJAC0016,029063,2009,01,30,14.6
IDCJAC0016,029063,2009,01,31,8.4
IDCJAC0016,029063,2009,02,01,25.3
IDCJAC0016,029063,2009,02,02,21.7
IDCJAC0016,029063,2009,02,03,19.1
IDCJAC0016,029063,2009,02,04,7.8
IDCJAC0016,029063,2009,02,05,23.8
IDCJAC0016,029063,2009,02,06,24.5
IDCJAC0016,029063,2009,02,07,15.9
IDCJAC0016,029063,2009,02,08,3.8
IDCJAC0016,029063,2009,02,09,7.4
IDCJAC0016,029063,2009,02,10,6.8
IDCJAC0016,029063,2009,02,11,1.9
IDCJAC0016,029063,2009,02,12,8.3
IDCJAC0016,029063,2009,02,13,27.2
IDCJAC0016,029063,2009,02,14,27.8
IDCJAC0016,029063,2009,02,15,29.1
IDCJAC0016,029063,2009,02,16,29.2
IDCJAC0016,029063,2009,02,17,
IDCJAC0016,029063,2009,02,18,
IDCJAC0016,029063,2009,02,19,29.2
IDCJAC0016,029063,2009,02,20,27.4
IDCJAC0016,029063,2009,02,21,26.3
IDCJAC0016,029063,2009,02,22,18.1
IDCJAC0016,029063,2009,02,23,12.5
IDCJAC0016,029063,2009,02,24,18.2
IDCJAC0016,029063,2009,02,25,19.6
IDCJAC0016,029063,2009,02,26,23.3
IDCJAC0016,029063,2009,02,27,25.8
IDCJAC0016,029063,2009,02,28,27.6
IDCJAC0016,029063,2009,03,01,29.2
IDCJAC0016,029063,2009,03,02,29.3
IDCJAC0016,029063,2009,03,03,29.0
IDCJAC0016,029063,2009,03,04,26.1
IDCJAC0016,029063,2009,03,05,26.9
IDCJAC0016,029063,2009,03,06,28.2
IDCJAC0016,029063,2009,03,07,28.1
IDCJAC0016,029063,2009,03,08,27.5
IDCJAC0016,029063,2009,03,09,27.0
IDCJAC0016,029063,2009,03,10,26.3
IDCJAC0016,029063,2009,03,11,24.1
IDCJAC0016,029063,2009,03,12,22.4
IDCJAC0016,029063,2009,03,13,24.7
IDCJAC0016,029063,2009,03,14,24.6
IDCJAC0016,029063,2009,03,15,26.2
IDCJAC0016,029063,2009,03,16,26.3
IDCJAC0016,029063,2009,03,17,26.5
IDCJAC0016,029063,2009,03,18,27.0
IDCJAC0016,029063,2009,03,19,26.6
IDCJAC0016,029063,2009,03,20,26.1
IDCJAC0016,029063,2009,03,21,25.8
IDCJAC0016,029063,2009,03,22,24.7
IDCJAC0016,029063,2009,03,23,25.6
IDCJAC0016,029063,2009,03,24,26.0
IDCJAC0016,029063,2009,03,25,26.2
IDCJAC0016,029063,2009,03,26,26.2
IDCJAC0016,029063,2009,03,27,25.9
IDCJAC0016,029063,2009,03,28,25.7
IDCJAC0016,029063,2009,03,29,25.2
IDCJAC0016,029063,2009,03,30,25.5
IDCJAC0016,029063,2009,03,31,25.5
IDCJAC0016,029063,2009,04,01,25.1
IDCJAC0016,029063,2009,04,02,24.9
IDCJAC0016,029063,2009,04,03,24.1
IDCJAC0016,029063,2009,04,04,24.3
IDCJAC0016,029063,2009,04,05,23.4
IDCJAC0016,029063,2009,04,06,19.4
IDCJAC0016,029063,2009,04,07,21.0
IDCJAC0016,029063,2009,04,08,22.1
IDCJAC0016,029063,2009,04,09,13.1
IDCJAC0016,029063,2009,04,10,17.6
IDCJAC0016,029063,2009,04,11,20.1
IDCJAC0016,029063,2009,04,12,21.1
IDCJAC0016,029063,2009,04,13,22.1
IDCJAC0016,029063,2009,04,14,21.5
IDCJAC0016,029063,2009,04,15,18.7
IDCJAC0016,029063,2009,04,16,13.4
IDCJAC0016,029063,2009,04,17,18.0
IDCJAC0016,029063,2009,04,18,20.2
IDCJAC0016,029063,2009,04,19,22.0
IDCJAC0016,029063,2009,04,20,19.9
IDCJAC0016,029063,2009,04,21,22.0
IDCJAC0016,029063,2009,04,22,21.6
IDCJAC0016,029063,2009,04,23,22.0
IDCJAC0016,029063,2009,04,24,21.8
IDCJAC0016,029063,2009,04,25,21.1
IDCJAC0016,029063,2009,04,26,21.6
IDCJAC0016,029063,2009,04,27,22.0
IDCJAC0016,029063,2009,04,28,21.8
IDCJAC0016,029063,2009,04,29,21.1
IDCJAC0016,029063,2009,04,30,20.4
IDCJAC0016,029063,2009,05,01,19.5
IDCJAC0016,029063,2009,05,02,18.3
IDCJAC0016,029063,2009,05,03,19.4
IDCJAC0016,029063,2009,05,04,20.4
IDCJAC0016,029063,2009,05,05,20.6
IDCJAC0016,029063,2009,05,06,18.7
IDCJAC0016,029063,2009,05,07,8.0
IDCJAC0016,029063,2009,05,08,16.3
IDCJAC0016,029063,2009,05,09,7.5
IDCJAC0016,029063,2009,05,10,10.8
IDCJAC0016,029063,2009,05,11,11.6
IDCJAC0016,029063,2009,05,12,16.4
IDCJAC0016,029063,2009,05,13,18.0
IDCJAC0016,029063,2009,05,14,17.5
IDCJAC0016,029063,2009,05,15,16.2
IDCJAC0016,029063,2009,05,16,17.4
IDCJAC0016,029063,2009,05,17,15.2
IDCJAC0016,029063,2009,05,18,18.1
IDCJAC0016,029063,2009,05,19,18.9
IDCJAC0016,029063,2009,05,20,19.7
IDCJAC0016,029063,2009,05,21,20.0
IDCJAC0016,029063,2009,05,22,19.6
IDCJAC0016,029063,2009,05,23,19.4
IDCJAC0016,029063,2009,05,24,19.3
IDCJAC0016,029063,2009,05,25,18.7
IDCJAC0016,029063,2009,05,26,15.6
IDCJAC0016,029063,2009,05,27,16.4
IDCJAC0016,029063,2009,05,28,17.7
IDCJAC0016,029063,2009,05,29,14.3
IDCJAC0016,029063,2009,05,30,14.9
IDCJAC0016,029063,2009,05,31,17.5
IDCJAC0016,029063,2009,06,01,17.8
IDCJAC0016,029063,2009,06,02,17.5
IDCJAC0016,029063,2009,06,03,18.0
IDCJAC0016,029063,2009,06,04,18.1
IDCJAC0016,029063,2009,06,05,17.7
IDCJAC0016,029063,2009,06,06,18.2
IDCJAC0016,029063,2009,06,07,17.7
IDCJAC0016,029063,2009,06,08,18.0
IDCJAC0016,029063,2009,06,09,18.4
IDCJAC0016,029063,2009,06,10,18.5
IDCJAC0016,029063,2009,06,11,18.6
IDCJAC0016,029063,2009,06,12,18.2
IDCJAC0016,029063,2009,06,13,18.2
IDCJAC0016,029063,2009,06,14,17.8
IDCJAC0016,029063,2009,06,15,17.7
IDCJAC0016,029063,2009,06,16,18.0
IDCJAC0016,029063,2009,06,17,18.3
IDCJAC0016,029063,2009,06,18,18.4
IDCJAC0016,029063,2009,06,19,17.8
IDCJAC0016,029063,2009,06,20,17.5
IDCJAC0016,029063,2009,06,21,16.4
IDCJAC0016,029063,2009,06,22,17.2
IDCJAC0016,029063,2009,06,23,17.6
IDCJAC0016,029063,2009,06,24,17.3
IDCJAC0016,029063,2009,06,25,17.1
IDCJAC0016,029063,2009,06,26,17.0
IDCJAC0016,029063,2009,06,27,16.6
IDCJAC0016,029063,2009,06,28,18.0
IDCJAC0016,029063,2009,06,29,18.1
IDCJAC0016,029063,2009,06,30,18.0
IDCJAC0016,029063,2009,07,01,18.3
IDCJAC0016,029063,2009,07,02,18.2
IDCJAC0016,029063,2009,07,03,18.7
IDCJAC0016,029063,2009,07,04,19.1
IDCJAC0016,029063,2009,07,05,16.9
IDCJAC0016,029063,2009,07,06,18.6
IDCJAC0016,029063,2009,07,07,18.9
IDCJAC0016,029063,2009,07,08,18.9
IDCJAC0016,029063,2009,07,09,18.8
IDCJAC0016,029063,2009,07,10,18.7
IDCJAC0016,029063,2009,07,11,19.1
IDCJAC0016,029063,2009,07,12,18.9
IDCJAC0016,029063,2009,07,13,18.2
IDCJAC0016,029063,2009,07,14,18.9
IDCJAC0016,029063,2009,07,15,19.9
IDCJAC0016,029063,2009,07,16,19.9
IDCJAC0016,029063,2009,07,17,20.0
IDCJAC0016,029063,2009,07,18,19.8
IDCJAC0016,029063,2009,07,19,19.2
IDCJAC0016,029063,2009,07,20,19.0
IDCJAC0016,029063,2009,07,21,19.1
IDCJAC0016,029063,2009,07,22,18.9
IDCJAC0016,029063,2009,07,23,19.2
IDCJAC0016,029063,2009,07,24,19.8
IDCJAC0016,029063,2009,07,25,19.7
IDCJAC0016,029063,2009,07,26,19.4
IDCJAC0016,029063,2009,07,27,19.8
IDCJAC0016,029063,2009,07,28,19.7
IDCJAC0016,029063,2009,07,29,18.8
IDCJAC0016,029063,2009,07,30,20.2
IDCJAC0016,029063,2009,07,31,20.2
IDCJAC0016,029063,2009,08,01,20.0
IDCJAC0016,029063,2009,08,02,19.7
IDCJAC0016,029063,2009,08,03,19.9
IDCJAC0016,029063,2009,08,04,20.1
IDCJAC0016,029063,2009,08,05,20.3
IDCJAC0016,029063,2009,08,06,20.8
IDCJAC0016,029063,2009,08,07,20.5
IDCJAC0016,029063,2009,08,08,20.5
IDCJAC0016,029063,2009,08,09,20.8
IDCJAC0016,029063,2009,08,10,20.7
IDCJAC0016,029063,2009,08,11,20.9
IDCJAC0016,029063,2009,08,12,21.0
IDCJAC0016,029063,2009,08,13,20.8
IDCJAC0016,029063,2009,08,14,21.2
IDCJAC0016,029063,2009,08,15,21.7
IDCJAC0016,029063,2009,08,16,21.7
IDCJAC0016,029063,2009,08,17,21.5
IDCJAC0016,029063,2009,08,18,21.8
IDCJAC0016,029063,2009,08,19,21.4
IDCJAC0016,029063,2009,08,20,21.8
IDCJAC0016,029063,2009,08,21,21.9
IDCJAC0016,029063,2009,08,22,21.5
IDCJAC0016,029063,2009,08,23,21.9
IDCJAC0016,029063,2009,08,24,21.9
IDCJAC0016,029063,2009,08,25,19.7
IDCJAC0016,029063,2009,08,26,21.8
IDCJAC0016,029063,2009,08,27,22.3
IDCJAC0016,029063,2009,08,28,22.2
IDCJAC0016,029063,2009,08,29,22.7
IDCJAC0016,029063,2009,08,30,22.7
IDCJAC0016,029063,2009,08,31,23.1
IDCJAC0016,029063,2009,09,01,22.7
IDCJAC0016,029063,2009,09,02,22.4
IDCJAC0016,029063,2009,09,03,22.0
IDCJAC0016,029063,2009,09,04,18.4
IDCJAC0016,029063,2009,09,05,22.9
IDCJAC0016,029063,2009,09,06,24.0
IDCJAC0016,029063,2009,09,07,20.4
IDCJAC0016,029063,2009,09,08,23.5
IDCJAC0016,029063,2009,09,09,24.6
IDCJAC0016,029063,2009,09,10,25.3
IDCJAC0016,029063,2009,09,11,24.6
IDCJAC0016,029063,2009,09,12,24.0
IDCJAC0016,029063,2009,09,13,23.8
IDCJAC0016,029063,2009,09,14,24.1
IDCJAC0016,029063,2009,09,15,24.8
IDCJAC0016,029063,2009,09,16,25.2
IDCJAC0016,029063,2009,09,17,25.1
IDCJAC0016,029063,2009,09,18,25.1
IDCJAC0016,029063,2009,09,19,25.2
IDCJAC0016,029063,2009,09,20,25.6
IDCJAC0016,029063,2009,09,21,25.5
IDCJAC0016,029063,2009,09,22,25.6
IDCJAC0016,029063,2009,09,23,23.3
IDCJAC0016,029063,2009,09,24,26.5
IDCJAC0016,029063,2009,09,25,26.0
IDCJAC0016,029063,2009,09,26,25.8
IDCJAC0016,029063,2009,09,27,25.8
IDCJAC0016,029063,2009,09,28,26.1
IDCJAC0016,029063,2009,09,29,27.0
IDCJAC0016,029063,2009,09,30,26.0
IDCJAC0016,029063,2009,10,01,25.4
IDCJAC0016,029063,2009,10,02,25.1
IDCJAC0016,029063,2009,10,03,24.8
IDCJAC0016,029063,2009,10,04,25.0
IDCJAC0016,029063,2009,10,05,27.7
IDCJAC0016,029063,2009,10,06,27.5
IDCJAC0016,029063,2009,10,07,27.7
IDCJAC0016,029063,2009,10,08,27.9
IDCJAC0016,029063,2009,10,09,27.5
IDCJAC0016,029063,2009,10,10,25.7
IDCJAC0016,029063,2009,10,11,25.9
IDCJAC0016,029063,2009,10,12,26.5
IDCJAC0016,029063,2009,10,13,27.1
IDCJAC0016,029063,2009,10,14,25.8
IDCJAC0016,029063,2009,10,15,28.1
IDCJAC0016,029063,2009,10,16,28.7
IDCJAC0016,029063,2009,10,17,28.9
IDCJAC0016,029063,2009,10,18,27.9
IDCJAC0016,029063,2009,10,19,26.3
IDCJAC0016,029063,2009,10,20,28.2
IDCJAC0016,029063,2009,10,21,29.0
IDCJAC0016,029063,2009,10,22,28.5
IDCJAC0016,029063,2009,10,23,28.9
IDCJAC0016,029063,2009,10,24,28.8
IDCJAC0016,029063,2009,10,25,29.4
IDCJAC0016,029063,2009,10,26,28.5
IDCJAC0016,029063,2009,10,27,27.8
IDCJAC0016,029063,2009,10,28,27.3
IDCJAC0016,029063,2009,10,29,25.9
IDCJAC0016,029063,2009,10,30,25.8
IDCJAC0016,029063,2009,10,31,27.9
IDCJAC0016,029063,2009,11,01,27.5
IDCJAC0016,029063,2009,11,02,28.1
IDCJAC0016,029063,2009,11,03,29.1
IDCJAC0016,029063,2009,11,04,29.0
IDCJAC0016,029063,2009,11,05,28.8
IDCJAC0016,029063,2009,11,06,25.1
IDCJAC0016,029063,2009,11,07,28.9
IDCJAC0016,029063,2009,11,08,25.9
IDCJAC0016,029063,2009,11,09,27.7
IDCJAC0016,029063,2009,11,10,23.0
IDCJAC0016,029063,2009,11,11,25.7
IDCJAC0016,029063,2009,11,12,
IDCJAC0016,029063,2009,11,13,27.8
IDCJAC0016,029063,2009,11,14,30.6
IDCJAC0016,029063,2009,11,15,28.7
IDCJAC0016,029063,2009,11,16,
IDCJAC0016,029063,2009,11,17,
IDCJAC0016,029063,2009,11,18,
IDCJAC0016,029063,2009,11,19,
IDCJAC0016,029063,2009,11,20,
IDCJAC0016,029063,2009,11,21,
IDCJAC0016,029063,2009,11,22,
IDCJAC0016,029063,2009,11,23,
IDCJAC0016,029063,2009,11,24,
IDCJAC0016,029063,2009,11,25,
IDCJAC0016,029063,2009,11,26,
IDCJAC0016,029063,2009,11,27,
IDCJAC0016,029063,2009,11,28,26.2
IDCJAC0016,029063,2009,11,29,24.3
IDCJAC0016,029063,2009,11,30,31.5
IDCJAC0016,029063,2009,12,01,32.0
IDCJAC0016,029063,2009,12,02,31.6
IDCJAC0016,029063,2009,12,03,30.6
IDCJAC0016,029063,2009,12,04,28.2
IDCJAC0016,029063,2009,12,05,27.6
IDCJAC0016,029063,2009,12,06,29.6
IDCJAC0016,029063,2009,12,07,30.1
IDCJAC0016,029063,2009,12,08,27.0
IDCJAC0016,029063,2009,12,09,23.8
IDCJAC0016,029063,2009,12,10,26.6
IDCJAC0016,029063,2009,12,11,22.7
IDCJAC0016,029063,2009,12,12,25.8
IDCJAC0016,029063,2009,12,13,26.7
IDCJAC0016,029063,2009,12,14,28.4
IDCJAC0016,029063,2009,12,15,27.9
IDCJAC0016,029063,2009,12,16,26.3
IDCJAC0016,029063,2009,12,17,25.7
IDCJAC0016,029063,2009,12,18,24.4
IDCJAC0016,029063,2009,12,19,16.6
IDCJAC0016,029063,2009,12,20,24.1
IDCJAC0016,029063,2009,12,21,23.8
IDCJAC0016,029063,2009,12,22,19.5
IDCJAC0016,029063,2009,12,23,28.7
IDCJAC0016,029063,2009,12,24,28.5
IDCJAC0016,029063,2009,12,25,13.8
IDCJAC0016,029063,2009,12,26,21.8
IDCJAC0016,029063,2009,12,27,27.6
IDCJAC0016,029063,2009,12,28,25.7
IDCJAC0016,029063,2009,12,29,4.1
IDCJAC0016,029063,2009,12,30,16.9
IDCJAC0016,029063,2009,12,31,22.6
IDCJAC0016,029063,2010,01,01,7.5
IDCJAC0016,029063,2010,01,02,16.4
IDCJAC0016,029063,2010,01,03,14.0
IDCJAC0016,029063,2010,01,04,9.0
IDCJAC0016,029063,2010,01,05,19.7
IDCJAC0016,029063,2010,01,06,18.5
IDCJAC0016,029063,2010,01,07,12.3
IDCJAC0016,029063,2010,01,08,27.7
IDCJAC0016,029063,2010,01,09,13.5
IDCJAC0016,029063,2010,01,10,25.7
IDCJAC0016,029063,2010,01,11,30.9
IDCJAC0016,029063,2010,01,12,30.5
IDCJAC0016,029063,2010,01,13,29.4
IDCJAC0016,029063,2010,01,14,28.7
IDCJAC0016,029063,2010,01,15,25.5
IDCJAC0016,029063,2010,01,16,26.8
IDCJAC0016,029063,2010,01,17,21.2
IDCJAC0016,029063,2010,01,18,27.5
IDCJAC0016,029063,2010,01,19,29.2
IDCJAC0016,029063,2010,01,20,29.4
IDCJAC0016,029063,2010,01,21,21.0
IDCJAC0016,029063,2010,01,22,8.5
IDCJAC0016,029063,2010,01,23,7.7
IDCJAC0016,029063,2010,01,24,19.6
IDCJAC0016,029063,2010,01,25,11.7
IDCJAC0016,029063,2010,01,26,4.0
IDCJAC0016,029063,2010,01,27,2.2
IDCJAC0016,029063,2010,01,28,6.1
IDCJAC0016,029063,2010,01,29,2.2
IDCJAC0016,029063,2010,01,30,8.4
IDCJAC0016,029063,2010,01,31,22.5
IDCJAC0016,029063,2010,02,01,29.5
IDCJAC0016,029063,2010,02,02,29.4
IDCJAC0016,029063,2010,02,03,28.4
IDCJAC0016,029063,2010,02,04,27.8
IDCJAC0016,029063,2010,02,05,29.8
IDCJAC0016,029063,2010,02,06,29.9
IDCJAC0016,029063,2010,02,07,29.7
IDCJAC0016,029063,2010,02,08,29.2
IDCJAC0016,029063,2010,02,09,14.3
IDCJAC0016,029063,2010,02,10,23.8
IDCJAC0016,029063,2010,02,11,17.5
IDCJAC0016,029063,2010,02,12,18.4
IDCJAC0016,029063,2010,02,13,13.9
IDCJAC0016,029063,2010,02,14,7.9
IDCJAC0016,029063,2010,02,15,14.2
IDCJAC0016,029063,2010,02,16,18.9
IDCJAC0016,029063,2010,02,17,23.2
IDCJAC0016,029063,2010,02,18,21.5
IDCJAC0016,029063,2010,02,19,16.6
IDCJAC0016,029063,2010,02,20,20.6
IDCJAC0016,029063,2010,02,21,21.4
IDCJAC0016,029063,2010,02,22,16.8
IDCJAC0016,029063,2010,02,23,20.3
IDCJAC0016,029063,2010,02,24,20.5
IDCJAC0016,029063,2010,02,25,2.7
IDCJAC0016,029063,2010,02,26,16.9
IDCJAC0016,029063,2010,02,27,7.1
IDCJAC0016,029063,2010,02,28,4.0
IDCJAC0016,029063,2010,03,01,4.4
IDCJAC0016,029063,2010,03,02,12.1
IDCJAC0016,029063,2010,03,03,24.8
IDCJAC0016,029063,2010,03,04,28.4
IDCJAC0016,029063,2010,03,05,24.8
IDCJAC0016,029063,2010,03,06,27.9
IDCJAC0016,029063,2010,03,07,28.2
IDCJAC0016,029063,2010,03,08,27.8
IDCJAC0016,029063,2010,03,09,28.1
IDCJAC0016,029063,2010,03,10,27.2
IDCJAC0016,029063,2010,03,11,24.7
IDCJAC0016,029063,2010,03,12,25.5
IDCJAC0016,029063,2010,03,13,26.1
IDCJAC0016,029063,2010,03,14,27.0
IDCJAC0016,029063,2010,03,15,27.6
IDCJAC0016,029063,2010,03,16,27.5
IDCJAC0016,029063,2010,03,17,27.3
IDCJAC0016,029063,2010,03,18,26.9
IDCJAC0016,029063,2010,03,19,26.8
IDCJAC0016,029063,2010,03,20,27.1
IDCJAC0016,029063,2010,03,21,24.4
IDCJAC0016,029063,2010,03,22,13.6
IDCJAC0016,029063,2010,03,23,22.3
IDCJAC0016,029063,2010,03,24,25.1
IDCJAC0016,029063,2010,03,25,23.5
IDCJAC0016,029063,2010,03,26,17.7
IDCJAC0016,029063,2010,03,27,14.5
IDCJAC0016,029063,2010,03,28,16.2
IDCJAC0016,029063,2010,03,29,18.5
IDCJAC0016,029063,2010,03,30,8.4
IDCJAC0016,029063,2010,03,31,5.4
IDCJAC0016,029063,2010,04,01,13.6
IDCJAC0016,029063,2010,04,02,13.7
IDCJAC0016,029063,2010,04,03,13.8
IDCJAC0016,029063,2010,04,04,19.0
IDCJAC0016,029063,2010,04,05,20.0
IDCJAC0016,029063,2010,04,06,17.5
IDCJAC0016,029063,2010,04,07,22.7
IDCJAC0016,029063,2010,04,08,23.2
IDCJAC0016,029063,2010,04,09,23.0
IDCJAC0016,029063,2010,04,10,21.8
IDCJAC0016,029063,2010,04,11,12.2
IDCJAC0016,029063,2010,04,12,12.5
IDCJAC0016,029063,2010,04,13,21.1
IDCJAC0016,029063,2010,04,14,20.6
IDCJAC0016,029063,2010,04,15,21.8
IDCJAC0016,029063,2010,04,16,19.8
IDCJAC0016,029063,2010,04,17,21.9
IDCJAC0016,029063,2010,04,18,6.3
IDCJAC0016,029063,2010,04,19,20.5
IDCJAC0016,029063,2010,04,20,22.0
IDCJAC0016,029063,2010,04,21,19.5
IDCJAC0016,029063,2010,04,22,21.5
IDCJAC0016,029063,2010,04,23,21.6
IDCJAC0016,029063,2010,04,24,21.0
IDCJAC0016,029063,2010,04,25,19.1
IDCJAC0016,029063,2010,04,26,18.8
IDCJAC0016,029063,2010,04,27,12.3
IDCJAC0016,029063,2010,04,28,5.8
IDCJAC0016,029063,2010,04,29,19.4
IDCJAC0016,029063,2010,04,30,20.6
IDCJAC0016,029063,2010,05,01,21.2
IDCJAC0016,029063,2010,05,02,21.2
IDCJAC0016,029063,2010,05,03,20.9
IDCJAC0016,029063,2010,05,04,21.0
IDCJAC0016,029063,2010,05,05,19.8
IDCJAC0016,029063,2010,05,06,21.2
IDCJAC0016,029063,2010,05,07,21.5
IDCJAC0016,029063,2010,05,08,21.5
IDCJAC0016,029063,2010,05,09,21.0
IDCJAC0016,029063,2010,05,10,20.1
IDCJAC0016,029063,2010,05,11,19.5
IDCJAC0016,029063,2010,05,12,18.8
IDCJAC0016,029063,2010,05,13,20.2
IDCJAC0016,029063,2010,05,14,19.1
IDCJAC0016,029063,2010,05,15,19.2
IDCJAC0016,029063,2010,05,16,15.4
IDCJAC0016,029063,2010,05,17,11.5
IDCJAC0016,029063,2010,05,18,18.7
IDCJAC0016,029063,2010,05,19,18.9
IDCJAC0016,029063,2010,05,20,16.0
IDCJAC0016,029063,2010,05,21,17.8
IDCJAC0016,029063,2010,05,22,18.6
IDCJAC0016,029063,2010,05,23,18.3
IDCJAC0016,029063,2010,05,24,18.5
IDCJAC0016,029063,2010,05,25,14.6
IDCJAC0016,029063,2010,05,26,16.7
IDCJAC0016,029063,2010,05,27,19.3
IDCJAC0016,029063,2010,05,28,18.3
IDCJAC0016,029063,2010,05,29,14.5
IDCJAC0016,029063,2010,05,30,19.3
IDCJAC0016,029063,2010,05,31,19.7
IDCJAC0016,029063,2010,06,01,18.7
IDCJAC0016,029063,2010,06,02,18.4
IDCJAC0016,029063,2010,06,03,19.4
IDCJAC0016,029063,2010,06,04,19.1
IDCJAC0016,029063,2010,06,05,18.9
IDCJAC0016,029063,2010,06,06,18.8
IDCJAC0016,029063,2010,06,07,18.5
IDCJAC0016,029063,2010,06,08,18.3
IDCJAC0016,029063,2010,06,09,18.5
IDCJAC0016,029063,2010,06,10,18.0
IDCJAC0016,029063,2010,06,11,17.9
IDCJAC0016,029063,2010,06,12,18.2
IDCJAC0016,029063,2010,06,13,18.1
IDCJAC0016,029063,2010,06,14,16.5
IDCJAC0016,029063,2010,06,15,18.2
IDCJAC0016,029063,2010,06,16,18.3
IDCJAC0016,029063,2010,06,17,16.9
IDCJAC0016,029063,2010,06,18,17.3
IDCJAC0016,029063,2010,06,19,17.7
IDCJAC0016,029063,2010,06,20,17.7
IDCJAC0016,029063,2010,06,21,18.6
IDCJAC0016,029063,2010,06,22,17.8
IDCJAC0016,029063,2010,06,23,17.5
IDCJAC0016,029063,2010,06,24,18.0
IDCJAC0016,029063,2010,06,25,18.0
IDCJAC0016,029063,2010,06,26,17.6
IDCJAC0016,029063,2010,06,27,17.6
IDCJAC0016,029063,2010,06,28,17.4
IDCJAC0016,029063,2010,06,29,17.9
IDCJAC0016,029063,2010,06,30,17.9
IDCJAC0016,029063,2010,07,01,16.9
IDCJAC0016,029063,2010,07,02,17.0
IDCJAC0016,029063,2010,07,03,17.0
IDCJAC0016,029063,2010,07,04,16.5
IDCJAC0016,029063,2010,07,05,15.8
IDCJAC0016,029063,2010,07,06,14.9
IDCJAC0016,029063,2010,07,07,16.6
IDCJAC0016,029063,2010,07,08,17.1
IDCJAC0016,029063,2010,07,09,18.0
IDCJAC0016,029063,2010,07,10,17.5
IDCJAC0016,029063,2010,07,11,17.6
IDCJAC0016,029063,2010,07,12,18.0
IDCJAC0016,029063,2010,07,13,18.0
IDCJAC0016,029063,2010,07,14,18.1
IDCJAC0016,029063,2010,07,15,18.3
IDCJAC0016,029063,2010,07,16,18.4
IDCJAC0016,029063,2010,07,17,18.7
IDCJAC0016,029063,2010,07,18,18.4
IDCJAC0016,029063,2010,07,19,18.1
IDCJAC0016,029063,2010,07,20,18.6
IDCJAC0016,029063,2010,07,21,18.5
IDCJAC0016,029063,2010,07,22,18.3
IDCJAC0016,029063,2010,07,23,18.5
IDCJAC0016,029063,2010,07,24,18.5
IDCJAC0016,029063,2010,07,25,18.2
IDCJAC0016,029063,2010,07,26,17.5
IDCJAC0016,029063,2010,07,27,15.7
IDCJAC0016,029063,2010,07,28,18.5
IDCJAC0016,029063,2010,07,29,19.0
IDCJAC0016,029063,2010,07,30,18.8
IDCJAC0016,029063,2010,07,31,17.9
IDCJAC0016,029063,2010,08,01,18.2
IDCJAC0016,029063,2010,08,02,19.2
IDCJAC0016,029063,2010,08,03,20.1
IDCJAC0016,029063,2010,08,04,19.9
IDCJAC0016,029063,2010,08,05,18.0
IDCJAC0016,029063,2010,08,06,20.5
IDCJAC0016,029063,2010,08,07,20.4
IDCJAC0016,029063,2010,08,08,19.3
IDCJAC0016,029063,2010,08,09,17.5
IDCJAC0016,029063,2010,08,10,9.4
IDCJAC0016,029063,2010,08,11,20.6
IDCJAC0016,029063,2010,08,12,22.0
IDCJAC0016,029063,2010,08,13,21.7
IDCJAC0016,029063,2010,08,14,21.4
IDCJAC0016,029063,2010,08,15,21.4
IDCJAC0016,029063,2010,08,16,21.1
IDCJAC0016,029063,2010,08,17,20.9
IDCJAC0016,029063,2010,08,18,20.8
IDCJAC0016,029063,2010,08,19,19.7
IDCJAC0016,029063,2010,08,20,19.7
IDCJAC0016,029063,2010,08,21,21.2
IDCJAC0016,029063,2010,08,22,21.5
IDCJAC0016,029063,2010,08,23,21.7
IDCJAC0016,029063,2010,08,24,21.7
IDCJAC0016,029063,2010,08,25,22.0
IDCJAC0016,029063,2010,08,26,21.8
IDCJAC0016,029063,2010,08,27,22.0
IDCJAC0016,029063,2010,08,28,22.1
IDCJAC0016,029063,2010,08,29,22.2
IDCJAC0016,029063,2010,08,30,20.8
IDCJAC0016,029063,2010,08,31,20.1
IDCJAC0016,029063,2010,09,01,21.5
IDCJAC0016,029063,2010,09,02,21.8
IDCJAC0016,029063,2010,09,03,22.0
IDCJAC0016,029063,2010,09,04,16.4
IDCJAC0016,029063,2010,09,05,16.5
IDCJAC0016,029063,2010,09,06,19.8
IDCJAC0016,029063,2010,09,07,22.1
IDCJAC0016,029063,2010,09,08,22.5
IDCJAC0016,029063,2010,09,09,22.4
IDCJAC0016,029063,2010,09,10,20.8
IDCJAC0016,029063,2010,09,11,22.4
IDCJAC0016,029063,2010,09,12,22.8
IDCJAC0016,029063,2010,09,13,22.8
IDCJAC0016,029063,2010,09,14,23.1
IDCJAC0016,029063,2010,09,15,23.1
IDCJAC0016,029063,2010,09,16,23.4
IDCJAC0016,029063,2010,09,17,23.7
IDCJAC0016,029063,2010,09,18,20.8
IDCJAC0016,029063,2010,09,19,6.4
IDCJAC0016,029063,2010,09,20,19.3
IDCJAC0016,029063,2010,09,21,21.6
IDCJAC0016,029063,2010,09,22,21.1
IDCJAC0016,029063,2010,09,23,23.5
IDCJAC0016,029063,2010,09,24,23.4
IDCJAC0016,029063,2010,09,25,21.5
IDCJAC0016,029063,2010,09,26,22.4
IDCJAC0016,029063,2010,09,27,22.3
IDCJAC0016,029063,2010,09,28,23.2
IDCJAC0016,029063,2010,09,29,16.8
IDCJAC0016,029063,2010,09,30,26.7
IDCJAC0016,029063,2010,10,01,25.2
IDCJAC0016,029063,2010,10,02,25.6
IDCJAC0016,029063,2010,10,03,26.8
IDCJAC0016,029063,2010,10,04,27.1
IDCJAC0016,029063,2010,10,05,27.4
IDCJAC0016,029063,2010,10,06,27.1
IDCJAC0016,029063,2010,10,07,20.9
IDCJAC0016,029063,2010,10,08,16.4
IDCJAC0016,029063,2010,10,09,22.7
IDCJAC0016,029063,2010,10,10,15.2
IDCJAC0016,029063,2010,10,11,23.7
IDCJAC0016,029063,2010,10,12,22.8
IDCJAC0016,029063,2010,10,13,22.1
IDCJAC0016,029063,2010,10,14,23.8
IDCJAC0016,029063,2010,10,15,8.8
IDCJAC0016,029063,2010,10,16,23.8
IDCJAC0016,029063,2010,10,17,24.6
IDCJAC0016,029063,2010,10,18,25.0
IDCJAC0016,029063,2010,10,19,17.6
IDCJAC0016,029063,2010,10,20,11.9
IDCJAC0016,029063,2010,10,21,18.4
IDCJAC0016,029063,2010,10,22,27.1
IDCJAC0016,029063,2010,10,23,25.9
IDCJAC0016,029063,2010,10,24,26.7
IDCJAC0016,029063,2010,10,25,26.4
IDCJAC0016,029063,2010,10,26,27.6
IDCJAC0016,029063,2010,10,27,24.6
IDCJAC0016,029063,2010,10,28,15.0
IDCJAC0016,029063,2010,10,29,27.5
IDCJAC0016,029063,2010,10,30,22.5
IDCJAC0016,029063,2010,10,31,24.0
IDCJAC0016,029063,2010,11,01,17.6
IDCJAC0016,029063,2010,11,02,17.7
IDCJAC0016,029063,2010,11,03,2.8
IDCJAC0016,029063,2010,11,04,26.0
IDCJAC0016,029063,2010,11,05,27.2
IDCJAC0016,029063,2010,11,06,21.7
IDCJAC0016,029063,2010,11,07,20.3
IDCJAC0016,029063,2010,11,08,28.3
IDCJAC0016,029063,2010,11,09,24.2
IDCJAC0016,029063,2010,11,10,26.2
IDCJAC0016,029063,2010,11,11,23.0
IDCJAC0016,029063,2010,11,12,26.4
IDCJAC0016,029063,2010,11,13,13.7
IDCJAC0016,029063,2010,11,14,26.0
IDCJAC0016,029063,2010,11,15,27.1
IDCJAC0016,029063,2010,11,16,26.4
IDCJAC0016,029063,2010,11,17,20.2
IDCJAC0016,029063,2010,11,18,25.1
IDCJAC0016,029063,2010,11,19,28.7
IDCJAC0016,029063,2010,11,20,25.6
IDCJAC0016,029063,2010,11,21,25.8
IDCJAC0016,029063,2010,11,22,27.7
IDCJAC0016,029063,2010,11,23,25.2
IDCJAC0016,029063,2010,11,24,25.5
IDCJAC0016,029063,2010,11,25,24.9
IDCJAC0016,029063,2010,11,26,25.9
IDCJAC0016,029063,2010,11,27,9.9
IDCJAC0016,029063,2010,11,28,17.8
IDCJAC0016,029063,2010,11,29,18.9
IDCJAC0016,029063,2010,11,30,29.7
IDCJAC0016,029063,2010,12,01,30.3
IDCJAC0016,029063,2010,12,02,21.2
IDCJAC0016,029063,2010,12,03,28.5
IDCJAC0016,029063,2010,12,04,29.8
IDCJAC0016,029063,2010,12,05,25.2
IDCJAC0016,029063,2010,12,06,26.4
IDCJAC0016,029063,2010,12,07,23.5
IDCJAC0016,029063,2010,12,08,25.1
IDCJAC0016,029063,2010,12,09,22.8
IDCJAC0016,029063,2010,12,10,14.8
IDCJAC0016,029063,2010,12,11,24.4
IDCJAC0016,029063,2010,12,12,23.2
IDCJAC0016,029063,2010,12,13,29.5
IDCJAC0016,029063,2010,12,14,27.5
IDCJAC0016,029063,2010,12,15,22.4
IDCJAC0016,029063,2010,12,16,28.1
IDCJAC0016,029063,2010,12,17,16.2
IDCJAC0016,029063,2010,12,18,24.3
IDCJAC0016,029063,2010,12,19,11.0
IDCJAC0016,029063,2010,12,20,2.0
IDCJAC0016,029063,2010,12,21,10.4
IDCJAC0016,029063,2010,12,22,26.9
IDCJAC0016,029063,2010,12,23,19.6
IDCJAC0016,029063,2010,12,24,17.7
IDCJAC0016,029063,2010,12,25,26.5
IDCJAC0016,029063,2010,12,26,16.3
IDCJAC0016,029063,2010,12,27,3.8
IDCJAC0016,029063,2010,12,28,16.9
IDCJAC0016,029063,2010,12,29,13.1
IDCJAC0016,029063,2010,12,30,26.4
IDCJAC0016,029063,2010,12,31,28.8
IDCJAC0016,029063,2011,01,01,26.3
IDCJAC0016,029063,2011,01,02,26.0
IDCJAC0016,029063,2011,01,03,25.6
IDCJAC0016,029063,2011,01,04,24.6
IDCJAC0016,029063,2011,01,05,13.1
IDCJAC0016,029063,2011,01,06,26.5
IDCJAC0016,029063,2011,01,07,17.6
IDCJAC0016,029063,2011,01,08,26.3
IDCJAC0016,029063,2011,01,09,27.5
IDCJAC0016,029063,2011,01,10,8.0
IDCJAC0016,029063,2011,01,11,6.5
IDCJAC0016,029063,2011,01,12,14.5
IDCJAC0016,029063,2011,01,13,17.2
IDCJAC0016,029063,2011,01,14,14.1
IDCJAC0016,029063,2011,01,15,21.1
IDCJAC0016,029063,2011,01,16,15.2
IDCJAC0016,029063,2011,01,17,16.5
IDCJAC0016,029063,2011,01,18,7.6
IDCJAC0016,029063,2011,01,19,5.6
IDCJAC0016,029063,2011,01,20,6.0
IDCJAC0016,029063,2011,01,21,26.1
IDCJAC0016,029063,2011,01,22,26.7
IDCJAC0016,029063,2011,01,23,28.6
IDCJAC0016,029063,2011,01,24,29.2
IDCJAC0016,029063,2011,01,25,28.3
IDCJAC0016,029063,2011,01,26,27.1
IDCJAC0016,029063,2011,01,27,27.4
IDCJAC0016,029063,2011,01,28,29.0
IDCJAC0016,029063,2011,01,29,28.6
IDCJAC0016,029063,2011,01,30,22.6
IDCJAC0016,029063,2011,01,31,27.4
IDCJAC0016,029063,2011,02,01,20.7
IDCJAC0016,029063,2011,02,02,26.4
IDCJAC0016,029063,2011,02,03,7.7
IDCJAC0016,029063,2011,02,04,13.5
IDCJAC0016,029063,2011,02,05,16.7
IDCJAC0016,029063,2011,02,06,20.5
IDCJAC0016,029063,2011,02,07,24.2
IDCJAC0016,029063,2011,02,08,28.4
IDCJAC0016,029063,2011,02,09,28.5
IDCJAC0016,029063,2011,02,10,27.7
IDCJAC0016,029063,2011,02,11,27.2
IDCJAC0016,029063,2011,02,12,26.8
IDCJAC0016,029063,2011,02,13,27.7
IDCJAC0016,029063,2011,02,14,27.5
IDCJAC0016,029063,2011,02,15,18.4
IDCJAC0016,029063,2011,02,16,25.2
IDCJAC0016,029063,2011,02,17,21.3
IDCJAC0016,029063,2011,02,18,21.8
IDCJAC0016,029063,2011,02,19,9.7
IDCJAC0016,029063,2011,02,20,26.5
IDCJAC0016,029063,2011,02,21,18.4
IDCJAC0016,029063,2011,02,22,24.6
IDCJAC0016,029063,2011,02,23,20.9
IDCJAC0016,029063,2011,02,24,14.9
IDCJAC0016,029063,2011,02,25,17.9
IDCJAC0016,029063,2011,02,26,14.2
IDCJAC0016,029063,2011,02,27,13.3
IDCJAC0016,029063,2011,02,28,8.5
IDCJAC0016,029063,2011,03,01,1.7
IDCJAC0016,029063,2011,03,02,14.8
IDCJAC0016,029063,2011,03,03,15.4
IDCJAC0016,029063,2011,03,04,19.5
IDCJAC0016,029063,2011,03,05,21.6
IDCJAC0016,029063,2011,03,06,17.3
IDCJAC0016,029063,2011,03,07,13.7
IDCJAC0016,029063,2011,03,08,5.5
IDCJAC0016,029063,2011,03,09,12.4
IDCJAC0016,029063,2011,03,10,9.2
IDCJAC0016,029063,2011,03,11,5.8
IDCJAC0016,029063,2011,03,12,5.2
IDCJAC0016,029063,2011,03,13,8.7
IDCJAC0016,029063,2011,03,14,18.7
IDCJAC0016,029063,2011,03,15,20.6
IDCJAC0016,029063,2011,03,16,24.9
IDCJAC0016,029063,2011,03,17,24.5
IDCJAC0016,029063,2011,03,18,24.7
IDCJAC0016,029063,2011,03,19,23.5
IDCJAC0016,029063,2011,03,20,23.8
IDCJAC0016,029063,2011,03,21,19.0
IDCJAC0016,029063,2011,03,22,18.4
IDCJAC0016,029063,2011,03,23,24.6
IDCJAC0016,029063,2011,03,24,18.3
IDCJAC0016,029063,2011,03,25,11.9
IDCJAC0016,029063,2011,03,26,24.4
IDCJAC0016,029063,2011,03,27,23.1
IDCJAC0016,029063,2011,03,28,19.6
IDCJAC0016,029063,2011,03,29,20.2
IDCJAC0016,029063,2011,03,30,20.3
IDCJAC0016,029063,2011,03,31,12.0
IDCJAC0016,029063,2011,04,01,17.7
IDCJAC0016,029063,2011,04,02,14.8
IDCJAC0016,029063,2011,04,03,15.0
IDCJAC0016,029063,2011,04,04,19.8
IDCJAC0016,029063,2011,04,05,23.4
IDCJAC0016,029063,2011,04,06,22.7
IDCJAC0016,029063,2011,04,07,18.1
IDCJAC0016,029063,2011,04,08,19.4
IDCJAC0016,029063,2011,04,09,23.2
IDCJAC0016,029063,2011,04,10,23.4
IDCJAC0016,029063,2011,04,11,23.7
IDCJAC0016,029063,2011,04,12,23.9
IDCJAC0016,029063,2011,04,13,23.5
IDCJAC0016,029063,2011,04,14,23.2
IDCJAC0016,029063,2011,04,15,22.8
IDCJAC0016,029063,2011,04,16,22.9
IDCJAC0016,029063,2011,04,17,23.0
IDCJAC0016,029063,2011,04,18,22.8
IDCJAC0016,029063,2011,04,19,22.7
IDCJAC0016,029063,2011,04,20,21.8
IDCJAC0016,029063,2011,04,21,21.2
IDCJAC0016,029063,2011,04,22,21.8
IDCJAC0016,029063,2011,04,23,22.0
IDCJAC0016,029063,2011,04,24,21.7
IDCJAC0016,029063,2011,04,25,21.6
IDCJAC0016,029063,2011,04,26,21.7
IDCJAC0016,029063,2011,04,27,21.4
IDCJAC0016,029063,2011,04,28,21.3
IDCJAC0016,029063,2011,04,29,21.4
IDCJAC0016,029063,2011,04,30,20.8
IDCJAC0016,029063,2011,05,01,20.2
IDCJAC0016,029063,2011,05,02,19.6
IDCJAC0016,029063,2011,05,03,20.4
IDCJAC0016,029063,2011,05,04,20.6
IDCJAC0016,029063,2011,05,05,20.2
IDCJAC0016,029063,2011,05,06,19.9
IDCJAC0016,029063,2011,05,07,19.9
IDCJAC0016,029063,2011,05,08,19.8
IDCJAC0016,029063,2011,05,09,19.3
IDCJAC0016,029063,2011,05,10,20.8
IDCJAC0016,029063,2011,05,11,20.7
IDCJAC0016,029063,2011,05,12,20.7
IDCJAC0016,029063,2011,05,13,20.5
IDCJAC0016,029063,2011,05,14,20.0
IDCJAC0016,029063,2011,05,15,19.5
IDCJAC0016,029063,2011,05,16,19.3
IDCJAC0016,029063,2011,05,17,18.8
IDCJAC0016,029063,2011,05,18,18.8
IDCJAC0016,029063,2011,05,19,18.7
IDCJAC0016,029063,2011,05,20,18.5
IDCJAC0016,029063,2011,05,21,18.4
IDCJAC0016,029063,2011,05,22,18.2
IDCJAC0016,029063,2011,05,23,18.3
IDCJAC0016,029063,2011,05,24,18.5
IDCJAC0016,029063,2011,05,25,19.2
IDCJAC0016,029063,2011,05,26,19.2
IDCJAC0016,029063,2011,05,27,19.0
IDCJAC0016,029063,2011,05,28,18.5
IDCJAC0016,029063,2011,05,29,18.3
IDCJAC0016,029063,2011,05,30,18.3
IDCJAC0016,029063,2011,05,31,18.6
IDCJAC0016,029063,2011,06,01,19.4
IDCJAC0016,029063,2011,06,02,18.8
IDCJAC0016,029063,2011,06,03,18.9
IDCJAC0016,029063,2011,06,04,18.6
IDCJAC0016,029063,2011,06,05,18.3
IDCJAC0016,029063,2011,06,06,18.1
IDCJAC0016,029063,2011,06,07,17.6
IDCJAC0016,029063,2011,06,08,17.4
IDCJAC0016,029063,2011,06,09,14.9
IDCJAC0016,029063,2011,06,10,9.8
IDCJAC0016,029063,2011,06,11,17.6
IDCJAC0016,029063,2011,06,12,18.3
IDCJAC0016,029063,2011,06,13,18.4
IDCJAC0016,029063,2011,06,14,18.4
IDCJAC0016,029063,2011,06,15,18.3
IDCJAC0016,029063,2011,06,16,18.1
IDCJAC0016,029063,2011,06,17,18.1
IDCJAC0016,029063,2011,06,18,18.6
IDCJAC0016,029063,2011,06,19,18.4
IDCJAC0016,029063,2011,06,20,18.0
IDCJAC0016,029063,2011,06,21,17.8
IDCJAC0016,029063,2011,06,22,18.1
IDCJAC0016,029063,2011,06,23,18.1
IDCJAC0016,029063,2011,06,24,17.8
IDCJAC0016,029063,2011,06,25,17.7
IDCJAC0016,029063,2011,06,26,17.8
IDCJAC0016,029063,2011,06,27,17.0
IDCJAC0016,029063,2011,06,28,16.9
IDCJAC0016,029063,2011,06,29,17.0
IDCJAC0016,029063,2011,06,30,16.9
IDCJAC0016,029063,2011,07,01,16.5
IDCJAC0016,029063,2011,07,02,17.6
IDCJAC0016,029063,2011,07,03,17.7
IDCJAC0016,029063,2011,07,04,17.9
IDCJAC0016,029063,2011,07,05,17.5
IDCJAC0016,029063,2011,07,06,17.6
IDCJAC0016,029063,2011,07,07,17.9
IDCJAC0016,029063,2011,07,08,18.1
IDCJAC0016,029063,2011,07,09,18.1
IDCJAC0016,029063,2011,07,10,17.9
IDCJAC0016,029063,2011,07,11,16.9
IDCJAC0016,029063,2011,07,12,18.2
IDCJAC0016,029063,2011,07,13,18.0
IDCJAC0016,029063,2011,07,14,17.5
IDCJAC0016,029063,2011,07,15,16.2
IDCJAC0016,029063,2011,07,16,16.5
IDCJAC0016,029063,2011,07,17,17.8
IDCJAC0016,029063,2011,07,18,18.1
IDCJAC0016,029063,2011,07,19,18.4
IDCJAC0016,029063,2011,07,20,17.9
IDCJAC0016,029063,2011,07,21,18.8
IDCJAC0016,029063,2011,07,22,19.5
IDCJAC0016,029063,2011,07,23,19.7
IDCJAC0016,029063,2011,07,24,19.4
IDCJAC0016,029063,2011,07,25,19.2
IDCJAC0016,029063,2011,07,26,19.1
IDCJAC0016,029063,2011,07,27,19.1
IDCJAC0016,029063,2011,07,28,19.4
IDCJAC0016,029063,2011,07,29,19.5
IDCJAC0016,029063,2011,07,30,19.5
IDCJAC0016,029063,2011,07,31,19.9
IDCJAC0016,029063,2011,08,01,20.2
IDCJAC0016,029063,2011,08,02,20.2
IDCJAC0016,029063,2011,08,03,19.1
IDCJAC0016,029063,2011,08,04,19.3
IDCJAC0016,029063,2011,08,05,18.3
IDCJAC0016,029063,2011,08,06,17.5
IDCJAC0016,029063,2011,08,07,18.4
IDCJAC0016,029063,2011,08,08,19.9
IDCJAC0016,029063,2011,08,09,20.5
IDCJAC0016,029063,2011,08,10,20.5
IDCJAC0016,029063,2011,08,11,20.4
IDCJAC0016,029063,2011,08,12,20.1
IDCJAC0016,029063,2011,08,13,19.5
IDCJAC0016,029063,2011,08,14,19.6
IDCJAC0016,029063,2011,08,15,19.6
IDCJAC0016,029063,2011,08,16,18.5
IDCJAC0016,029063,2011,08,17,20.1
IDCJAC0016,029063,2011,08,18,21.1
IDCJAC0016,029063,2011,08,19,22.4
IDCJAC0016,029063,2011,08,20,22.4
IDCJAC0016,029063,2011,08,21,22.2
IDCJAC0016,029063,2011,08,22,22.3
IDCJAC0016,029063,2011,08,23,22.2
IDCJAC0016,029063,2011,08,24,22.2
IDCJAC0016,029063,2011,08,25,22.0
IDCJAC0016,029063,2011,08,26,20.9
IDCJAC0016,029063,2011,08,27,21.8
IDCJAC0016,029063,2011,08,28,22.0
IDCJAC0016,029063,2011,08,29,22.1
IDCJAC0016,029063,2011,08,30,22.4
IDCJAC0016,029063,2011,08,31,22.6
IDCJAC0016,029063,2011,09,01,19.7
IDCJAC0016,029063,2011,09,02,19.7
IDCJAC0016,029063,2011,09,03,21.4
IDCJAC0016,029063,2011,09,04,21.7
IDCJAC0016,029063,2011,09,05,21.9
IDCJAC0016,029063,2011,09,06,20.7
IDCJAC0016,029063,2011,09,07,22.1
IDCJAC0016,029063,2011,09,08,21.8
IDCJAC0016,029063,2011,09,09,22.1
IDCJAC0016,029063,2011,09,10,23.8
IDCJAC0016,029063,2011,09,11,23.8
IDCJAC0016,029063,2011,09,12,23.7
IDCJAC0016,029063,2011,09,13,24.3
IDCJAC0016,029063,2011,09,14,24.4
IDCJAC0016,029063,2011,09,15,24.2
IDCJAC0016,029063,2011,09,16,23.9
IDCJAC0016,029063,2011,09,17,24.1
IDCJAC0016,029063,2011,09,18,23.6
IDCJAC0016,029063,2011,09,19,23.3
IDCJAC0016,029063,2011,09,20,23.9
IDCJAC0016,029063,2011,09,21,24.5
IDCJAC0016,029063,2011,09,22,24.3
IDCJAC0016,029063,2011,09,23,24.0
IDCJAC0016,029063,2011,09,24,23.8
IDCJAC0016,029063,2011,09,25,24.7
IDCJAC0016,029063,2011,09,26,25.1
IDCJAC0016,029063,2011,09,27,25.0
IDCJAC0016,029063,2011,09,28,25.0
IDCJAC0016,029063,2011,09,29,24.9
IDCJAC0016,029063,2011,09,30,25.2
IDCJAC0016,029063,2011,10,01,27.5
IDCJAC0016,029063,2011,10,02,27.8
IDCJAC0016,029063,2011,10,03,26.7
IDCJAC0016,029063,2011,10,04,24.1
IDCJAC0016,029063,2011,10,05,25.2
IDCJAC0016,029063,2011,10,06,24.8
IDCJAC0016,029063,2011,10,07,15.3
IDCJAC0016,029063,2011,10,08,24.7
IDCJAC0016,029063,2011,10,09,27.6
IDCJAC0016,029063,2011,10,10,26.8
IDCJAC0016,029063,2011,10,11,26.4
IDCJAC0016,029063,2011,10,12,27.4
IDCJAC0016,029063,2011,10,13,26.9
IDCJAC0016,029063,2011,10,14,25.9
IDCJAC0016,029063,2011,10,15,22.3
IDCJAC0016,029063,2011,10,16,21.4
IDCJAC0016,029063,2011,10,17,26.4
IDCJAC0016,029063,2011,10,18,9.9
IDCJAC0016,029063,2011,10,19,21.8
IDCJAC0016,029063,2011,10,20,26.9
IDCJAC0016,029063,2011,10,21,26.7
IDCJAC0016,029063,2011,10,22,25.8
IDCJAC0016,029063,2011,10,23,25.8
IDCJAC0016,029063,2011,10,24,26.9
IDCJAC0016,029063,2011,10,25,26.0
IDCJAC0016,029063,2011,10,26,23.4
IDCJAC0016,029063,2011,10,27,25.2
IDCJAC0016,029063,2011,10,28,26.3
IDCJAC0016,029063,2011,10,29,24.2
IDCJAC0016,029063,2011,10,30,24.9
IDCJAC0016,029063,2011,10,31,26.3
IDCJAC0016,029063,2011,11,01,28.9
IDCJAC0016,029063,2011,11,02,24.2
IDCJAC0016,029063,2011,11,03,14.0
IDCJAC0016,029063,2011,11,04,24.5
IDCJAC0016,029063,2011,11,05,25.0
IDCJAC0016,029063,2011,11,06,21.8
IDCJAC0016,029063,2011,11,07,24.9
IDCJAC0016,029063,2011,11,08,25.9
IDCJAC0016,029063,2011,11,09,22.3
IDCJAC0016,029063,2011,11,10,24.2
IDCJAC0016,029063,2011,11,11,25.6
IDCJAC0016,029063,2011,11,12,24.0
IDCJAC0016,029063,2011,11,13,26.6
IDCJAC0016,029063,2011,11,14,15.4
IDCJAC0016,029063,2011,11,15,28.7
IDCJAC0016,029063,2011,11,16,26.4
IDCJAC0016,029063,2011,11,17,24.0
IDCJAC0016,029063,2011,11,18,23.6
IDCJAC0016,029063,2011,11,19,17.4
IDCJAC0016,029063,2011,11,20,16.6
IDCJAC0016,029063,2011,11,21,17.8
IDCJAC0016,029063,2011,11,22,6.9
IDCJAC0016,029063,2011,11,23,15.0
IDCJAC0016,029063,2011,11,24,17.8
IDCJAC0016,029063,2011,11,25,24.0
IDCJAC0016,029063,2011,11,26,21.7
IDCJAC0016,029063,2011,11,27,25.2
IDCJAC0016,029063,2011,11,28,25.3
IDCJAC0016,029063,2011,11,29,29.1
IDCJAC0016,029063,2011,11,30,25.4
IDCJAC0016,029063,2011,12,01,25.7
IDCJAC0016,029063,2011,12,02,26.8
IDCJAC0016,029063,2011,12,03,21.3
IDCJAC0016,029063,2011,12,04,25.3
IDCJAC0016,029063,2011,12,05,26.3
IDCJAC0016,029063,2011,12,06,25.2
IDCJAC0016,029063,2011,12,07,29.7
IDCJAC0016,029063,2011,12,08,31.5
IDCJAC0016,029063,2011,12,09,30.2
IDCJAC0016,029063,2011,12,10,29.4
IDCJAC0016,029063,2011,12,11,16.1
IDCJAC0016,029063,2011,12,12,24.4
IDCJAC0016,029063,2011,12,13,29.0
IDCJAC0016,029063,2011,12,14,30.7
IDCJAC0016,029063,2011,12,15,29.2
IDCJAC0016,029063,2011,12,16,25.3
IDCJAC0016,029063,2011,12,17,15.5
IDCJAC0016,029063,2011,12,18,10.2
IDCJAC0016,029063,2011,12,19,9.4
IDCJAC0016,029063,2011,12,20,16.8
IDCJAC0016,029063,2011,12,21,22.7
IDCJAC0016,029063,2011,12,22,11.5
IDCJAC0016,029063,2011,12,23,20.4
IDCJAC0016,029063,2011,12,24,28.3
IDCJAC0016,029063,2011,12,25,25.3
IDCJAC0016,029063,2011,12,26,20.9
IDCJAC0016,029063,2011,12,27,12.9
IDCJAC0016,029063,2011,12,28,3.7
IDCJAC0016,029063,2011,12,29,24.5
IDCJAC0016,029063,2011,12,30,29.5
IDCJAC0016,029063,2011,12,31,29.7
IDCJAC0016,029063,2012,01,01,27.7
IDCJAC0016,029063,2012,01,02,25.8
IDCJAC0016,029063,2012,01,03,26.2
IDCJAC0016,029063,2012,01,04,26.8
IDCJAC0016,029063,2012,01,05,28.4
IDCJAC0016,029063,2012,01,06,29.3
IDCJAC0016,029063,2012,01,07,29.2
IDCJAC0016,029063,2012,01,08,24.2
IDCJAC0016,029063,2012,01,09,18.9
IDCJAC0016,029063,2012,01,10,26.0
IDCJAC0016,029063,2012,01,11,20.6
IDCJAC0016,029063,2012,01,12,28.1
IDCJAC0016,029063,2012,01,13,28.2
IDCJAC0016,029063,2012,01,14,28.1
IDCJAC0016,029063,2012,01,15,20.2
IDCJAC0016,029063,2012,01,16,18.9
IDCJAC0016,029063,2012,01,17,9.2
IDCJAC0016,029063,2012,01,18,17.6
IDCJAC0016,029063,2012,01,19,18.3
IDCJAC0016,029063,2012,01,20,26.1
IDCJAC0016,029063,2012,01,21,27.8
IDCJAC0016,029063,2012,01,22,25.9
IDCJAC0016,029063,2012,01,23,18.5
IDCJAC0016,029063,2012,01,24,18.8
IDCJAC0016,029063,2012,01,25,8.8
IDCJAC0016,029063,2012,01,26,12.7
IDCJAC0016,029063,2012,01,27,7.5
IDCJAC0016,029063,2012,01,28,24.0
IDCJAC0016,029063,2012,01,29,16.4
IDCJAC0016,029063,2012,01,30,7.1
IDCJAC0016,029063,2012,01,31,15.3
IDCJAC0016,029063,2012,02,01,12.7
IDCJAC0016,029063,2012,02,02,19.1
IDCJAC0016,029063,2012,02,03,20.5
IDCJAC0016,029063,2012,02,04,29.5
IDCJAC0016,029063,2012,02,05,28.0
IDCJAC0016,029063,2012,02,06,18.3
IDCJAC0016,029063,2012,02,07,28.5
IDCJAC0016,029063,2012,02,08,29.8
IDCJAC0016,029063,2012,02,09,30.8
IDCJAC0016,029063,2012,02,10,30.2
IDCJAC0016,029063,2012,02,11,29.9
IDCJAC0016,029063,2012,02,12,29.3
IDCJAC0016,029063,2012,02,13,29.8
IDCJAC0016,029063,2012,02,14,28.5
IDCJAC0016,029063,2012,02,15,19.0
IDCJAC0016,029063,2012,02,16,28.1
IDCJAC0016,029063,2012,02,17,26.8
IDCJAC0016,029063,2012,02,18,26.3
IDCJAC0016,029063,2012,02,19,24.4
IDCJAC0016,029063,2012,02,20,26.6
IDCJAC0016,029063,2012,02,21,22.9
IDCJAC0016,029063,2012,02,22,14.4
IDCJAC0016,029063,2012,02,23,25.6
IDCJAC0016,029063,2012,02,24,15.8
IDCJAC0016,029063,2012,02,25,15.6
IDCJAC0016,029063,2012,02,26,23.5
IDCJAC0016,029063,2012,02,27,22.7
IDCJAC0016,029063,2012,02,28,24.5
IDCJAC0016,029063,2012,02,29,23.2
IDCJAC0016,029063,2012,03,01,22.7
IDCJAC0016,029063,2012,03,02,13.3
IDCJAC0016,029063,2012,03,03,20.9
IDCJAC0016,029063,2012,03,04,16.9
IDCJAC0016,029063,2012,03,05,29.1
IDCJAC0016,029063,2012,03,06,28.1
IDCJAC0016,029063,2012,03,07,20.7
IDCJAC0016,029063,2012,03,08,25.8
IDCJAC0016,029063,2012,03,09,18.7
IDCJAC0016,029063,2012,03,10,20.8
IDCJAC0016,029063,2012,03,11,24.6
IDCJAC0016,029063,2012,03,12,26.3
IDCJAC0016,029063,2012,03,13,14.5
IDCJAC0016,029063,2012,03,14,15.6
IDCJAC0016,029063,2012,03,15,3.4
IDCJAC0016,029063,2012,03,16,2.1
IDCJAC0016,029063,2012,03,17,2.7
IDCJAC0016,029063,2012,03,18,3.7
IDCJAC0016,029063,2012,03,19,2.7
IDCJAC0016,029063,2012,03,20,8.2
IDCJAC0016,029063,2012,03,21,25.0
IDCJAC0016,029063,2012,03,22,25.3
IDCJAC0016,029063,2012,03,23,25.9
IDCJAC0016,029063,2012,03,24,24.1
IDCJAC0016,029063,2012,03,25,18.5
IDCJAC0016,029063,2012,03,26,20.7
IDCJAC0016,029063,2012,03,27,22.7
IDCJAC0016,029063,2012,03,28,26.6
IDCJAC0016,029063,2012,03,29,26.8
IDCJAC0016,029063,2012,03,30,26.8
IDCJAC0016,029063,2012,03,31,27.1
IDCJAC0016,029063,2012,04,01,24.7
IDCJAC0016,029063,2012,04,02,26.2
IDCJAC0016,029063,2012,04,03,25.6
IDCJAC0016,029063,2012,04,04,25.3
IDCJAC0016,029063,2012,04,05,25.0
IDCJAC0016,029063,2012,04,06,23.5
IDCJAC0016,029063,2012,04,07,24.5
IDCJAC0016,029063,2012,04,08,24.6
IDCJAC0016,029063,2012,04,09,24.2
IDCJAC0016,029063,2012,04,10,23.9
IDCJAC0016,029063,2012,04,11,23.2
IDCJAC0016,029063,2012,04,12,19.0
IDCJAC0016,029063,2012,04,13,23.0
IDCJAC0016,029063,2012,04,14,23.1
IDCJAC0016,029063,2012,04,15,23.1
IDCJAC0016,029063,2012,04,16,22.9
IDCJAC0016,029063,2012,04,17,22.7
IDCJAC0016,029063,2012,04,18,18.7
IDCJAC0016,029063,2012,04,19,19.0
IDCJAC0016,029063,2012,04,20,21.7
IDCJAC0016,029063,2012,04,21,21.3
IDCJAC0016,029063,2012,04,22,21.4
IDCJAC0016,029063,2012,04,23,22.2
IDCJAC0016,029063,2012,04,24,21.6
IDCJAC0016,029063,2012,04,25,18.6
IDCJAC0016,029063,2012,04,26,6.8
IDCJAC0016,029063,2012,04,27,21.0
IDCJAC0016,029063,2012,04,28,21.8
IDCJAC0016,029063,2012,04,29,21.7
IDCJAC0016,029063,2012,04,30,20.2
IDCJAC0016,029063,2012,05,01,19.9
IDCJAC0016,029063,2012,05,02,18.8
IDCJAC0016,029063,2012,05,03,21.3
IDCJAC0016,029063,2012,05,04,21.8
IDCJAC0016,029063,2012,05,05,22.0
IDCJAC0016,029063,2012,05,06,22.0
IDCJAC0016,029063,2012,05,07,21.8
IDCJAC0016,029063,2012,05,08,20.4
IDCJAC0016,029063,2012,05,09,20.8
IDCJAC0016,029063,2012,05,10,20.3
IDCJAC0016,029063,2012,05,11,20.4
IDCJAC0016,029063,2012,05,12,19.6
IDCJAC0016,029063,2012,05,13,19.8
IDCJAC0016,029063,2012,05,14,20.2
IDCJAC0016,029063,2012,05,15,20.1
IDCJAC0016,029063,2012,05,16,19.8
IDCJAC0016,029063,2012,05,17,19.6
IDCJAC0016,029063,2012,05,18,19.0
IDCJAC0016,029063,2012,05,19,19.3
IDCJAC0016,029063,2012,05,20,19.4
IDCJAC0016,029063,2012,05,21,18.4
IDCJAC0016,029063,2012,05,22,19.0
IDCJAC0016,029063,2012,05,23,15.0
IDCJAC0016,029063,2012,05,24,11.5
IDCJAC0016,029063,2012,05,25,6.7
IDCJAC0016,029063,2012,05,26,16.7
IDCJAC0016,029063,2012,05,27,19.0
IDCJAC0016,029063,2012,05,28,18.8
IDCJAC0016,029063,2012,05,29,11.9
IDCJAC0016,029063,2012,05,30,9.0
IDCJAC0016,029063,2012,05,31,13.8
IDCJAC0016,029063,2012,06,01,16.4
IDCJAC0016,029063,2012,06,02,19.0
IDCJAC0016,029063,2012,06,03,19.1
IDCJAC0016,029063,2012,06,04,19.0
IDCJAC0016,029063,2012,06,05,18.9
IDCJAC0016,029063,2012,06,06,18.8
IDCJAC0016,029063,2012,06,07,18.8
IDCJAC0016,029063,2012,06,08,18.7
IDCJAC0016,029063,2012,06,09,18.7
IDCJAC0016,029063,2012,06,10,18.5
IDCJAC0016,029063,2012,06,11,18.5
IDCJAC0016,029063,2012,06,12,18.5
IDCJAC0016,029063,2012,06,13,18.5
IDCJAC0016,029063,2012,06,14,18.4
IDCJAC0016,029063,2012,06,15,18.4
IDCJAC0016,029063,2012,06,16,18.4
IDCJAC0016,029063,2012,06,17,18.3
IDCJAC0016,029063,2012,06,18,18.3
IDCJAC0016,029063,2012,06,19,18.3
IDCJAC0016,029063,2012,06,20,18.2
IDCJAC0016,029063,2012,06,21,18.2
IDCJAC0016,029063,2012,06,22,17.8
IDCJAC0016,029063,2012,06,23,18.1
IDCJAC0016,029063,2012,06,24,18.2
IDCJAC0016,029063,2012,06,25,18.2
IDCJAC0016,029063,2012,06,26,18.2
IDCJAC0016,029063,2012,06,27,18.2
IDCJAC0016,029063,2012,06,28,18.2
IDCJAC0016,029063,2012,06,29,18.2
IDCJAC0016,029063,2012,06,30,18.2
IDCJAC0016,029063,2012,07,01,19.4
IDCJAC0016,029063,2012,07,02,19.4
IDCJAC0016,029063,2012,07,03,19.4
IDCJAC0016,029063,2012,07,04,19.4
IDCJAC0016,029063,2012,07,05,19.2
IDCJAC0016,029063,2012,07,06,19.5
IDCJAC0016,029063,2012,07,07,19.3
IDCJAC0016,029063,2012,07,08,17.3
IDCJAC0016,029063,2012,07,09,16.5
IDCJAC0016,029063,2012,07,10,16.7
IDCJAC0016,029063,2012,07,11,19.5
IDCJAC0016,029063,2012,07,12,19.7
IDCJAC0016,029063,2012,07,13,19.9
IDCJAC0016,029063,2012,07,14,19.6
IDCJAC0016,029063,2012,07,15,14.3
IDCJAC0016,029063,2012,07,16,20.1
IDCJAC0016,029063,2012,07,17,19.9
IDCJAC0016,029063,2012,07,18,20.3
IDCJAC0016,029063,2012,07,19,20.3
IDCJAC0016,029063,2012,07,20,20.3
IDCJAC0016,029063,2012,07,21,20.4
IDCJAC0016,029063,2012,07,22,20.3
IDCJAC0016,029063,2012,07,23,20.4
IDCJAC0016,029063,2012,07,24,20.0
IDCJAC0016,029063,2012,07,25,18.6
IDCJAC0016,029063,2012,07,26,20.4
IDCJAC0016,029063,2012,07,27,20.8
IDCJAC0016,029063,2012,07,28,21.0
IDCJAC0016,029063,2012,07,29,20.9
IDCJAC0016,029063,2012,07,30,21.2
IDCJAC0016,029063,2012,07,31,21.2
IDCJAC0016,029063,2012,08,01,21.2
IDCJAC0016,029063,2012,08,02,21.4
IDCJAC0016,029063,2012,08,03,21.4
IDCJAC0016,029063,2012,08,04,21.6
IDCJAC0016,029063,2012,08,05,21.6
IDCJAC0016,029063,2012,08,06,21.7
IDCJAC0016,029063,2012,08,07,21.9
IDCJAC0016,029063,2012,08,08,22.1
IDCJAC0016,029063,2012,08,09,22.2
IDCJAC0016,029063,2012,08,10,22.2
IDCJAC0016,029063,2012,08,11,22.4
IDCJAC0016,029063,2012,08,12,22.5
IDCJAC0016,029063,2012,08,13,22.6
IDCJAC0016,029063,2012,08,14,22.8
IDCJAC0016,029063,2012,08,15,22.9
IDCJAC0016,029063,2012,08,16,23.1
IDCJAC0016,029063,2012,08,17,23.3
IDCJAC0016,029063,2012,08,18,23.3
IDCJAC0016,029063,2012,08,19,12.9
IDCJAC0016,029063,2012,08,20,23.5
IDCJAC0016,029063,2012,08,21,23.7
IDCJAC0016,029063,2012,08,22,23.5
IDCJAC0016,029063,2012,08,23,21.1
IDCJAC0016,029063,2012,08,24,23.9
IDCJAC0016,029063,2012,08,25,23.3
IDCJAC0016,029063,2012,08,26,23.2
IDCJAC0016,029063,2012,08,27,24.6
IDCJAC0016,029063,2012,08,28,24.5
IDCJAC0016,029063,2012,08,29,24.8
IDCJAC0016,029063,2012,08,30,24.6
IDCJAC0016,029063,2012,08,31,25.0
IDCJAC0016,029063,2012,09,01,23.4
IDCJAC0016,029063,2012,09,02,21.6
IDCJAC0016,029063,2012,09,03,22.5
IDCJAC0016,029063,2012,09,04,22.1
IDCJAC0016,029063,2012,09,05,21.1
IDCJAC0016,029063,2012,09,06,21.7
IDCJAC0016,029063,2012,09,07,24.2
IDCJAC0016,029063,2012,09,08,24.3
IDCJAC0016,029063,2012,09,09,24.1
IDCJAC0016,029063,2012,09,10,22.1
IDCJAC0016,029063,2012,09,11,24.8
IDCJAC0016,029063,2012,09,12,24.9
IDCJAC0016,029063,2012,09,13,25.1
IDCJAC0016,029063,2012,09,14,24.3
IDCJAC0016,029063,2012,09,15,25.3
IDCJAC0016,029063,2012,09,16,25.4
IDCJAC0016,029063,2012,09,17,25.6
IDCJAC0016,029063,2012,09,18,25.8
IDCJAC0016,029063,2012,09,19,26.0
IDCJAC0016,029063,2012,09,20,26.3
IDCJAC0016,029063,2012,09,21,26.3
IDCJAC0016,029063,2012,09,22,26.4
IDCJAC0016,029063,2012,09,23,26.7
IDCJAC0016,029063,2012,09,24,26.6
IDCJAC0016,029063,2012,09,25,27.2
IDCJAC0016,029063,2012,09,26,27.2
IDCJAC0016,029063,2012,09,27,27.1
IDCJAC0016,029063,2012,09,28,27.3
IDCJAC0016,029063,2012,09,29,14.8
IDCJAC0016,029063,2012,09,30,27.6
IDCJAC0016,029063,2012,10,01,26.4
IDCJAC0016,029063,2012,10,02,24.3
IDCJAC0016,029063,2012,10,03,26.5
IDCJAC0016,029063,2012,10,04,25.7
IDCJAC0016,029063,2012,10,05,28.0
IDCJAC0016,029063,2012,10,06,28.1
IDCJAC0016,029063,2012,10,07,27.3
IDCJAC0016,029063,2012,10,08,28.2
IDCJAC0016,029063,2012,10,09,28.7
IDCJAC0016,029063,2012,10,10,28.4
IDCJAC0016,029063,2012,10,11,22.1
IDCJAC0016,029063,2012,10,12,28.7
IDCJAC0016,029063,2012,10,13,29.2
IDCJAC0016,029063,2012,10,14,27.4
IDCJAC0016,029063,2012,10,15,29.2
IDCJAC0016,029063,2012,10,16,29.3
IDCJAC0016,029063,2012,10,17,29.3
IDCJAC0016,029063,2012,10,18,28.9
IDCJAC0016,029063,2012,10,19,27.9
IDCJAC0016,029063,2012,10,20,28.0
IDCJAC0016,029063,2012,10,21,27.4
IDCJAC0016,029063,2012,10,22,26.7
IDCJAC0016,029063,2012,10,23,20.6
IDCJAC0016,029063,2012,10,24,26.3
IDCJAC0016,029063,2012,10,25,28.4
IDCJAC0016,029063,2012,10,26,26.0
IDCJAC0016,029063,2012,10,27,29.1
IDCJAC0016,029063,2012,10,28,29.4
IDCJAC0016,029063,2012,10,29,28.7
IDCJAC0016,029063,2012,10,30,26.9
IDCJAC0016,029063,2012,10,31,28.4
IDCJAC0016,029063,2012,11,01,27.5
IDCJAC0016,029063,2012,11,02,27.6
IDCJAC0016,029063,2012,11,03,28.4
IDCJAC0016,029063,2012,11,04,29.5
IDCJAC0016,029063,2012,11,05,28.6
IDCJAC0016,029063,2012,11,06,27.9
IDCJAC0016,029063,2012,11,07,27.4
IDCJAC0016,029063,2012,11,08,26.6
IDCJAC0016,029063,2012,11,09,21.9
IDCJAC0016,029063,2012,11,10,25.2
IDCJAC0016,029063,2012,11,11,24.2
IDCJAC0016,029063,2012,11,12,29.2
IDCJAC0016,029063,2012,11,13,30.1
IDCJAC0016,029063,2012,11,14,29.0
IDCJAC0016,029063,2012,11,15,30.1
IDCJAC0016,029063,2012,11,16,30.0
IDCJAC0016,029063,2012,11,17,29.6
IDCJAC0016,029063,2012,11,18,29.9
IDCJAC0016,029063,2012,11,19,29.4
IDCJAC0016,029063,2012,11,20,30.5
IDCJAC0016,029063,2012,11,21,30.4
IDCJAC0016,029063,2012,11,22,27.6
IDCJAC0016,029063,2012,11,23,30.3
IDCJAC0016,029063,2012,11,24,29.3
IDCJAC0016,029063,2012,11,25,30.6
IDCJAC0016,029063,2012,11,26,27.4
IDCJAC0016,029063,2012,11,27,23.3
IDCJAC0016,029063,2012,11,28,28.9
IDCJAC0016,029063,2012,11,29,27.1
IDCJAC0016,029063,2012,11,30,30.1
IDCJAC0016,029063,2012,12,01,28.1
IDCJAC0016,029063,2012,12,02,27.2
IDCJAC0016,029063,2012,12,03,31.2
IDCJAC0016,029063,2012,12,04,26.5
IDCJAC0016,029063,2012,12,05,31.3
IDCJAC0016,029063,2012,12,06,31.2
IDCJAC0016,029063,2012,12,07,31.0
IDCJAC0016,029063,2012,12,08,25.1
IDCJAC0016,029063,2012,12,09,30.3
IDCJAC0016,029063,2012,12,10,30.4
IDCJAC0016,029063,2012,12,11,27.6
IDCJAC0016,029063,2012,12,12,24.0
IDCJAC0016,029063,2012,12,13,29.2
IDCJAC0016,029063,2012,12,14,26.5
IDCJAC0016,029063,2012,12,15,29.0
IDCJAC0016,029063,2012,12,16,6.5
IDCJAC0016,029063,2012,12,17,26.9
IDCJAC0016,029063,2012,12,18,22.6
IDCJAC0016,029063,2012,12,19,27.1
IDCJAC0016,029063,2012,12,20,23.8
IDCJAC0016,029063,2012,12,21,20.3
IDCJAC0016,029063,2012,12,22,12.6
IDCJAC0016,029063,2012,12,23,3.8
IDCJAC0016,029063,2012,12,24,14.2
IDCJAC0016,029063,2012,12,25,30.1
IDCJAC0016,029063,2012,12,26,25.0
IDCJAC0016,029063,2012,12,27,3.2
IDCJAC0016,029063,2012,12,28,24.1
IDCJAC0016,029063,2012,12,29,25.2
IDCJAC0016,029063,2012,12,30,29.2
IDCJAC0016,029063,2012,12,31,30.5
IDCJAC0016,029063,2013,01,01,29.2
IDCJAC0016,029063,2013,01,02,27.5
IDCJAC0016,029063,2013,01,03,26.2
IDCJAC0016,029063,2013,01,04,31.1
IDCJAC0016,029063,2013,01,05,31.0
IDCJAC0016,029063,2013,01,06,31.1
IDCJAC0016,029063,2013,01,07,31.0
IDCJAC0016,029063,2013,01,08,29.7
IDCJAC0016,029063,2013,01,09,30.6
IDCJAC0016,029063,2013,01,10,30.4
IDCJAC0016,029063,2013,01,11,28.1
IDCJAC0016,029063,2013,01,12,31.0
IDCJAC0016,029063,2013,01,13,30.3
IDCJAC0016,029063,2013,01,14,30.2
IDCJAC0016,029063,2013,01,15,14.7
IDCJAC0016,029063,2013,01,16,2.6
IDCJAC0016,029063,2013,01,17,23.4
IDCJAC0016,029063,2013,01,18,6.2
IDCJAC0016,029063,2013,01,19,11.5
IDCJAC0016,029063,2013,01,20,6.7
IDCJAC0016,029063,2013,01,21,4.1
IDCJAC0016,029063,2013,01,22,26.6
IDCJAC0016,029063,2013,01,23,30.5
IDCJAC0016,029063,2013,01,24,28.8
IDCJAC0016,029063,2013,01,25,25.1
IDCJAC0016,029063,2013,01,26,10.5
IDCJAC0016,029063,2013,01,27,26.6
IDCJAC0016,029063,2013,01,28,30.4
IDCJAC0016,029063,2013,01,29,30.6
IDCJAC0016,029063,2013,01,30,30.5
IDCJAC0016,029063,2013,01,31,30.5
IDCJAC0016,029063,2013,02,01,30.6
IDCJAC0016,029063,2013,02,02,30.5
IDCJAC0016,029063,2013,02,03,30.4
IDCJAC0016,029063,2013,02,04,30.3
IDCJAC0016,029063,2013,02,05,30.2
IDCJAC0016,029063,2013,02,06,28.5
IDCJAC0016,029063,2013,02,07,20.3
IDCJAC0016,029063,2013,02,08,25.3
IDCJAC0016,029063,2013,02,09,26.5
IDCJAC0016,029063,2013,02,10,14.6
IDCJAC0016,029063,2013,02,11,24.0
IDCJAC0016,029063,2013,02,12,19.3
IDCJAC0016,029063,2013,02,13,25.7
IDCJAC0016,029063,2013,02,14,20.3
IDCJAC0016,029063,2013,02,15,18.7
IDCJAC0016,029063,2013,02,16,20.4
IDCJAC0016,029063,2013,02,17,17.4
IDCJAC0016,029063,2013,02,18,20.4
IDCJAC0016,029063,2013,02,19,26.1
IDCJAC0016,029063,2013,02,20,26.4
IDCJAC0016,029063,2013,02,21,26.8
IDCJAC0016,029063,2013,02,22,10.6
IDCJAC0016,029063,2013,02,23,21.4
IDCJAC0016,029063,2013,02,24,25.5
IDCJAC0016,029063,2013,02,25,26.4
IDCJAC0016,029063,2013,02,26,22.3
IDCJAC0016,029063,2013,02,27,21.7
IDCJAC0016,029063,2013,02,28,23.7
IDCJAC0016,029063,2013,03,01,20.5
IDCJAC0016,029063,2013,03,02,23.9
IDCJAC0016,029063,2013,03,03,23.9
IDCJAC0016,029063,2013,03,04,19.1
IDCJAC0016,029063,2013,03,05,21.6
IDCJAC0016,029063,2013,03,06,7.9
IDCJAC0016,029063,2013,03,07,22.5
IDCJAC0016,029063,2013,03,08,21.9
IDCJAC0016,029063,2013,03,09,24.7
IDCJAC0016,029063,2013,03,10,19.3
IDCJAC0016,029063,2013,03,11,21.4
IDCJAC0016,029063,2013,03,12,26.0
IDCJAC0016,029063,2013,03,13,26.8
IDCJAC0016,029063,2013,03,14,27.2
IDCJAC0016,029063,2013,03,15,26.8
IDCJAC0016,029063,2013,03,16,24.6
IDCJAC0016,029063,2013,03,17,24.5
IDCJAC0016,029063,2013,03,18,26.1
IDCJAC0016,029063,2013,03,19,26.8
IDCJAC0016,029063,2013,03,20,25.9
IDCJAC0016,029063,2013,03,21,24.2
IDCJAC0016,029063,2013,03,22,13.3
IDCJAC0016,029063,2013,03,23,22.9
IDCJAC0016,029063,2013,03,24,24.9
IDCJAC0016,029063,2013,03,25,20.9
IDCJAC0016,029063,2013,03,26,20.6
IDCJAC0016,029063,2013,03,27,22.8
IDCJAC0016,029063,2013,03,28,22.2
IDCJAC0016,029063,2013,03,29,23.6
IDCJAC0016,029063,2013,03,30,22.5
IDCJAC0016,029063,2013,03,31,21.2
IDCJAC0016,029063,2013,04,01,22.1
IDCJAC0016,029063,2013,04,02,24.9
IDCJAC0016,029063,2013,04,03,19.1
IDCJAC0016,029063,2013,04,04,18.1
IDCJAC0016,029063,2013,04,05,24.3
IDCJAC0016,029063,2013,04,06,22.1
IDCJAC0016,029063,2013,04,07,23.4
IDCJAC0016,029063,2013,04,08,23.7
IDCJAC0016,029063,2013,04,09,21.0
IDCJAC0016,029063,2013,04,10,13.5
IDCJAC0016,029063,2013,04,11,11.1
IDCJAC0016,029063,2013,04,12,10.7
IDCJAC0016,029063,2013,04,13,22.6
IDCJAC0016,029063,2013,04,14,22.6
IDCJAC0016,029063,2013,04,15,13.4
IDCJAC0016,029063,2013,04,16,22.3
IDCJAC0016,029063,2013,04,17,23.0
IDCJAC0016,029063,2013,04,18,22.7
IDCJAC0016,029063,2013,04,19,22.2
IDCJAC0016,029063,2013,04,20,23.2
IDCJAC0016,029063,2013,04,21,23.4
IDCJAC0016,029063,2013,04,22,23.0
IDCJAC0016,029063,2013,04,23,21.5
IDCJAC0016,029063,2013,04,24,22.4
IDCJAC0016,029063,2013,04,25,22.3
IDCJAC0016,029063,2013,04,26,21.7
IDCJAC0016,029063,2013,04,27,20.5
IDCJAC0016,029063,2013,04,28,22.0
IDCJAC0016,029063,2013,04,29,21.7
IDCJAC0016,029063,2013,04,30,18.9
IDCJAC0016,029063,2013,05,01,19.2
IDCJAC0016,029063,2013,05,02,21.2
IDCJAC0016,029063,2013,05,03,21.7
IDCJAC0016,029063,2013,05,04,21.3
IDCJAC0016,029063,2013,05,05,17.7
IDCJAC0016,029063,2013,05,06,19.1
IDCJAC0016,029063,2013,05,07,19.7
IDCJAC0016,029063,2013,05,08,18.4
IDCJAC0016,029063,2013,05,09,19.9
IDCJAC0016,029063,2013,05,10,19.9
IDCJAC0016,029063,2013,05,11,19.5
IDCJAC0016,029063,2013,05,12,19.8
IDCJAC0016,029063,2013,05,13,18.5
IDCJAC0016,029063,2013,05,14,19.0
IDCJAC0016,029063,2013,05,15,18.5
IDCJAC0016,029063,2013,05,16,18.4
IDCJAC0016,029063,2013,05,17,14.5
IDCJAC0016,029063,2013,05,18,16.5
IDCJAC0016,029063,2013,05,19,18.3
IDCJAC0016,029063,2013,05,20,16.2
IDCJAC0016,029063,2013,05,21,18.3
IDCJAC0016,029063,2013,05,22,18.0
IDCJAC0016,029063,2013,05,23,17.8
IDCJAC0016,029063,2013,05,24,20.1
IDCJAC0016,029063,2013,05,25,20.1
IDCJAC0016,029063,2013,05,26,20.1
IDCJAC0016,029063,2013,05,27,19.2
IDCJAC0016,029063,2013,05,28,18.9
IDCJAC0016,029063,2013,05,29,18.7
IDCJAC0016,029063,2013,05,30,18.3
IDCJAC0016,029063,2013,05,31,18.1
IDCJAC0016,029063,2013,06,01,18.7
IDCJAC0016,029063,2013,06,02,18.7
IDCJAC0016,029063,2013,06,03,18.9
IDCJAC0016,029063,2013,06,04,18.5
IDCJAC0016,029063,2013,06,05,18.4
IDCJAC0016,029063,2013,06,06,18.4
IDCJAC0016,029063,2013,06,07,18.0
IDCJAC0016,029063,2013,06,08,18.1
IDCJAC0016,029063,2013,06,09,18.0
IDCJAC0016,029063,2013,06,10,17.8
IDCJAC0016,029063,2013,06,11,16.6
IDCJAC0016,029063,2013,06,12,16.9
IDCJAC0016,029063,2013,06,13,18.0
IDCJAC0016,029063,2013,06,14,18.4
IDCJAC0016,029063,2013,06,15,18.7
IDCJAC0016,029063,2013,06,16,18.1
IDCJAC0016,029063,2013,06,17,18.2
IDCJAC0016,029063,2013,06,18,18.4
IDCJAC0016,029063,2013,06,19,15.3
IDCJAC0016,029063,2013,06,20,12.3
IDCJAC0016,029063,2013,06,21,8.1
IDCJAC0016,029063,2013,06,22,18.3
IDCJAC0016,029063,2013,06,23,18.3
IDCJAC0016,029063,2013,06,24,17.8
IDCJAC0016,029063,2013,06,25,18.0
IDCJAC0016,029063,2013,06,26,17.9
IDCJAC0016,029063,2013,06,27,17.3
IDCJAC0016,029063,2013,06,28,17.6
IDCJAC0016,029063,2013,06,29,17.8
IDCJAC0016,029063,2013,06,30,17.9
IDCJAC0016,029063,2013,07,01,19.0
IDCJAC0016,029063,2013,07,02,18.9
IDCJAC0016,029063,2013,07,03,18.7
IDCJAC0016,029063,2013,07,04,17.9
IDCJAC0016,029063,2013,07,05,17.8
IDCJAC0016,029063,2013,07,06,17.8
IDCJAC0016,029063,2013,07,07,17.7
IDCJAC0016,029063,2013,07,08,17.8
IDCJAC0016,029063,2013,07,09,18.0
IDCJAC0016,029063,2013,07,10,18.1
IDCJAC0016,029063,2013,07,11,18.0
IDCJAC0016,029063,2013,07,12,18.1
IDCJAC0016,029063,2013,07,13,18.4
IDCJAC0016,029063,2013,07,14,18.5
IDCJAC0016,029063,2013,07,15,18.5
IDCJAC0016,029063,2013,07,16,18.5
IDCJAC0016,029063,2013,07,17,18.4
IDCJAC0016,029063,2013,07,18,18.4
IDCJAC0016,029063,2013,07,19,17.8
IDCJAC0016,029063,2013,07,20,18.4
IDCJAC0016,029063,2013,07,21,18.3
IDCJAC0016,029063,2013,07,22,12.1
IDCJAC0016,029063,2013,07,23,13.6
IDCJAC0016,029063,2013,07,24,20.3
IDCJAC0016,029063,2013,07,25,20.4
IDCJAC0016,029063,2013,07,26,19.5
IDCJAC0016,029063,2013,07,27,19.2
IDCJAC0016,029063,2013,07,28,19.5
IDCJAC0016,029063,2013,07,29,19.7
IDCJAC0016,029063,2013,07,30,20.1
IDCJAC0016,029063,2013,07,31,20.3
IDCJAC0016,029063,2013,08,01,20.2
IDCJAC0016,029063,2013,08,02,20.2
IDCJAC0016,029063,2013,08,03,20.5
IDCJAC0016,029063,2013,08,04,20.8
IDCJAC0016,029063,2013,08,05,21.0
IDCJAC0016,029063,2013,08,06,21.0
IDCJAC0016,029063,2013,08,07,21.8
IDCJAC0016,029063,2013,08,08,21.7
IDCJAC0016,029063,2013,08,09,21.4
IDCJAC0016,029063,2013,08,10,21.5
IDCJAC0016,029063,2013,08,11,21.2
IDCJAC0016,029063,2013,08,12,21.2
IDCJAC0016,029063,2013,08,13,21.6
IDCJAC0016,029063,2013,08,14,21.7
IDCJAC0016,029063,2013,08,15,21.7
IDCJAC0016,029063,2013,08,16,21.3
IDCJAC0016,029063,2013,08,17,21.2
IDCJAC0016,029063,2013,08,18,21.3
IDCJAC0016,029063,2013,08,19,21.4
IDCJAC0016,029063,2013,08,20,21.9
IDCJAC0016,029063,2013,08,21,22.4
IDCJAC0016,029063,2013,08,22,21.9
IDCJAC0016,029063,2013,08,23,23.4
IDCJAC0016,029063,2013,08,24,22.8
IDCJAC0016,029063,2013,08,25,23.0
IDCJAC0016,029063,2013,08,26,23.1
IDCJAC0016,029063,2013,08,27,22.9
IDCJAC0016,029063,2013,08,28,23.1
IDCJAC0016,029063,2013,08,29,23.0
IDCJAC0016,029063,2013,08,30,23.5
IDCJAC0016,029063,2013,08,31,23.7
IDCJAC0016,029063,2013,09,01,23.2
IDCJAC0016,029063,2013,09,02,23.1
IDCJAC0016,029063,2013,09,03,23.3
IDCJAC0016,029063,2013,09,04,23.2
IDCJAC0016,029063,2013,09,05,23.3
IDCJAC0016,029063,2013,09,06,23.4
IDCJAC0016,029063,2013,09,07,23.5
IDCJAC0016,029063,2013,09,08,23.6
IDCJAC0016,029063,2013,09,09,21.7
IDCJAC0016,029063,2013,09,10,22.1
IDCJAC0016,029063,2013,09,11,23.8
IDCJAC0016,029063,2013,09,12,23.8
IDCJAC0016,029063,2013,09,13,23.5
IDCJAC0016,029063,2013,09,14,23.9
IDCJAC0016,029063,2013,09,15,22.8
IDCJAC0016,029063,2013,09,16,23.6
IDCJAC0016,029063,2013,09,17,24.6
IDCJAC0016,029063,2013,09,18,25.0
IDCJAC0016,029063,2013,09,19,23.6
IDCJAC0016,029063,2013,09,20,25.0
IDCJAC0016,029063,2013,09,21,26.1
IDCJAC0016,029063,2013,09,22,26.5
IDCJAC0016,029063,2013,09,23,25.6
IDCJAC0016,029063,2013,09,24,25.1
IDCJAC0016,029063,2013,09,25,25.3
IDCJAC0016,029063,2013,09,26,25.3
IDCJAC0016,029063,2013,09,27,25.6
IDCJAC0016,029063,2013,09,28,25.3
IDCJAC0016,029063,2013,09,29,24.9
IDCJAC0016,029063,2013,09,30,24.6
IDCJAC0016,029063,2013,10,01,25.7
IDCJAC0016,029063,2013,10,02,23.1
IDCJAC0016,029063,2013,10,03,27.0
IDCJAC0016,029063,2013,10,04,27.3
IDCJAC0016,029063,2013,10,05,26.1
IDCJAC0016,029063,2013,10,06,24.4
IDCJAC0016,029063,2013,10,07,24.3
IDCJAC0016,029063,2013,10,08,23.4
IDCJAC0016,029063,2013,10,09,27.7
IDCJAC0016,029063,2013,10,10,27.3
IDCJAC0016,029063,2013,10,11,27.1
IDCJAC0016,029063,2013,10,12,27.2
IDCJAC0016,029063,2013,10,13,26.0
IDCJAC0016,029063,2013,10,14,26.7
IDCJAC0016,029063,2013,10,15,27.1
IDCJAC0016,029063,2013,10,16,26.0
IDCJAC0016,029063,2013,10,17,22.5
IDCJAC0016,029063,2013,10,18,26.7
IDCJAC0016,029063,2013,10,19,27.2
IDCJAC0016,029063,2013,10,20,27.2
IDCJAC0016,029063,2013,10,21,28.2
IDCJAC0016,029063,2013,10,22,27.0
IDCJAC0016,029063,2013,10,23,25.0
IDCJAC0016,029063,2013,10,24,25.1
IDCJAC0016,029063,2013,10,25,24.5
IDCJAC0016,029063,2013,10,26,25.7
IDCJAC0016,029063,2013,10,27,25.4
IDCJAC0016,029063,2013,10,28,26.5
IDCJAC0016,029063,2013,10,29,26.4
IDCJAC0016,029063,2013,10,30,26.7
IDCJAC0016,029063,2013,10,31,27.9
IDCJAC0016,029063,2013,11,01,28.1
IDCJAC0016,029063,2013,11,02,25.5
IDCJAC0016,029063,2013,11,03,22.4
IDCJAC0016,029063,2013,11,04,28.1
IDCJAC0016,029063,2013,11,05,28.1
IDCJAC0016,029063,2013,11,06,28.0
IDCJAC0016,029063,2013,11,07,27.5
IDCJAC0016,029063,2013,11,08,27.4
IDCJAC0016,029063,2013,11,09,26.8
IDCJAC0016,029063,2013,11,10,25.4
IDCJAC0016,029063,2013,11,11,26.6
IDCJAC0016,029063,2013,11,12,23.2
IDCJAC0016,029063,2013,11,13,19.5
IDCJAC0016,029063,2013,11,14,24.3
IDCJAC0016,029063,2013,11,15,29.3
IDCJAC0016,029063,2013,11,16,28.7
IDCJAC0016,029063,2013,11,17,23.9
IDCJAC0016,029063,2013,11,18,7.6
IDCJAC0016,029063,2013,11,19,2.6
IDCJAC0016,029063,2013,11,20,23.1
IDCJAC0016,029063,2013,11,21,22.5
IDCJAC0016,029063,2013,11,22,3.9
IDCJAC0016,029063,2013,11,23,22.4
IDCJAC0016,029063,2013,11,24,2.0
IDCJAC0016,029063,2013,11,25,7.8
IDCJAC0016,029063,2013,11,26,24.1
IDCJAC0016,029063,2013,11,27,2.8
IDCJAC0016,029063,2013,11,28,13.4
IDCJAC0016,029063,2013,11,29,7.0
IDCJAC0016,029063,2013,11,30,14.5
IDCJAC0016,029063,2013,12,01,23.7
IDCJAC0016,029063,2013,12,02,23.6
IDCJAC0016,029063,2013,12,03,26.6
IDCJAC0016,029063,2013,12,04,28.1
IDCJAC0016,029063,2013,12,05,19.6
IDCJAC0016,029063,2013,12,06,18.7
IDCJAC0016,029063,2013,12,07,27.8
IDCJAC0016,029063,2013,12,08,27.4
IDCJAC0016,029063,2013,12,09,27.8
IDCJAC0016,029063,2013,12,10,26.1
IDCJAC0016,029063,2013,12,11,24.7
IDCJAC0016,029063,2013,12,12,24.3
IDCJAC0016,029063,2013,12,13,25.0
IDCJAC0016,029063,2013,12,14,20.6
IDCJAC0016,029063,2013,12,15,21.5
IDCJAC0016,029063,2013,12,16,29.1
IDCJAC0016,029063,2013,12,17,29.2
IDCJAC0016,029063,2013,12,18,29.0
IDCJAC0016,029063,2013,12,19,29.2
IDCJAC0016,029063,2013,12,20,25.8
IDCJAC0016,029063,2013,12,21,28.0
IDCJAC0016,029063,2013,12,22,26.6
IDCJAC0016,029063,2013,12,23,27.0
IDCJAC0016,029063,2013,12,24,26.4
IDCJAC0016,029063,2013,12,25,25.4
IDCJAC0016,029063,2013,12,26,21.7
IDCJAC0016,029063,2013,12,27,14.0
IDCJAC0016,029063,2013,12,28,27.4
IDCJAC0016,029063,2013,12,29,17.0
IDCJAC0016,029063,2013,12,30,26.6
IDCJAC0016,029063,2013,12,31,28.0
IDCJAC0016,029063,2014,01,01,28.4
IDCJAC0016,029063,2014,01,02,27.2
IDCJAC0016,029063,2014,01,03,27.0
IDCJAC0016,029063,2014,01,04,25.6
IDCJAC0016,029063,2014,01,05,3.6
IDCJAC0016,029063,2014,01,06,29.7
IDCJAC0016,029063,2014,01,07,25.2
IDCJAC0016,029063,2014,01,08,26.8
IDCJAC0016,029063,2014,01,09,27.9
IDCJAC0016,029063,2014,01,10,25.0
IDCJAC0016,029063,2014,01,11,16.2
IDCJAC0016,029063,2014,01,12,18.9
IDCJAC0016,029063,2014,01,13,13.5
IDCJAC0016,029063,2014,01,14,9.7
IDCJAC0016,029063,2014,01,15,18.7
IDCJAC0016,029063,2014,01,16,13.6
IDCJAC0016,029063,2014,01,17,21.7
IDCJAC0016,029063,2014,01,18,10.2
IDCJAC0016,029063,2014,01,19,20.1
IDCJAC0016,029063,2014,01,20,18.5
IDCJAC0016,029063,2014,01,21,19.6
IDCJAC0016,029063,2014,01,22,26.7
IDCJAC0016,029063,2014,01,23,27.8
IDCJAC0016,029063,2014,01,24,25.5
IDCJAC0016,029063,2014,01,25,23.2
IDCJAC0016,029063,2014,01,26,20.8
IDCJAC0016,029063,2014,01,27,24.4
IDCJAC0016,029063,2014,01,28,25.6
IDCJAC0016,029063,2014,01,29,28.0
IDCJAC0016,029063,2014,01,30,27.2
IDCJAC0016,029063,2014,01,31,25.5
IDCJAC0016,029063,2014,02,01,21.0
IDCJAC0016,029063,2014,02,02,10.5
IDCJAC0016,029063,2014,02,03,2.7
IDCJAC0016,029063,2014,02,04,11.9
IDCJAC0016,029063,2014,02,05,4.0
IDCJAC0016,029063,2014,02,06,3.1
IDCJAC0016,029063,2014,02,07,16.5
IDCJAC0016,029063,2014,02,08,9.6
IDCJAC0016,029063,2014,02,09,7.4
IDCJAC0016,029063,2014,02,10,24.2
IDCJAC0016,029063,2014,02,11,26.3
IDCJAC0016,029063,2014,02,12,21.5
IDCJAC0016,029063,2014,02,13,25.9
IDCJAC0016,029063,2014,02,14,26.6
IDCJAC0016,029063,2014,02,15,27.4
IDCJAC0016,029063,2014,02,16,16.6
IDCJAC0016,029063,2014,02,17,13.7
IDCJAC0016,029063,2014,02,18,17.6
IDCJAC0016,029063,2014,02,19,10.2
IDCJAC0016,029063,2014,02,20,12.6
IDCJAC0016,029063,2014,02,21,17.7
IDCJAC0016,029063,2014,02,22,12.1
IDCJAC0016,029063,2014,02,23,23.4
IDCJAC0016,029063,2014,02,24,23.9
IDCJAC0016,029063,2014,02,25,23.1
IDCJAC0016,029063,2014,02,26,10.3
IDCJAC0016,029063,2014,02,27,24.0
IDCJAC0016,029063,2014,02,28,10.0
IDCJAC0016,029063,2014,03,01,15.1
IDCJAC0016,029063,2014,03,02,23.9
IDCJAC0016,029063,2014,03,03,20.8
IDCJAC0016,029063,2014,03,04,23.7
IDCJAC0016,029063,2014,03,05,24.6
IDCJAC0016,029063,2014,03,06,25.9
IDCJAC0016,029063,2014,03,07,26.4
IDCJAC0016,029063,2014,03,08,25.8
IDCJAC0016,029063,2014,03,09,22.0
IDCJAC0016,029063,2014,03,10,12.2
IDCJAC0016,029063,2014,03,11,21.3
IDCJAC0016,029063,2014,03,12,24.1
IDCJAC0016,029063,2014,03,13,19.5
IDCJAC0016,029063,2014,03,14,22.5
IDCJAC0016,029063,2014,03,15,24.9
IDCJAC0016,029063,2014,03,16,25.9
IDCJAC0016,029063,2014,03,17,25.5
IDCJAC0016,029063,2014,03,18,25.3
IDCJAC0016,029063,2014,03,19,26.0
IDCJAC0016,029063,2014,03,20,25.0
IDCJAC0016,029063,2014,03,21,23.0
IDCJAC0016,029063,2014,03,22,21.5
IDCJAC0016,029063,2014,03,23,21.8
IDCJAC0016,029063,2014,03,24,20.7
IDCJAC0016,029063,2014,03,25,24.1
IDCJAC0016,029063,2014,03,26,20.2
IDCJAC0016,029063,2014,03,27,18.8
IDCJAC0016,029063,2014,03,28,20.8
IDCJAC0016,029063,2014,03,29,18.4
IDCJAC0016,029063,2014,03,30,23.2
IDCJAC0016,029063,2014,03,31,23.5
IDCJAC0016,029063,2014,04,01,24.0
IDCJAC0016,029063,2014,04,02,23.3
IDCJAC0016,029063,2014,04,03,23.3
IDCJAC0016,029063,2014,04,04,24.0
IDCJAC0016,029063,2014,04,05,22.8
IDCJAC0016,029063,2014,04,06,22.8
IDCJAC0016,029063,2014,04,07,23.4
IDCJAC0016,029063,2014,04,08,23.4
IDCJAC0016,029063,2014,04,09,19.3
IDCJAC0016,029063,2014,04,10,21.1
IDCJAC0016,029063,2014,04,11,20.4
IDCJAC0016,029063,2014,04,12,19.9
IDCJAC0016,029063,2014,04,13,22.8
IDCJAC0016,029063,2014,04,14,20.3
IDCJAC0016,029063,2014,04,15,18.4
IDCJAC0016,029063,2014,04,16,16.2
IDCJAC0016,029063,2014,04,17,20.5
IDCJAC0016,029063,2014,04,18,20.5
IDCJAC0016,029063,2014,04,19,20.2
IDCJAC0016,029063,2014,04,20,21.5
IDCJAC0016,029063,2014,04,21,22.2
IDCJAC0016,029063,2014,04,22,12.7
IDCJAC0016,029063,2014,04,23,7.4
IDCJAC0016,029063,2014,04,24,9.6
IDCJAC0016,029063,2014,04,25,17.2
IDCJAC0016,029063,2014,04,26,20.5
IDCJAC0016,029063,2014,04,27,19.7
IDCJAC0016,029063,2014,04,28,21.2
IDCJAC0016,029063,2014,04,29,21.2
IDCJAC0016,029063,2014,04,30,21.2
IDCJAC0016,029063,2014,05,01,20.8
IDCJAC0016,029063,2014,05,02,20.7
IDCJAC0016,029063,2014,05,03,20.5
IDCJAC0016,029063,2014,05,04,20.6
IDCJAC0016,029063,2014,05,05,20.5
IDCJAC0016,029063,2014,05,06,21.2
IDCJAC0016,029063,2014,05,07,20.4
IDCJAC0016,029063,2014,05,08,20.8
IDCJAC0016,029063,2014,05,09,19.2
IDCJAC0016,029063,2014,05,10,20.3
IDCJAC0016,029063,2014,05,11,19.7
IDCJAC0016,029063,2014,05,12,19.6
IDCJAC0016,029063,2014,05,13,18.6
IDCJAC0016,029063,2014,05,14,19.1
IDCJAC0016,029063,2014,05,15,19.2
IDCJAC0016,029063,2014,05,16,19.2
IDCJAC0016,029063,2014,05,17,19.3
IDCJAC0016,029063,2014,05,18,19.3
IDCJAC0016,029063,2014,05,19,18.8
IDCJAC0016,029063,2014,05,20,15.6
IDCJAC0016,029063,2014,05,21,19.1
IDCJAC0016,029063,2014,05,22,18.8
IDCJAC0016,029063,2014,05,23,19.1
IDCJAC0016,029063,2014,05,24,19.2
IDCJAC0016,029063,2014,05,25,19.2
IDCJAC0016,029063,2014,05,26,19.1
IDCJAC0016,029063,2014,05,27,18.8
IDCJAC0016,029063,2014,05,28,18.9
IDCJAC0016,029063,2014,05,29,19.2
IDCJAC0016,029063,2014,05,30,17.3
IDCJAC0016,029063,2014,05,31,17.0
IDCJAC0016,029063,2014,06,01,16.9
IDCJAC0016,029063,2014,06,02,18.2
IDCJAC0016,029063,2014,06,03,18.1
IDCJAC0016,029063,2014,06,04,18.0
IDCJAC0016,029063,2014,06,05,18.1
IDCJAC0016,029063,2014,06,06,11.2
IDCJAC0016,029063,2014,06,07,6.7
IDCJAC0016,029063,2014,06,08,17.9
IDCJAC0016,029063,2014,06,09,18.3
IDCJAC0016,029063,2014,06,10,18.2
IDCJAC0016,029063,2014,06,11,16.5
IDCJAC0016,029063,2014,06,12,15.4
IDCJAC0016,029063,2014,06,13,12.6
IDCJAC0016,029063,2014,06,14,14.7
IDCJAC0016,029063,2014,06,15,12.1
IDCJAC0016,029063,2014,06,16,16.4
IDCJAC0016,029063,2014,06,17,17.1
IDCJAC0016,029063,2014,06,18,18.0
IDCJAC0016,029063,2014,06,19,17.9
IDCJAC0016,029063,2014,06,20,17.9
IDCJAC0016,029063,2014,06,21,18.5
IDCJAC0016,029063,2014,06,22,18.7
IDCJAC0016,029063,2014,06,23,18.9
IDCJAC0016,029063,2014,06,24,19.2
IDCJAC0016,029063,2014,06,25,18.6
IDCJAC0016,029063,2014,06,26,18.4
IDCJAC0016,029063,2014,06,27,17.8
IDCJAC0016,029063,2014,06,28,16.7
IDCJAC0016,029063,2014,06,29,19.1
IDCJAC0016,029063,2014,06,30,19.3
IDCJAC0016,029063,2014,07,01,19.2
IDCJAC0016,029063,2014,07,02,19.0
IDCJAC0016,029063,2014,07,03,18.2
IDCJAC0016,029063,2014,07,04,17.6
IDCJAC0016,029063,2014,07,05,18.6
IDCJAC0016,029063,2014,07,06,19.0
IDCJAC0016,029063,2014,07,07,19.3
IDCJAC0016,029063,2014,07,08,19.1
IDCJAC0016,029063,2014,07,09,18.9
IDCJAC0016,029063,2014,07,10,19.4
IDCJAC0016,029063,2014,07,11,19.2
IDCJAC0016,029063,2014,07,12,18.5
IDCJAC0016,029063,2014,07,13,18.2
IDCJAC0016,029063,2014,07,14,8.5
IDCJAC0016,029063,2014,07,15,18.3
IDCJAC0016,029063,2014,07,16,18.5
IDCJAC0016,029063,2014,07,17,18.9
IDCJAC0016,029063,2014,07,18,19.6
IDCJAC0016,029063,2014,07,19,19.6
IDCJAC0016,029063,2014,07,20,19.3
IDCJAC0016,029063,2014,07,21,19.9
IDCJAC0016,029063,2014,07,22,20.1
IDCJAC0016,029063,2014,07,23,19.4
IDCJAC0016,029063,2014,07,24,17.4
IDCJAC0016,029063,2014,07,25,17.2
IDCJAC0016,029063,2014,07,26,18.5
IDCJAC0016,029063,2014,07,27,19.1
IDCJAC0016,029063,2014,07,28,19.2
IDCJAC0016,029063,2014,07,29,19.2
IDCJAC0016,029063,2014,07,30,19.2
IDCJAC0016,029063,2014,07,31,18.9
IDCJAC0016,029063,2014,08,01,19.4
IDCJAC0016,029063,2014,08,02,20.0
IDCJAC0016,029063,2014,08,03,19.9
IDCJAC0016,029063,2014,08,04,19.7
IDCJAC0016,029063,2014,08,05,19.7
IDCJAC0016,029063,2014,08,06,19.6
IDCJAC0016,029063,2014,08,07,19.8
IDCJAC0016,029063,2014,08,08,20.3
IDCJAC0016,029063,2014,08,09,20.5
IDCJAC0016,029063,2014,08,10,20.3
IDCJAC0016,029063,2014,08,11,19.6
IDCJAC0016,029063,2014,08,12,21.0
IDCJAC0016,029063,2014,08,13,21.2
IDCJAC0016,029063,2014,08,14,20.2
IDCJAC0016,029063,2014,08,15,18.4
IDCJAC0016,029063,2014,08,16,21.6
IDCJAC0016,029063,2014,08,17,22.1
IDCJAC0016,029063,2014,08,18,22.3
IDCJAC0016,029063,2014,08,19,21.9
IDCJAC0016,029063,2014,08,20,21.3
IDCJAC0016,029063,2014,08,21,22.6
IDCJAC0016,029063,2014,08,22,22.0
IDCJAC0016,029063,2014,08,23,20.3
IDCJAC0016,029063,2014,08,24,21.8
IDCJAC0016,029063,2014,08,25,22.1
IDCJAC0016,029063,2014,08,26,22.8
IDCJAC0016,029063,2014,08,27,23.4
IDCJAC0016,029063,2014,08,28,23.3
IDCJAC0016,029063,2014,08,29,23.0
IDCJAC0016,029063,2014,08,30,22.3
IDCJAC0016,029063,2014,08,31,22.6
IDCJAC0016,029063,2014,09,01,23.1
IDCJAC0016,029063,2014,09,02,23.7
IDCJAC0016,029063,2014,09,03,23.9
IDCJAC0016,029063,2014,09,04,24.1
IDCJAC0016,029063,2014,09,05,23.6
IDCJAC0016,029063,2014,09,06,23.4
IDCJAC0016,029063,2014,09,07,23.4
IDCJAC0016,029063,2014,09,08,23.1
IDCJAC0016,029063,2014,09,09,23.7
IDCJAC0016,029063,2014,09,10,23.6
IDCJAC0016,029063,2014,09,11,23.8
IDCJAC0016,029063,2014,09,12,24.1
IDCJAC0016,029063,2014,09,13,23.5
IDCJAC0016,029063,2014,09,14,24.2
IDCJAC0016,029063,2014,09,15,23.1
IDCJAC0016,029063,2014,09,16,24.1
IDCJAC0016,029063,2014,09,17,24.4
IDCJAC0016,029063,2014,09,18,25.3
IDCJAC0016,029063,2014,09,19,25.9
IDCJAC0016,029063,2014,09,20,25.0
IDCJAC0016,029063,2014,09,21,24.0
IDCJAC0016,029063,2014,09,22,25.1
IDCJAC0016,029063,2014,09,23,24.2
IDCJAC0016,029063,2014,09,24,23.0
IDCJAC0016,029063,2014,09,25,24.1
IDCJAC0016,029063,2014,09,26,24.6
IDCJAC0016,029063,2014,09,27,24.7
IDCJAC0016,029063,2014,09,28,24.7
IDCJAC0016,029063,2014,09,29,24.9
IDCJAC0016,029063,2014,09,30,25.0
IDCJAC0016,029063,2014,10,01,25.6
IDCJAC0016,029063,2014,10,02,25.7
IDCJAC0016,029063,2014,10,03,25.9
IDCJAC0016,029063,2014,10,04,25.9
IDCJAC0016,029063,2014,10,05,26.0
IDCJAC0016,029063,2014,10,06,25.1
IDCJAC0016,029063,2014,10,07,25.6
IDCJAC0016,029063,2014,10,08,26.2
IDCJAC0016,029063,2014,10,09,26.3
IDCJAC0016,029063,2014,10,10,26.4
IDCJAC0016,029063,2014,10,11,26.5
IDCJAC0016,029063,2014,10,12,26.4
IDCJAC0016,029063,2014,10,13,19.6
IDCJAC0016,029063,2014,10,14,26.7
IDCJAC0016,029063,2014,10,15,24.7
IDCJAC0016,029063,2014,10,16,27.9
IDCJAC0016,029063,2014,10,17,25.3
IDCJAC0016,029063,2014,10,18,28.1
IDCJAC0016,029063,2014,10,19,28.1
IDCJAC0016,029063,2014,10,20,27.0
IDCJAC0016,029063,2014,10,21,28.4
IDCJAC0016,029063,2014,10,22,28.4
IDCJAC0016,029063,2014,10,23,28.3
IDCJAC0016,029063,2014,10,24,28.6
IDCJAC0016,029063,2014,10,25,28.8
IDCJAC0016,029063,2014,10,26,28.4
IDCJAC0016,029063,2014,10,27,28.1
IDCJAC0016,029063,2014,10,28,27.7
IDCJAC0016,029063,2014,10,29,27.7
IDCJAC0016,029063,2014,10,30,27.6
IDCJAC0016,029063,2014,10,31,27.6
IDCJAC0016,029063,2014,11,01,28.1
IDCJAC0016,029063,2014,11,02,27.9
IDCJAC0016,029063,2014,11,03,26.5
IDCJAC0016,029063,2014,11,04,25.1
IDCJAC0016,029063,2014,11,05,27.8
IDCJAC0016,029063,2014,11,06,26.6
IDCJAC0016,029063,2014,11,07,23.3
IDCJAC0016,029063,2014,11,08,26.4
IDCJAC0016,029063,2014,11,09,27.5
IDCJAC0016,029063,2014,11,10,27.0
IDCJAC0016,029063,2014,11,11,28.0
IDCJAC0016,029063,2014,11,12,27.0
IDCJAC0016,029063,2014,11,13,26.9
IDCJAC0016,029063,2014,11,14,27.7
IDCJAC0016,029063,2014,11,15,26.0
IDCJAC0016,029063,2014,11,16,24.7
IDCJAC0016,029063,2014,11,17,26.3
IDCJAC0016,029063,2014,11,18,24.0
IDCJAC0016,029063,2014,11,19,26.8
IDCJAC0016,029063,2014,11,20,25.5
IDCJAC0016,029063,2014,11,21,23.6
IDCJAC0016,029063,2014,11,22,23.4
IDCJAC0016,029063,2014,11,23,9.4
IDCJAC0016,029063,2014,11,24,26.2
IDCJAC0016,029063,2014,11,25,25.4
IDCJAC0016,029063,2014,11,26,24.7
IDCJAC0016,029063,2014,11,27,24.0
IDCJAC0016,029063,2014,11,28,26.7
IDCJAC0016,029063,2014,11,29,23.8
IDCJAC0016,029063,2014,11,30,22.8
IDCJAC0016,029063,2014,12,01,22.2
IDCJAC0016,029063,2014,12,02,19.0
IDCJAC0016,029063,2014,12,03,19.7
IDCJAC0016,029063,2014,12,04,19.4
IDCJAC0016,029063,2014,12,05,21.7
IDCJAC0016,029063,2014,12,06,25.1
IDCJAC0016,029063,2014,12,07,23.9
IDCJAC0016,029063,2014,12,08,27.9
IDCJAC0016,029063,2014,12,09,16.1
IDCJAC0016,029063,2014,12,10,15.1
IDCJAC0016,029063,2014,12,11,21.2
IDCJAC0016,029063,2014,12,12,21.0
IDCJAC0016,029063,2014,12,13,25.2
IDCJAC0016,029063,2014,12,14,28.6
IDCJAC0016,029063,2014,12,15,28.3
IDCJAC0016,029063,2014,12,16,27.2
IDCJAC0016,029063,2014,12,17,29.2
IDCJAC0016,029063,2014,12,18,26.5
IDCJAC0016,029063,2014,12,19,25.9
IDCJAC0016,029063,2014,12,20,22.3
IDCJAC0016,029063,2014,12,21,5.7
IDCJAC0016,029063,2014,12,22,23.8
IDCJAC0016,029063,2014,12,23,26.3
IDCJAC0016,029063,2014,12,24,18.9
IDCJAC0016,029063,2014,12,25,15.1
IDCJAC0016,029063,2014,12,26,17.3
IDCJAC0016,029063,2014,12,27,20.3
IDCJAC0016,029063,2014,12,28,21.3
IDCJAC0016,029063,2014,12,29,21.3
IDCJAC0016,029063,2014,12,30,17.9
IDCJAC0016,029063,2014,12,31,13.1
IDCJAC0016,029063,2015,01,01,18.6
IDCJAC0016,029063,2015,01,02,25.4
IDCJAC0016,029063,2015,01,03,8.3
IDCJAC0016,029063,2015,01,04,19.1
IDCJAC0016,029063,2015,01,05,19.2
IDCJAC0016,029063,2015,01,06,5.2
IDCJAC0016,029063,2015,01,07,14.5
IDCJAC0016,029063,2015,01,08,22.2
IDCJAC0016,029063,2015,01,09,18.0
IDCJAC0016,029063,2015,01,10,13.4
IDCJAC0016,029063,2015,01,11,15.1
IDCJAC0016,029063,2015,01,12,16.1
IDCJAC0016,029063,2015,01,13,22.4
IDCJAC0016,029063,2015,01,14,8.0
IDCJAC0016,029063,2015,01,15,16.7
IDCJAC0016,029063,2015,01,16,9.3
IDCJAC0016,029063,2015,01,17,20.3
IDCJAC0016,029063,2015,01,18,23.9
IDCJAC0016,029063,2015,01,19,23.3
IDCJAC0016,029063,2015,01,20,27.7
IDCJAC0016,029063,2015,01,21,20.3
IDCJAC0016,029063,2015,01,22,12.1
IDCJAC0016,029063,2015,01,23,25.1
IDCJAC0016,029063,2015,01,24,22.8
IDCJAC0016,029063,2015,01,25,22.5
IDCJAC0016,029063,2015,01,26,6.3
IDCJAC0016,029063,2015,01,27,28.6
IDCJAC0016,029063,2015,01,28,29.6
IDCJAC0016,029063,2015,01,29,29.8
IDCJAC0016,029063,2015,01,30,28.8
IDCJAC0016,029063,2015,01,31,28.0
IDCJAC0016,029063,2015,02,01,22.2
IDCJAC0016,029063,2015,02,02,27.4
IDCJAC0016,029063,2015,02,03,30.4
IDCJAC0016,029063,2015,02,04,30.1
IDCJAC0016,029063,2015,02,05,27.6
IDCJAC0016,029063,2015,02,06,25.3
IDCJAC0016,029063,2015,02,07,25.8
IDCJAC0016,029063,2015,02,08,20.4
IDCJAC0016,029063,2015,02,09,15.7
IDCJAC0016,029063,2015,02,10,24.4
IDCJAC0016,029063,2015,02,11,28.5
IDCJAC0016,029063,2015,02,12,27.4
IDCJAC0016,029063,2015,02,13,26.6
IDCJAC0016,029063,2015,02,14,26.2
IDCJAC0016,029063,2015,02,15,20.5
IDCJAC0016,029063,2015,02,16,22.7
IDCJAC0016,029063,2015,02,17,28.5
IDCJAC0016,029063,2015,02,18,27.1
IDCJAC0016,029063,2015,02,19,27.1
IDCJAC0016,029063,2015,02,20,22.8
IDCJAC0016,029063,2015,02,21,25.4
IDCJAC0016,029063,2015,02,22,24.0
IDCJAC0016,029063,2015,02,23,18.7
IDCJAC0016,029063,2015,02,24,3.8
IDCJAC0016,029063,2015,02,25,18.9
IDCJAC0016,029063,2015,02,26,24.8
IDCJAC0016,029063,2015,02,27,19.9
IDCJAC0016,029063,2015,02,28,23.9
IDCJAC0016,029063,2015,03,01,23.9
IDCJAC0016,029063,2015,03,02,22.6
IDCJAC0016,029063,2015,03,03,25.3
IDCJAC0016,029063,2015,03,04,25.5
IDCJAC0016,029063,2015,03,05,26.1
IDCJAC0016,029063,2015,03,06,24.1
IDCJAC0016,029063,2015,03,07,15.1
IDCJAC0016,029063,2015,03,08,21.6
IDCJAC0016,029063,2015,03,09,11.2
IDCJAC0016,029063,2015,03,10,25.9
IDCJAC0016,029063,2015,03,11,21.7
IDCJAC0016,029063,2015,03,12,22.7
IDCJAC0016,029063,2015,03,13,23.8
IDCJAC0016,029063,2015,03,14,26.3
IDCJAC0016,029063,2015,03,15,26.5
IDCJAC0016,029063,2015,03,16,26.5
IDCJAC0016,029063,2015,03,17,23.1
IDCJAC0016,029063,2015,03,18,22.2
IDCJAC0016,029063,2015,03,19,23.2
IDCJAC0016,029063,2015,03,20,23.6
IDCJAC0016,029063,2015,03,21,22.7
IDCJAC0016,029063,2015,03,22,19.6
IDCJAC0016,029063,2015,03,23,23.3
IDCJAC0016,029063,2015,03,24,18.7
IDCJAC0016,029063,2015,03,25,20.7
IDCJAC0016,029063,2015,03,26,21.2
IDCJAC0016,029063,2015,03,27,22.5
IDCJAC0016,029063,2015,03,28,22.8
IDCJAC0016,029063,2015,03,29,24.6
IDCJAC0016,029063,2015,03,30,24.0
IDCJAC0016,029063,2015,03,31,23.7
IDCJAC0016,029063,2015,04,01,23.3
IDCJAC0016,029063,2015,04,02,19.9
IDCJAC0016,029063,2015,04,03,21.8
IDCJAC0016,029063,2015,04,04,22.6
IDCJAC0016,029063,2015,04,05,23.2
IDCJAC0016,029063,2015,04,06,23.4
IDCJAC0016,029063,2015,04,07,23.1
IDCJAC0016,029063,2015,04,08,23.4
IDCJAC0016,029063,2015,04,09,23.5
IDCJAC0016,029063,2015,04,10,21.6
IDCJAC0016,029063,2015,04,11,21.0
IDCJAC0016,029063,2015,04,12,20.3
IDCJAC0016,029063,2015,04,13,18.7
IDCJAC0016,029063,2015,04,14,17.8
IDCJAC0016,029063,2015,04,15,22.7
IDCJAC0016,029063,2015,04,16,22.8
IDCJAC0016,029063,2015,04,17,22.3
IDCJAC0016,029063,2015,04,18,22.2
IDCJAC0016,029063,2015,04,19,21.7
IDCJAC0016,029063,2015,04,20,20.7
IDCJAC0016,029063,2015,04,21,21.5
IDCJAC0016,029063,2015,04,22,22.1
IDCJAC0016,029063,2015,04,23,22.8
IDCJAC0016,029063,2015,04,24,22.6
IDCJAC0016,029063,2015,04,25,22.1
IDCJAC0016,029063,2015,04,26,22.5
IDCJAC0016,029063,2015,04,27,22.6
IDCJAC0016,029063,2015,04,28,22.4
IDCJAC0016,029063,2015,04,29,21.8
IDCJAC0016,029063,2015,04,30,21.9
IDCJAC0016,029063,2015,05,01,22.0
IDCJAC0016,029063,2015,05,02,21.5
IDCJAC0016,029063,2015,05,03,20.9
IDCJAC0016,029063,2015,05,04,20.9
IDCJAC0016,029063,2015,05,05,20.9
IDCJAC0016,029063,2015,05,06,20.7
IDCJAC0016,029063,2015,05,07,21.0
IDCJAC0016,029063,2015,05,08,20.9
IDCJAC0016,029063,2015,05,09,20.5
IDCJAC0016,029063,2015,05,10,20.8
IDCJAC0016,029063,2015,05,11,20.7
IDCJAC0016,029063,2015,05,12,20.5
IDCJAC0016,029063,2015,05,13,20.6
IDCJAC0016,029063,2015,05,14,20.3
IDCJAC0016,029063,2015,05,15,20.3
IDCJAC0016,029063,2015,05,16,17.2
IDCJAC0016,029063,2015,05,17,18.2
IDCJAC0016,029063,2015,05,18,18.9
IDCJAC0016,029063,2015,05,19,18.2
IDCJAC0016,029063,2015,05,20,18.7
IDCJAC0016,029063,2015,05,21,18.8
IDCJAC0016,029063,2015,05,22,18.9
IDCJAC0016,029063,2015,05,23,19.4
IDCJAC0016,029063,2015,05,24,18.9
IDCJAC0016,029063,2015,05,25,18.5
IDCJAC0016,029063,2015,05,26,18.6
IDCJAC0016,029063,2015,05,27,18.4
IDCJAC0016,029063,2015,05,28,18.1
IDCJAC0016,029063,2015,05,29,18.1
IDCJAC0016,029063,2015,05,30,14.3
IDCJAC0016,029063,2015,05,31,13.6
IDCJAC0016,029063,2015,06,01,17.7
IDCJAC0016,029063,2015,06,02,18.0
IDCJAC0016,029063,2015,06,03,18.2
IDCJAC0016,029063,2015,06,04,17.9
IDCJAC0016,029063,2015,06,05,18.6
IDCJAC0016,029063,2015,06,06,19.4
IDCJAC0016,029063,2015,06,07,19.0
IDCJAC0016,029063,2015,06,08,17.8
IDCJAC0016,029063,2015,06,09,17.4
IDCJAC0016,029063,2015,06,10,15.9
IDCJAC0016,029063,2015,06,11,14.2
IDCJAC0016,029063,2015,06,12,16.1
IDCJAC0016,029063,2015,06,13,17.4
IDCJAC0016,029063,2015,06,14,17.6
IDCJAC0016,029063,2015,06,15,16.8
IDCJAC0016,029063,2015,06,16,17.3
IDCJAC0016,029063,2015,06,17,17.3
IDCJAC0016,029063,2015,06,18,17.7
IDCJAC0016,029063,2015,06,19,17.9
IDCJAC0016,029063,2015,06,20,18.3
IDCJAC0016,029063,2015,06,21,17.7
IDCJAC0016,029063,2015,06,22,17.6
IDCJAC0016,029063,2015,06,23,17.5
IDCJAC0016,029063,2015,06,24,17.1
IDCJAC0016,029063,2015,06,25,18.5
IDCJAC0016,029063,2015,06,26,18.5
IDCJAC0016,029063,2015,06,27,18.1
IDCJAC0016,029063,2015,06,28,18.0
IDCJAC0016,029063,2015,06,29,17.5
IDCJAC0016,029063,2015,06,30,15.4
IDCJAC0016,029063,2015,07,01,17.5
IDCJAC0016,029063,2015,07,02,18.2
IDCJAC0016,029063,2015,07,03,18.5
IDCJAC0016,029063,2015,07,04,18.3
IDCJAC0016,029063,2015,07,05,18.4
IDCJAC0016,029063,2015,07,06,18.4
IDCJAC0016,029063,2015,07,07,18.5
IDCJAC0016,029063,2015,07,08,18.4
IDCJAC0016,029063,2015,07,09,17.8
IDCJAC0016,029063,2015,07,10,18.0
IDCJAC0016,029063,2015,07,11,18.7
IDCJAC0016,029063,2015,07,12,19.1
IDCJAC0016,029063,2015,07,13,19.2
IDCJAC0016,029063,2015,07,14,19.4
IDCJAC0016,029063,2015,07,15,19.4
IDCJAC0016,029063,2015,07,16,19.1
IDCJAC0016,029063,2015,07,17,19.3
IDCJAC0016,029063,2015,07,18,19.3
IDCJAC0016,029063,2015,07,19,19.3
IDCJAC0016,029063,2015,07,20,18.7
IDCJAC0016,029063,2015,07,21,18.4
IDCJAC0016,029063,2015,07,22,17.4
IDCJAC0016,029063,2015,07,23,18.0
IDCJAC0016,029063,2015,07,24,17.9
IDCJAC0016,029063,2015,07,25,18.1
IDCJAC0016,029063,2015,07,26,18.3
IDCJAC0016,029063,2015,07,27,18.8
IDCJAC0016,029063,2015,07,28,19.0
IDCJAC0016,029063,2015,07,29,19.3
IDCJAC0016,029063,2015,07,30,19.4
IDCJAC0016,029063,2015,07,31,19.7
IDCJAC0016,029063,2015,08,01,19.9
IDCJAC0016,029063,2015,08,02,19.9
IDCJAC0016,029063,2015,08,03,20.3
IDCJAC0016,029063,2015,08,04,20.5
IDCJAC0016,029063,2015,08,05,20.8
IDCJAC0016,029063,2015,08,06,20.9
IDCJAC0016,029063,2015,08,07,21.4
IDCJAC0016,029063,2015,08,08,21.0
IDCJAC0016,029063,2015,08,09,21.0
IDCJAC0016,029063,2015,08,10,20.8
IDCJAC0016,029063,2015,08,11,20.5
IDCJAC0016,029063,2015,08,12,19.8
IDCJAC0016,029063,2015,08,13,21.6
IDCJAC0016,029063,2015,08,14,21.4
IDCJAC0016,029063,2015,08,15,21.8
IDCJAC0016,029063,2015,08,16,21.6
IDCJAC0016,029063,2015,08,17,21.9
IDCJAC0016,029063,2015,08,18,22.2
IDCJAC0016,029063,2015,08,19,21.2
IDCJAC0016,029063,2015,08,20,19.6
IDCJAC0016,029063,2015,08,21,21.3
IDCJAC0016,029063,2015,08,22,21.4
IDCJAC0016,029063,2015,08,23,21.1
IDCJAC0016,029063,2015,08,24,20.9
IDCJAC0016,029063,2015,08,25,20.8
IDCJAC0016,029063,2015,08,26,21.1
IDCJAC0016,029063,2015,08,27,20.9
IDCJAC0016,029063,2015,08,28,21.0
IDCJAC0016,029063,2015,08,29,21.5
IDCJAC0016,029063,2015,08,30,22.4
IDCJAC0016,029063,2015,08,31,23.5
IDCJAC0016,029063,2015,09,01,23.8
IDCJAC0016,029063,2015,09,02,22.7
IDCJAC0016,029063,2015,09,03,23.1
IDCJAC0016,029063,2015,09,04,24.0
IDCJAC0016,029063,2015,09,05,24.6
IDCJAC0016,029063,2015,09,06,24.5
IDCJAC0016,029063,2015,09,07,22.7
IDCJAC0016,029063,2015,09,08,22.7
IDCJAC0016,029063,2015,09,09,23.7
IDCJAC0016,029063,2015,09,10,23.0
IDCJAC0016,029063,2015,09,11,24.4
IDCJAC0016,029063,2015,09,12,24.3
IDCJAC0016,029063,2015,09,13,23.3
IDCJAC0016,029063,2015,09,14,22.5
IDCJAC0016,029063,2015,09,15,22.4
IDCJAC0016,029063,2015,09,16,22.0
IDCJAC0016,029063,2015,09,17,23.7
IDCJAC0016,029063,2015,09,18,25.9
IDCJAC0016,029063,2015,09,19,25.3
IDCJAC0016,029063,2015,09,20,26.1
IDCJAC0016,029063,2015,09,21,24.8
IDCJAC0016,029063,2015,09,22,22.1
IDCJAC0016,029063,2015,09,23,22.4
IDCJAC0016,029063,2015,09,24,21.0
IDCJAC0016,029063,2015,09,25,25.4
IDCJAC0016,029063,2015,09,26,23.6
IDCJAC0016,029063,2015,09,27,21.3
IDCJAC0016,029063,2015,09,28,15.8
IDCJAC0016,029063,2015,09,29,23.5
IDCJAC0016,029063,2015,09,30,23.6
IDCJAC0016,029063,2015,10,01,24.2
IDCJAC0016,029063,2015,10,02,26.0
IDCJAC0016,029063,2015,10,03,26.0
IDCJAC0016,029063,2015,10,04,24.1
IDCJAC0016,029063,2015,10,05,25.9
IDCJAC0016,029063,2015,10,06,24.9
IDCJAC0016,029063,2015,10,07,25.5
IDCJAC0016,029063,2015,10,08,26.6
IDCJAC0016,029063,2015,10,09,25.8
IDCJAC0016,029063,2015,10,10,25.4
IDCJAC0016,029063,2015,10,11,25.6
IDCJAC0016,029063,2015,10,12,23.0
IDCJAC0016,029063,2015,10,13,24.6
IDCJAC0016,029063,2015,10,14,26.9
IDCJAC0016,029063,2015,10,15,26.5
IDCJAC0016,029063,2015,10,16,26.5
IDCJAC0016,029063,2015,10,17,26.8
IDCJAC0016,029063,2015,10,18,27.3
IDCJAC0016,029063,2015,10,19,27.6
IDCJAC0016,029063,2015,10,20,26.1
IDCJAC0016,029063,2015,10,21,26.3
IDCJAC0016,029063,2015,10,22,26.2
IDCJAC0016,029063,2015,10,23,27.6
IDCJAC0016,029063,2015,10,24,28.4
IDCJAC0016,029063,2015,10,25,27.3
IDCJAC0016,029063,2015,10,26,26.9
IDCJAC0016,029063,2015,10,27,23.7
IDCJAC0016,029063,2015,10,28,27.2
IDCJAC0016,029063,2015,10,29,27.0
IDCJAC0016,029063,2015,10,30,23.6
IDCJAC0016,029063,2015,10,31,26.9
IDCJAC0016,029063,2015,11,01,27.4
IDCJAC0016,029063,2015,11,02,24.6
IDCJAC0016,029063,2015,11,03,26.6
IDCJAC0016,029063,2015,11,04,26.9
IDCJAC0016,029063,2015,11,05,17.6
IDCJAC0016,029063,2015,11,06,27.7
IDCJAC0016,029063,2015,11,07,26.7
IDCJAC0016,029063,2015,11,08,28.7
IDCJAC0016,029063,2015,11,09,28.1
IDCJAC0016,029063,2015,11,10,28.3
IDCJAC0016,029063,2015,11,11,27.6
IDCJAC0016,029063,2015,11,12,26.5
IDCJAC0016,029063,2015,11,13,18.2
IDCJAC0016,029063,2015,11,14,27.8
IDCJAC0016,029063,2015,11,15,28.6
IDCJAC0016,029063,2015,11,16,30.4
IDCJAC0016,029063,2015,11,17,31.4
IDCJAC0016,029063,2015,11,18,28.5
IDCJAC0016,029063,2015,11,19,28.0
IDCJAC0016,029063,2015,11,20,30.6
IDCJAC0016,029063,2015,11,21,29.7
IDCJAC0016,029063,2015,11,22,25.6
IDCJAC0016,029063,2015,11,23,25.4
IDCJAC0016,029063,2015,11,24,27.4
IDCJAC0016,029063,2015,11,25,25.3
IDCJAC0016,029063,2015,11,26,28.1
IDCJAC0016,029063,2015,11,27,21.3
IDCJAC0016,029063,2015,11,28,27.3
IDCJAC0016,029063,2015,11,29,21.1
IDCJAC0016,029063,2015,11,30,26.2
IDCJAC0016,029063,2015,12,01,15.5
IDCJAC0016,029063,2015,12,02,27.5
IDCJAC0016,029063,2015,12,03,20.9
IDCJAC0016,029063,2015,12,04,28.4
IDCJAC0016,029063,2015,12,05,27.0
IDCJAC0016,029063,2015,12,06,25.0
IDCJAC0016,029063,2015,12,07,21.2
IDCJAC0016,029063,2015,12,08,27.5
IDCJAC0016,029063,2015,12,09,28.4
IDCJAC0016,029063,2015,12,10,25.7
IDCJAC0016,029063,2015,12,11,26.4
IDCJAC0016,029063,2015,12,12,20.1
IDCJAC0016,029063,2015,12,13,23.6
IDCJAC0016,029063,2015,12,14,21.7
IDCJAC0016,029063,2015,12,15,21.7
IDCJAC0016,029063,2015,12,16,16.1
IDCJAC0016,029063,2015,12,17,6.3
IDCJAC0016,029063,2015,12,18,5.6
IDCJAC0016,029063,2015,12,19,19.9
IDCJAC0016,029063,2015,12,20,23.7
IDCJAC0016,029063,2015,12,21,16.5
IDCJAC0016,029063,2015,12,22,22.6
IDCJAC0016,029063,2015,12,23,19.6
IDCJAC0016,029063,2015,12,24,11.9
IDCJAC0016,029063,2015,12,25,9.5
IDCJAC0016,029063,2015,12,26,10.3
IDCJAC0016,029063,2015,12,27,4.0
IDCJAC0016,029063,2015,12,28,6.7
IDCJAC0016,029063,2015,12,29,22.1
IDCJAC0016,029063,2015,12,30,11.1
IDCJAC0016,029063,2015,12,31,16.1
IDCJAC0016,029063,2016,01,01,7.8
IDCJAC0016,029063,2016,01,02,28.2
IDCJAC0016,029063,2016,01,03,22.1
IDCJAC0016,029063,2016,01,04,29.7
IDCJAC0016,029063,2016,01,05,28.2
IDCJAC0016,029063,2016,01,06,29.8
IDCJAC0016,029063,2016,01,07,26.5
IDCJAC0016,029063,2016,01,08,29.1
IDCJAC0016,029063,2016,01,09,25.1
IDCJAC0016,029063,2016,01,10,22.4
IDCJAC0016,029063,2016,01,11,20.7
IDCJAC0016,029063,2016,01,12,24.5
IDCJAC0016,029063,2016,01,13,20.9
IDCJAC0016,029063,2016,01,14,22.3
IDCJAC0016,029063,2016,01,15,25.7
IDCJAC0016,029063,2016,01,16,21.1
IDCJAC0016,029063,2016,01,17,19.7
IDCJAC0016,029063,2016,01,18,27.0
IDCJAC0016,029063,2016,01,19,24.4
IDCJAC0016,029063,2016,01,20,20.8
IDCJAC0016,029063,2016,01,21,13.5
IDCJAC0016,029063,2016,01,22,17.9
IDCJAC0016,029063,2016,01,23,25.6
IDCJAC0016,029063,2016,01,24,11.9
IDCJAC0016,029063,2016,01,25,12.4
IDCJAC0016,029063,2016,01,26,24.5
IDCJAC0016,029063,2016,01,27,20.5
IDCJAC0016,029063,2016,01,28,8.9
IDCJAC0016,029063,2016,01,29,9.1
IDCJAC0016,029063,2016,01,30,19.8
IDCJAC0016,029063,2016,01,31,13.4
IDCJAC0016,029063,2016,02,01,22.1
IDCJAC0016,029063,2016,02,02,15.0
IDCJAC0016,029063,2016,02,03,11.9
IDCJAC0016,029063,2016,02,04,3.0
IDCJAC0016,029063,2016,02,05,24.1
IDCJAC0016,029063,2016,02,06,27.8
IDCJAC0016,029063,2016,02,07,26.5
IDCJAC0016,029063,2016,02,08,17.1
IDCJAC0016,029063,2016,02,09,20.6
IDCJAC0016,029063,2016,02,10,13.3
IDCJAC0016,029063,2016,02,11,24.0
IDCJAC0016,029063,2016,02,12,26.3
IDCJAC0016,029063,2016,02,13,26.1
IDCJAC0016,029063,2016,02,14,25.8
IDCJAC0016,029063,2016,02,15,26.2
IDCJAC0016,029063,2016,02,16,26.9
IDCJAC0016,029063,2016,02,17,22.5
IDCJAC0016,029063,2016,02,18,25.1
IDCJAC0016,029063,2016,02,19,22.0
IDCJAC0016,029063,2016,02,20,27.7
IDCJAC0016,029063,2016,02,21,27.0
IDCJAC0016,029063,2016,02,22,17.1
IDCJAC0016,029063,2016,02,23,26.0
IDCJAC0016,029063,2016,02,24,22.9
IDCJAC0016,029063,2016,02,25,20.5
IDCJAC0016,029063,2016,02,26,23.9
IDCJAC0016,029063,2016,02,27,24.7
IDCJAC0016,029063,2016,02,28,26.7
IDCJAC0016,029063,2016,02,29,26.0
IDCJAC0016,029063,2016,03,01,24.2
IDCJAC0016,029063,2016,03,02,14.8
IDCJAC0016,029063,2016,03,03,15.7
IDCJAC0016,029063,2016,03,04,11.3
IDCJAC0016,029063,2016,03,05,19.8
IDCJAC0016,029063,2016,03,06,21.3
IDCJAC0016,029063,2016,03,07,18.5
IDCJAC0016,029063,2016,03,08,16.5
IDCJAC0016,029063,2016,03,09,6.0
IDCJAC0016,029063,2016,03,10,14.2
IDCJAC0016,029063,2016,03,11,7.8
IDCJAC0016,029063,2016,03,12,15.4
IDCJAC0016,029063,2016,03,13,13.6
IDCJAC0016,029063,2016,03,14,11.4
IDCJAC0016,029063,2016,03,15,10.0
IDCJAC0016,029063,2016,03,16,6.6
IDCJAC0016,029063,2016,03,17,14.8
IDCJAC0016,029063,2016,03,18,24.4
IDCJAC0016,029063,2016,03,19,24.7
IDCJAC0016,029063,2016,03,20,25.0
IDCJAC0016,029063,2016,03,21,25.7
IDCJAC0016,029063,2016,03,22,25.8
IDCJAC0016,029063,2016,03,23,25.6
IDCJAC0016,029063,2016,03,24,23.9
IDCJAC0016,029063,2016,03,25,24.0
IDCJAC0016,029063,2016,03,26,24.6
IDCJAC0016,029063,2016,03,27,15.7
IDCJAC0016,029063,2016,03,28,23.0
IDCJAC0016,029063,2016,03,29,20.1
IDCJAC0016,029063,2016,03,30,18.9
IDCJAC0016,029063,2016,03,31,23.0
IDCJAC0016,029063,2016,04,01,24.2
IDCJAC0016,029063,2016,04,02,23.9
IDCJAC0016,029063,2016,04,03,23.6
IDCJAC0016,029063,2016,04,04,23.8
IDCJAC0016,029063,2016,04,05,23.8
IDCJAC0016,029063,2016,04,06,23.8
IDCJAC0016,029063,2016,04,07,23.8
IDCJAC0016,029063,2016,04,08,21.4
IDCJAC0016,029063,2016,04,09,23.1
IDCJAC0016,029063,2016,04,10,23.0
IDCJAC0016,029063,2016,04,11,22.7
IDCJAC0016,029063,2016,04,12,23.0
IDCJAC0016,029063,2016,04,13,21.8
IDCJAC0016,029063,2016,04,14,22.6
IDCJAC0016,029063,2016,04,15,22.4
IDCJAC0016,029063,2016,04,16,21.0
IDCJAC0016,029063,2016,04,17,22.5
IDCJAC0016,029063,2016,04,18,22.4
IDCJAC0016,029063,2016,04,19,20.4
IDCJAC0016,029063,2016,04,20,22.2
IDCJAC0016,029063,2016,04,21,22.0
IDCJAC0016,029063,2016,04,22,21.9
IDCJAC0016,029063,2016,04,23,21.7
IDCJAC0016,029063,2016,04,24,20.8
IDCJAC0016,029063,2016,04,25,21.5
IDCJAC0016,029063,2016,04,26,21.3
IDCJAC0016,029063,2016,04,27,21.4
IDCJAC0016,029063,2016,04,28,21.3
IDCJAC0016,029063,2016,04,29,21.2
IDCJAC0016,029063,2016,04,30,20.7
IDCJAC0016,029063,2016,05,01,20.9
IDCJAC0016,029063,2016,05,02,20.3
IDCJAC0016,029063,2016,05,03,19.8
IDCJAC0016,029063,2016,05,04,20.1
IDCJAC0016,029063,2016,05,05,20.4
IDCJAC0016,029063,2016,05,06,20.4
IDCJAC0016,029063,2016,05,07,20.2
IDCJAC0016,029063,2016,05,08,19.8
IDCJAC0016,029063,2016,05,09,16.4
IDCJAC0016,029063,2016,05,10,13.3
IDCJAC0016,029063,2016,05,11,15.4
IDCJAC0016,029063,2016,05,12,19.9
IDCJAC0016,029063,2016,05,13,19.8
IDCJAC0016,029063,2016,05,14,19.8
IDCJAC0016,029063,2016,05,15,19.7
IDCJAC0016,029063,2016,05,16,19.4
IDCJAC0016,029063,2016,05,17,19.2
IDCJAC0016,029063,2016,05,18,19.2
IDCJAC0016,029063,2016,05,19,19.1
IDCJAC0016,029063,2016,05,20,19.1
IDCJAC0016,029063,2016,05,21,7.3
IDCJAC0016,029063,2016,05,22,9.2
IDCJAC0016,029063,2016,05,23,13.0
IDCJAC0016,029063,2016,05,24,8.7
IDCJAC0016,029063,2016,05,25,17.1
IDCJAC0016,029063,2016,05,26,11.0
IDCJAC0016,029063,2016,05,27,18.8
IDCJAC0016,029063,2016,05,28,18.8
IDCJAC0016,029063,2016,05,29,18.7
IDCJAC0016,029063,2016,05,30,18.7
IDCJAC0016,029063,2016,05,31,18.6
IDCJAC0016,029063,2016,06,01,18.1
IDCJAC0016,029063,2016,06,02,18.5
IDCJAC0016,029063,2016,06,03,18.2
IDCJAC0016,029063,2016,06,04,18.4
IDCJAC0016,029063,2016,06,05,18.4
IDCJAC0016,029063,2016,06,06,18.4
IDCJAC0016,029063,2016,06,07,18.4
IDCJAC0016,029063,2016,06,08,18.3
IDCJAC0016,029063,2016,06,09,18.3
IDCJAC0016,029063,2016,06,10,18.3
IDCJAC0016,029063,2016,06,11,18.3
IDCJAC0016,029063,2016,06,12,17.6
IDCJAC0016,029063,2016,06,13,18.2
IDCJAC0016,029063,2016,06,14,17.3
IDCJAC0016,029063,2016,06,15,18.1
IDCJAC0016,029063,2016,06,16,18.0
IDCJAC0016,029063,2016,06,17,18.1
IDCJAC0016,029063,2016,06,18,16.9
IDCJAC0016,029063,2016,06,19,18.2
IDCJAC0016,029063,2016,06,20,18.2
IDCJAC0016,029063,2016,06,21,18.2
IDCJAC0016,029063,2016,06,22,18.2
IDCJAC0016,029063,2016,06,23,18.2
IDCJAC0016,029063,2016,06,24,18.0
IDCJAC0016,029063,2016,06,25,17.9
IDCJAC0016,029063,2016,06,26,18.0
IDCJAC0016,029063,2016,06,27,18.2
IDCJAC0016,029063,2016,06,28,18.2
IDCJAC0016,029063,2016,06,29,18.2
IDCJAC0016,029063,2016,06,30,18.2
IDCJAC0016,029063,2016,07,01,18.1
IDCJAC0016,029063,2016,07,02,18.1
IDCJAC0016,029063,2016,07,03,17.0
IDCJAC0016,029063,2016,07,04,16.5
IDCJAC0016,029063,2016,07,05,18.2
IDCJAC0016,029063,2016,07,06,18.2
IDCJAC0016,029063,2016,07,07,18.3
IDCJAC0016,029063,2016,07,08,18.2
IDCJAC0016,029063,2016,07,09,18.3
IDCJAC0016,029063,2016,07,10,18.3
IDCJAC0016,029063,2016,07,11,18.4
IDCJAC0016,029063,2016,07,12,18.3
IDCJAC0016,029063,2016,07,13,17.1
IDCJAC0016,029063,2016,07,14,6.0
IDCJAC0016,029063,2016,07,15,12.1
IDCJAC0016,029063,2016,07,16,15.8
IDCJAC0016,029063,2016,07,17,17.0
IDCJAC0016,029063,2016,07,18,11.2
IDCJAC0016,029063,2016,07,19,12.8
IDCJAC0016,029063,2016,07,20,16.5
IDCJAC0016,029063,2016,07,21,17.4
IDCJAC0016,029063,2016,07,22,18.5
IDCJAC0016,029063,2016,07,23,18.0
IDCJAC0016,029063,2016,07,24,19.0
IDCJAC0016,029063,2016,07,25,19.4
IDCJAC0016,029063,2016,07,26,19.4
IDCJAC0016,029063,2016,07,27,19.5
IDCJAC0016,029063,2016,07,28,19.6
IDCJAC0016,029063,2016,07,29,19.6
IDCJAC0016,029063,2016,07,30,19.7
IDCJAC0016,029063,2016,07,31,19.7
IDCJAC0016,029063,2016,08,01,19.8
IDCJAC0016,029063,2016,08,02,19.9
IDCJAC0016,029063,2016,08,03,20.0
IDCJAC0016,029063,2016,08,04,20.1
IDCJAC0016,029063,2016,08,05,20.1
IDCJAC0016,029063,2016,08,06,20.2
IDCJAC0016,029063,2016,08,07,19.8
IDCJAC0016,029063,2016,08,08,20.1
IDCJAC0016,029063,2016,08,09,19.1
IDCJAC0016,029063,2016,08,10,18.5
IDCJAC0016,029063,2016,08,11,20.5
IDCJAC0016,029063,2016,08,12,20.2
IDCJAC0016,029063,2016,08,13,20.1
IDCJAC0016,029063,2016,08,14,20.8
IDCJAC0016,029063,2016,08,15,20.9
IDCJAC0016,029063,2016,08,16,20.9
IDCJAC0016,029063,2016,08,17,20.6
IDCJAC0016,029063,2016,08,18,18.1
IDCJAC0016,029063,2016,08,19,16.6
IDCJAC0016,029063,2016,08,20,21.0
IDCJAC0016,029063,2016,08,21,20.6
IDCJAC0016,029063,2016,08,22,21.2
IDCJAC0016,029063,2016,08,23,21.5
IDCJAC0016,029063,2016,08,24,17.8
IDCJAC0016,029063,2016,08,25,21.8
IDCJAC0016,029063,2016,08,26,22.0
IDCJAC0016,029063,2016,08,27,22.1
IDCJAC0016,029063,2016,08,28,22.0
IDCJAC0016,029063,2016,08,29,21.7
IDCJAC0016,029063,2016,08,30,22.3
IDCJAC0016,029063,2016,08,31,22.3
IDCJAC0016,029063,2016,09,01,22.8
IDCJAC0016,029063,2016,09,02,20.2
IDCJAC0016,029063,2016,09,03,21.8
IDCJAC0016,029063,2016,09,04,22.8
IDCJAC0016,029063,2016,09,05,21.9
IDCJAC0016,029063,2016,09,06,22.5
IDCJAC0016,029063,2016,09,07,21.7
IDCJAC0016,029063,2016,09,08,23.1
IDCJAC0016,029063,2016,09,09,22.9
IDCJAC0016,029063,2016,09,10,22.4
IDCJAC0016,029063,2016,09,11,21.9
IDCJAC0016,029063,2016,09,12,23.2
IDCJAC0016,029063,2016,09,13,22.1
IDCJAC0016,029063,2016,09,14,23.5
IDCJAC0016,029063,2016,09,15,22.8
IDCJAC0016,029063,2016,09,16,19.0
IDCJAC0016,029063,2016,09,17,23.8
IDCJAC0016,029063,2016,09,18,21.3
IDCJAC0016,029063,2016,09,19,15.4
IDCJAC0016,029063,2016,09,20,20.2
IDCJAC0016,029063,2016,09,21,15.5
IDCJAC0016,029063,2016,09,22,24.6
IDCJAC0016,029063,2016,09,23,24.8
IDCJAC0016,029063,2016,09,24,24.9
IDCJAC0016,029063,2016,09,25,25.0
IDCJAC0016,029063,2016,09,26,25.0
IDCJAC0016,029063,2016,09,27,24.8
IDCJAC0016,029063,2016,09,28,25.0
IDCJAC0016,029063,2016,09,29,17.8
IDCJAC0016,029063,2016,09,30,25.2
IDCJAC0016,029063,2016,10,01,25.8
IDCJAC0016,029063,2016,10,02,25.9
IDCJAC0016,029063,2016,10,03,11.9
IDCJAC0016,029063,2016,10,04,25.5
IDCJAC0016,029063,2016,10,05,26.3
IDCJAC0016,029063,2016,10,06,26.3
IDCJAC0016,029063,2016,10,07,26.4
IDCJAC0016,029063,2016,10,08,26.4
IDCJAC0016,029063,2016,10,09,26.5
IDCJAC0016,029063,2016,10,10,26.6
IDCJAC0016,029063,2016,10,11,26.7
IDCJAC0016,029063,2016,10,12,26.7
IDCJAC0016,029063,2016,10,13,26.8
IDCJAC0016,029063,2016,10,14,26.9
IDCJAC0016,029063,2016,10,15,26.2
IDCJAC0016,029063,2016,10,16,26.0
IDCJAC0016,029063,2016,10,17,11.2
IDCJAC0016,029063,2016,10,18,27.2
IDCJAC0016,029063,2016,10,19,27.1
IDCJAC0016,029063,2016,10,20,27.2
IDCJAC0016,029063,2016,10,21,27.1
IDCJAC0016,029063,2016,10,22,25.6
IDCJAC0016,029063,2016,10,23,14.4
IDCJAC0016,029063,2016,10,24,26.6
IDCJAC0016,029063,2016,10,25,25.2
IDCJAC0016,029063,2016,10,26,22.6
IDCJAC0016,029063,2016,10,27,26.5
IDCJAC0016,029063,2016,10,28,27.6
IDCJAC0016,029063,2016,10,29,27.5
IDCJAC0016,029063,2016,10,30,27.6
IDCJAC0016,029063,2016,10,31,27.6
IDCJAC0016,029063,2016,11,01,26.5
IDCJAC0016,029063,2016,11,02,28.3
IDCJAC0016,029063,2016,11,03,27.8
IDCJAC0016,029063,2016,11,04,28.2
IDCJAC0016,029063,2016,11,05,27.2
IDCJAC0016,029063,2016,11,06,19.0
IDCJAC0016,029063,2016,11,07,21.5
IDCJAC0016,029063,2016,11,08,28.9
IDCJAC0016,029063,2016,11,09,27.8
IDCJAC0016,029063,2016,11,10,28.8
IDCJAC0016,029063,2016,11,11,28.8
IDCJAC0016,029063,2016,11,12,28.1
IDCJAC0016,029063,2016,11,13,14.5
IDCJAC0016,029063,2016,11,14,29.1
IDCJAC0016,029063,2016,11,15,29.2
IDCJAC0016,029063,2016,11,16,28.9
IDCJAC0016,029063,2016,11,17,29.1
IDCJAC0016,029063,2016,11,18,29.0
IDCJAC0016,029063,2016,11,19,27.6
IDCJAC0016,029063,2016,11,20,26.3
IDCJAC0016,029063,2016,11,21,24.0
IDCJAC0016,029063,2016,11,22,25.5
IDCJAC0016,029063,2016,11,23,27.0
IDCJAC0016,029063,2016,11,24,23.7
IDCJAC0016,029063,2016,11,25,27.4
IDCJAC0016,029063,2016,11,26,27.0
IDCJAC0016,029063,2016,11,27,23.5
IDCJAC0016,029063,2016,11,28,19.1
IDCJAC0016,029063,2016,11,29,26.8
IDCJAC0016,029063,2016,11,30,27.7
IDCJAC0016,029063,2016,12,01,29.4
IDCJAC0016,029063,2016,12,02,27.1
IDCJAC0016,029063,2016,12,03,28.9
IDCJAC0016,029063,2016,12,04,29.7
IDCJAC0016,029063,2016,12,05,29.7
IDCJAC0016,029063,2016,12,06,29.7
IDCJAC0016,029063,2016,12,07,28.0
IDCJAC0016,029063,2016,12,08,29.4
IDCJAC0016,029063,2016,12,09,28.6
IDCJAC0016,029063,2016,12,10,27.8
IDCJAC0016,029063,2016,12,11,26.8
IDCJAC0016,029063,2016,12,12,22.1
IDCJAC0016,029063,2016,12,13,28.8
IDCJAC0016,029063,2016,12,14,25.6
IDCJAC0016,029063,2016,12,15,22.1
IDCJAC0016,029063,2016,12,16,6.6
IDCJAC0016,029063,2016,12,17,26.4
IDCJAC0016,029063,2016,12,18,23.2
IDCJAC0016,029063,2016,12,19,17.3
IDCJAC0016,029063,2016,12,20,29.1
IDCJAC0016,029063,2016,12,21,29.3
IDCJAC0016,029063,2016,12,22,22.5
IDCJAC0016,029063,2016,12,23,25.1
IDCJAC0016,029063,2016,12,24,17.9
IDCJAC0016,029063,2016,12,25,12.5
IDCJAC0016,029063,2016,12,26,23.0
IDCJAC0016,029063,2016,12,27,16.0
IDCJAC0016,029063,2016,12,28,22.5
IDCJAC0016,029063,2016,12,29,21.3
IDCJAC0016,029063,2016,12,30,28.2
IDCJAC0016,029063,2016,12,31,29.1
IDCJAC0016,029063,2017,01,01,22.5
IDCJAC0016,029063,2017,01,02,24.7
IDCJAC0016,029063,2017,01,03,15.1
IDCJAC0016,029063,2017,01,04,8.7
IDCJAC0016,029063,2017,01,05,4.9
IDCJAC0016,029063,2017,01,06,5.9
IDCJAC0016,029063,2017,01,07,20.4
IDCJAC0016,029063,2017,01,08,16.2
IDCJAC0016,029063,2017,01,09,18.2
IDCJAC0016,029063,2017,01,10,27.8
IDCJAC0016,029063,2017,01,11,19.1
IDCJAC0016,029063,2017,01,12,22.0
IDCJAC0016,029063,2017,01,13,19.3
IDCJAC0016,029063,2017,01,14,28.5
IDCJAC0016,029063,2017,01,15,1.8
IDCJAC0016,029063,2017,01,16,21.6
IDCJAC0016,029063,2017,01,17,29.2
IDCJAC0016,029063,2017,01,18,20.1
IDCJAC0016,029063,2017,01,19,23.2
IDCJAC0016,029063,2017,01,20,26.1
IDCJAC0016,029063,2017,01,21,28.8
IDCJAC0016,029063,2017,01,22,24.7
IDCJAC0016,029063,2017,01,23,28.8
IDCJAC0016,029063,2017,01,24,25.3
IDCJAC0016,029063,2017,01,25,25.1
IDCJAC0016,029063,2017,01,26,28.4
IDCJAC0016,029063,2017,01,27,23.6
IDCJAC0016,029063,2017,01,28,17.5
IDCJAC0016,029063,2017,01,29,25.1
IDCJAC0016,029063,2017,01,30,24.7
IDCJAC0016,029063,2017,01,31,24.9
IDCJAC0016,029063,2017,02,01,22.3
IDCJAC0016,029063,2017,02,02,27.8
IDCJAC0016,029063,2017,02,03,26.6
IDCJAC0016,029063,2017,02,04,28.5
IDCJAC0016,029063,2017,02,05,22.3
IDCJAC0016,029063,2017,02,06,22.3
IDCJAC0016,029063,2017,02,07,21.7
IDCJAC0016,029063,2017,02,08,28.7
IDCJAC0016,029063,2017,02,09,28.9
IDCJAC0016,029063,2017,02,10,28.6
IDCJAC0016,029063,2017,02,11,25.7
IDCJAC0016,029063,2017,02,12,26.1
IDCJAC0016,029063,2017,02,13,28.0
IDCJAC0016,029063,2017,02,14,4.9
IDCJAC0016,029063,2017,02,15,9.9
IDCJAC0016,029063,2017,02,16,24.0
IDCJAC0016,029063,2017,02,17,9.4
IDCJAC0016,029063,2017,02,18,9.6
IDCJAC0016,029063,2017,02,19,1.7
IDCJAC0016,029063,2017,02,20,6.0
IDCJAC0016,029063,2017,02,21,12.2
IDCJAC0016,029063,2017,02,22,19.7
IDCJAC0016,029063,2017,02,23,22.3
IDCJAC0016,029063,2017,02,24,27.3
IDCJAC0016,029063,2017,02,25,27.7
IDCJAC0016,029063,2017,02,26,27.4
IDCJAC0016,029063,2017,02,27,27.8
IDCJAC0016,029063,2017,02,28,27.7
IDCJAC0016,029063,2017,03,01,27.5
IDCJAC0016,029063,2017,03,02,27.3
IDCJAC0016,029063,2017,03,03,21.3
IDCJAC0016,029063,2017,03,04,23.9
IDCJAC0016,029063,2017,03,05,11.7
IDCJAC0016,029063,2017,03,06,23.2
IDCJAC0016,029063,2017,03,07,24.6
IDCJAC0016,029063,2017,03,08,25.6
IDCJAC0016,029063,2017,03,09,20.4
IDCJAC0016,029063,2017,03,10,25.7
IDCJAC0016,029063,2017,03,11,24.5
IDCJAC0016,029063,2017,03,12,22.8
IDCJAC0016,029063,2017,03,13,25.2
IDCJAC0016,029063,2017,03,14,26.0
IDCJAC0016,029063,2017,03,15,25.8
IDCJAC0016,029063,2017,03,16,24.0
IDCJAC0016,029063,2017,03,17,23.9
IDCJAC0016,029063,2017,03,18,21.9
IDCJAC0016,029063,2017,03,19,17.4
IDCJAC0016,029063,2017,03,20,24.5
IDCJAC0016,029063,2017,03,21,23.8
IDCJAC0016,029063,2017,03,22,24.1
IDCJAC0016,029063,2017,03,23,25.0
IDCJAC0016,029063,2017,03,24,22.0
IDCJAC0016,029063,2017,03,25,24.8
IDCJAC0016,029063,2017,03,26,21.3
IDCJAC0016,029063,2017,03,27,24.7
IDCJAC0016,029063,2017,03,28,24.8
IDCJAC0016,029063,2017,03,29,24.3
IDCJAC0016,029063,2017,03,30,18.7
IDCJAC0016,029063,2017,03,31,20.6
IDCJAC0016,029063,2017,04,01,24.3
IDCJAC0016,029063,2017,04,02,23.7
IDCJAC0016,029063,2017,04,03,23.9
IDCJAC0016,029063,2017,04,04,22.8
IDCJAC0016,029063,2017,04,05,23.0
IDCJAC0016,029063,2017,04,06,23.7
IDCJAC0016,029063,2017,04,07,23.5
IDCJAC0016,029063,2017,04,08,23.4
IDCJAC0016,029063,2017,04,09,22.2
IDCJAC0016,029063,2017,04,10,23.1
IDCJAC0016,029063,2017,04,11,22.9
IDCJAC0016,029063,2017,04,12,21.1
IDCJAC0016,029063,2017,04,13,21.6
IDCJAC0016,029063,2017,04,14,22.7
IDCJAC0016,029063,2017,04,15,22.2
IDCJAC0016,029063,2017,04,16,22.0
IDCJAC0016,029063,2017,04,17,22.2
IDCJAC0016,029063,2017,04,18,21.6
IDCJAC0016,029063,2017,04,19,22.0
IDCJAC0016,029063,2017,04,20,21.9
IDCJAC0016,029063,2017,04,21,20.9
IDCJAC0016,029063,2017,04,22,21.2
IDCJAC0016,029063,2017,04,23,21.5
IDCJAC0016,029063,2017,04,24,21.4
IDCJAC0016,029063,2017,04,25,21.1
IDCJAC0016,029063,2017,04,26,13.3
IDCJAC0016,029063,2017,04,27,21.1
IDCJAC0016,029063,2017,04,28,20.7
IDCJAC0016,029063,2017,04,29,20.9
IDCJAC0016,029063,2017,04,30,20.7
IDCJAC0016,029063,2017,05,01,19.1
IDCJAC0016,029063,2017,05,02,20.5
IDCJAC0016,029063,2017,05,03,19.7
IDCJAC0016,029063,2017,05,04,20.2
IDCJAC0016,029063,2017,05,05,19.9
IDCJAC0016,029063,2017,05,06,19.4
IDCJAC0016,029063,2017,05,07,19.9
IDCJAC0016,029063,2017,05,08,17.6
IDCJAC0016,029063,2017,05,09,19.9
IDCJAC0016,029063,2017,05,10,19.7
IDCJAC0016,029063,2017,05,11,19.7
IDCJAC0016,029063,2017,05,12,19.6
IDCJAC0016,029063,2017,05,13,19.5
IDCJAC0016,029063,2017,05,14,19.4
IDCJAC0016,029063,2017,05,15,19.2
IDCJAC0016,029063,2017,05,16,19.3
IDCJAC0016,029063,2017,05,17,18.4
IDCJAC0016,029063,2017,05,18,7.8
IDCJAC0016,029063,2017,05,19,18.5
IDCJAC0016,029063,2017,05,20,18.5
IDCJAC0016,029063,2017,05,21,19.2
IDCJAC0016,029063,2017,05,22,19.0
IDCJAC0016,029063,2017,05,23,19.1
IDCJAC0016,029063,2017,05,24,18.5
IDCJAC0016,029063,2017,05,25,18.9
IDCJAC0016,029063,2017,05,26,18.8
IDCJAC0016,029063,2017,05,27,18.5
IDCJAC0016,029063,2017,05,28,18.7
IDCJAC0016,029063,2017,05,29,18.3
IDCJAC0016,029063,2017,05,30,18.3
IDCJAC0016,029063,2017,05,31,18.1
IDCJAC0016,029063,2017,06,01,16.1
IDCJAC0016,029063,2017,06,02,16.5
IDCJAC0016,029063,2017,06,03,18.5
IDCJAC0016,029063,2017,06,04,18.4
IDCJAC0016,029063,2017,06,05,17.6
IDCJAC0016,029063,2017,06,06,18.3
IDCJAC0016,029063,2017,06,07,18.3
IDCJAC0016,029063,2017,06,08,18.2
IDCJAC0016,029063,2017,06,09,18.2
IDCJAC0016,029063,2017,06,10,13.9
IDCJAC0016,029063,2017,06,11,16.7
IDCJAC0016,029063,2017,06,12,18.1
IDCJAC0016,029063,2017,06,13,18.1
IDCJAC0016,029063,2017,06,14,17.4
IDCJAC0016,029063,2017,06,15,18.1
IDCJAC0016,029063,2017,06,16,17.8
IDCJAC0016,029063,2017,06,17,17.0
IDCJAC0016,029063,2017,06,18,17.2
IDCJAC0016,029063,2017,06,19,18.0
IDCJAC0016,029063,2017,06,20,18.0
IDCJAC0016,029063,2017,06,21,17.9
IDCJAC0016,029063,2017,06,22,17.9
IDCJAC0016,029063,2017,06,23,18.0
IDCJAC0016,029063,2017,06,24,17.6
IDCJAC0016,029063,2017,06,25,17.9
IDCJAC0016,029063,2017,06,26,17.9
IDCJAC0016,029063,2017,06,27,17.7
IDCJAC0016,029063,2017,06,28,15.5
IDCJAC0016,029063,2017,06,29,17.9
IDCJAC0016,029063,2017,06,30,18.0
IDCJAC0016,029063,2017,07,01,18.0
IDCJAC0016,029063,2017,07,02,17.7
IDCJAC0016,029063,2017,07,03,15.8
IDCJAC0016,029063,2017,07,04,17.9
IDCJAC0016,029063,2017,07,05,18.1
IDCJAC0016,029063,2017,07,06,18.1
IDCJAC0016,029063,2017,07,07,17.9
IDCJAC0016,029063,2017,07,08,18.2
IDCJAC0016,029063,2017,07,09,18.1
IDCJAC0016,029063,2017,07,10,16.2
IDCJAC0016,029063,2017,07,11,18.3
IDCJAC0016,029063,2017,07,12,18.4
IDCJAC0016,029063,2017,07,13,18.4
IDCJAC0016,029063,2017,07,14,17.9
IDCJAC0016,029063,2017,07,15,18.3
IDCJAC0016,029063,2017,07,16,18.6
IDCJAC0016,029063,2017,07,17,18.7
IDCJAC0016,029063,2017,07,18,18.7
IDCJAC0016,029063,2017,07,19,18.8
IDCJAC0016,029063,2017,07,20,18.7
IDCJAC0016,029063,2017,07,21,18.8
IDCJAC0016,029063,2017,07,22,18.8
IDCJAC0016,029063,2017,07,23,18.6
IDCJAC0016,029063,2017,07,24,18.4
IDCJAC0016,029063,2017,07,25,19.0
IDCJAC0016,029063,2017,07,26,19.1
IDCJAC0016,029063,2017,07,27,19.2
IDCJAC0016,029063,2017,07,28,19.1
IDCJAC0016,029063,2017,07,29,19.3
IDCJAC0016,029063,2017,07,30,19.4
IDCJAC0016,029063,2017,07,31,19.4
IDCJAC0016,029063,2017,08,01,19.7
IDCJAC0016,029063,2017,08,02,19.7
IDCJAC0016,029063,2017,08,03,19.2
IDCJAC0016,029063,2017,08,04,17.9
IDCJAC0016,029063,2017,08,05,18.5
IDCJAC0016,029063,2017,08,06,19.1
IDCJAC0016,029063,2017,08,07,20.2
IDCJAC0016,029063,2017,08,08,20.3
IDCJAC0016,029063,2017,08,09,20.2
IDCJAC0016,029063,2017,08,10,20.4
IDCJAC0016,029063,2017,08,11,20.5
IDCJAC0016,029063,2017,08,12,20.6
IDCJAC0016,029063,2017,08,13,20.6
IDCJAC0016,029063,2017,08,14,20.7
IDCJAC0016,029063,2017,08,15,20.8
IDCJAC0016,029063,2017,08,16,20.9
IDCJAC0016,029063,2017,08,17,21.0
IDCJAC0016,029063,2017,08,18,21.2
IDCJAC0016,029063,2017,08,19,21.3
IDCJAC0016,029063,2017,08,20,21.4
IDCJAC0016,029063,2017,08,21,21.4
IDCJAC0016,029063,2017,08,22,21.5
IDCJAC0016,029063,2017,08,23,21.7
IDCJAC0016,029063,2017,08,24,21.7
IDCJAC0016,029063,2017,08,25,21.8
IDCJAC0016,029063,2017,08,26,21.9
IDCJAC0016,029063,2017,08,27,22.0
IDCJAC0016,029063,2017,08,28,22.0
IDCJAC0016,029063,2017,08,29,22.0
IDCJAC0016,029063,2017,08,30,22.1
IDCJAC0016,029063,2017,08,31,22.1
IDCJAC0016,029063,2017,09,01,22.2
IDCJAC0016,029063,2017,09,02,22.6
IDCJAC0016,029063,2017,09,03,22.6
IDCJAC0016,029063,2017,09,04,22.7
IDCJAC0016,029063,2017,09,05,23.1
IDCJAC0016,029063,2017,09,06,23.2
IDCJAC0016,029063,2017,09,07,22.9
IDCJAC0016,029063,2017,09,08,23.0
IDCJAC0016,029063,2017,09,09,23.4
IDCJAC0016,029063,2017,09,10,23.5
IDCJAC0016,029063,2017,09,11,23.3
IDCJAC0016,029063,2017,09,12,23.3
IDCJAC0016,029063,2017,09,13,23.7
IDCJAC0016,029063,2017,09,14,23.7
IDCJAC0016,029063,2017,09,15,23.8
IDCJAC0016,029063,2017,09,16,24.0
IDCJAC0016,029063,2017,09,17,23.7
IDCJAC0016,029063,2017,09,18,24.0
IDCJAC0016,029063,2017,09,19,23.0
IDCJAC0016,029063,2017,09,20,24.3
IDCJAC0016,029063,2017,09,21,24.4
IDCJAC0016,029063,2017,09,22,24.4
IDCJAC0016,029063,2017,09,23,24.7
IDCJAC0016,029063,2017,09,24,24.8
IDCJAC0016,029063,2017,09,25,24.8
IDCJAC0016,029063,2017,09,26,25.1
IDCJAC0016,029063,2017,09,27,24.9
IDCJAC0016,029063,2017,09,28,24.9
IDCJAC0016,029063,2017,09,29,23.6
IDCJAC0016,029063,2017,09,30,23.6
IDCJAC0016,029063,2017,10,01,20.2
IDCJAC0016,029063,2017,10,02,25.1
IDCJAC0016,029063,2017,10,03,25.4
IDCJAC0016,029063,2017,10,04,25.4
IDCJAC0016,029063,2017,10,05,24.5
IDCJAC0016,029063,2017,10,06,25.9
IDCJAC0016,029063,2017,10,07,26.5
IDCJAC0016,029063,2017,10,08,26.4
IDCJAC0016,029063,2017,10,09,26.5
IDCJAC0016,029063,2017,10,10,27.1
IDCJAC0016,029063,2017,10,11,27.2
IDCJAC0016,029063,2017,10,12,27.2
IDCJAC0016,029063,2017,10,13,27.1
IDCJAC0016,029063,2017,10,14,27.2
IDCJAC0016,029063,2017,10,15,24.1
IDCJAC0016,029063,2017,10,16,26.8
IDCJAC0016,029063,2017,10,17,22.8
IDCJAC0016,029063,2017,10,18,27.0
IDCJAC0016,029063,2017,10,19,24.0
IDCJAC0016,029063,2017,10,20,19.6
IDCJAC0016,029063,2017,10,21,13.5
IDCJAC0016,029063,2017,10,22,28.2
IDCJAC0016,029063,2017,10,23,28.3
IDCJAC0016,029063,2017,10,24,28.2
IDCJAC0016,029063,2017,10,25,28.1
IDCJAC0016,029063,2017,10,26,28.4
IDCJAC0016,029063,2017,10,27,28.3
IDCJAC0016,029063,2017,10,28,28.4
IDCJAC0016,029063,2017,10,29,28.0
IDCJAC0016,029063,2017,10,30,26.2
IDCJAC0016,029063,2017,10,31,28.7
IDCJAC0016,029063,2017,11,01,28.7
IDCJAC0016,029063,2017,11,02,28.1
IDCJAC0016,029063,2017,11,03,28.1
IDCJAC0016,029063,2017,11,04,26.5
IDCJAC0016,029063,2017,11,05,28.6
IDCJAC0016,029063,2017,11,06,28.7
IDCJAC0016,029063,2017,11,07,25.1
IDCJAC0016,029063,2017,11,08,27.7
IDCJAC0016,029063,2017,11,09,17.3
IDCJAC0016,029063,2017,11,10,27.2
IDCJAC0016,029063,2017,11,11,27.0
IDCJAC0016,029063,2017,11,12,27.4
IDCJAC0016,029063,2017,11,13,22.3
IDCJAC0016,029063,2017,11,14,19.4
IDCJAC0016,029063,2017,11,15,24.6
IDCJAC0016,029063,2017,11,16,25.8
IDCJAC0016,029063,2017,11,17,18.7
IDCJAC0016,029063,2017,11,18,27.9
IDCJAC0016,029063,2017,11,19,28.7
IDCJAC0016,029063,2017,11,20,26.8
IDCJAC0016,029063,2017,11,21,25.4
IDCJAC0016,029063,2017,11,22,23.6
IDCJAC0016,029063,2017,11,23,25.0
IDCJAC0016,029063,2017,11,24,28.1
IDCJAC0016,029063,2017,11,25,23.1
IDCJAC0016,029063,2017,11,26,25.7
IDCJAC0016,029063,2017,11,27,15.5
IDCJAC0016,029063,2017,11,28,24.0
IDCJAC0016,029063,2017,11,29,19.9
IDCJAC0016,029063,2017,11,30,21.5
IDCJAC0016,029063,2017,12,01,23.9
IDCJAC0016,029063,2017,12,02,7.3
IDCJAC0016,029063,2017,12,03,29.4
IDCJAC0016,029063,2017,12,04,29.7
IDCJAC0016,029063,2017,12,05,29.7
IDCJAC0016,029063,2017,12,06,29.7
IDCJAC0016,029063,2017,12,07,29.7
IDCJAC0016,029063,2017,12,08,29.8
IDCJAC0016,029063,2017,12,09,29.7
IDCJAC0016,029063,2017,12,10,29.5
IDCJAC0016,029063,2017,12,11,28.5
IDCJAC0016,029063,2017,12,12,23.3
IDCJAC0016,029063,2017,12,13,29.0
IDCJAC0016,029063,2017,12,14,28.7
IDCJAC0016,029063,2017,12,15,28.6
IDCJAC0016,029063,2017,12,16,28.1
IDCJAC0016,029063,2017,12,17,28.5
IDCJAC0016,029063,2017,12,18,27.6
IDCJAC0016,029063,2017,12,19,28.4
IDCJAC0016,029063,2017,12,20,28.5
IDCJAC0016,029063,2017,12,21,9.6
IDCJAC0016,029063,2017,12,22,28.5
IDCJAC0016,029063,2017,12,23,24.7
IDCJAC0016,029063,2017,12,24,28.4
IDCJAC0016,029063,2017,12,25,28.1
IDCJAC0016,029063,2017,12,26,28.3
IDCJAC0016,029063,2017,12,27,27.5
IDCJAC0016,029063,2017,12,28,16.7
IDCJAC0016,029063,2017,12,29,29.2
IDCJAC0016,029063,2017,12,30,25.6
IDCJAC0016,029063,2017,12,31,28.9
IDCJAC0016,029063,2018,01,01,3.0
IDCJAC0016,029063,2018,01,02,19.8
IDCJAC0016,029063,2018,01,03,21.2
IDCJAC0016,029063,2018,01,04,29.3
IDCJAC0016,029063,2018,01,05,15.8
IDCJAC0016,029063,2018,01,06,16.3
IDCJAC0016,029063,2018,01,07,29.1
IDCJAC0016,029063,2018,01,08,28.5
IDCJAC0016,029063,2018,01,09,25.5
IDCJAC0016,029063,2018,01,10,21.1
IDCJAC0016,029063,2018,01,11,28.1
IDCJAC0016,029063,2018,01,12,26.5
IDCJAC0016,029063,2018,01,13,27.2
IDCJAC0016,029063,2018,01,14,29.6
IDCJAC0016,029063,2018,01,15,16.3
IDCJAC0016,029063,2018,01,16,24.3
IDCJAC0016,029063,2018,01,17,21.1
IDCJAC0016,029063,2018,01,18,15.3
IDCJAC0016,029063,2018,01,19,23.2
IDCJAC0016,029063,2018,01,20,7.6
IDCJAC0016,029063,2018,01,21,15.6
IDCJAC0016,029063,2018,01,22,15.1
IDCJAC0016,029063,2018,01,23,6.7
IDCJAC0016,029063,2018,01,24,6.4
IDCJAC0016,029063,2018,01,25,13.3
IDCJAC0016,029063,2018,01,26,18.2
IDCJAC0016,029063,2018,01,27,23.0
IDCJAC0016,029063,2018,01,28,28.4
IDCJAC0016,029063,2018,01,29,19.2
IDCJAC0016,029063,2018,01,30,23.5
IDCJAC0016,029063,2018,01,31,27.0
IDCJAC0016,029063,2018,02,01,20.1
IDCJAC0016,029063,2018,02,02,28.0
IDCJAC0016,029063,2018,02,03,7.4
IDCJAC0016,029063,2018,02,04,22.3
IDCJAC0016,029063,2018,02,05,17.0
IDCJAC0016,029063,2018,02,06,15.8
IDCJAC0016,029063,2018,02,07,27.7
IDCJAC0016,029063,2018,02,08,28.9
IDCJAC0016,029063,2018,02,09,25.3
IDCJAC0016,029063,2018,02,10,27.1
IDCJAC0016,029063,2018,02,11,26.8
IDCJAC0016,029063,2018,02,12,28.4
IDCJAC0016,029063,2018,02,13,26.5
IDCJAC0016,029063,2018,02,14,24.3
IDCJAC0016,029063,2018,02,15,25.1
IDCJAC0016,029063,2018,02,16,27.1
IDCJAC0016,029063,2018,02,17,27.8
IDCJAC0016,029063,2018,02,18,27.4
IDCJAC0016,029063,2018,02,19,25.1
IDCJAC0016,029063,2018,02,20,22.0
IDCJAC0016,029063,2018,02,21,26.8
IDCJAC0016,029063,2018,02,22,11.3
IDCJAC0016,029063,2018,02,23,14.5
IDCJAC0016,029063,2018,02,24,22.0
IDCJAC0016,029063,2018,02,25,14.4
IDCJAC0016,029063,2018,02,26,26.8
IDCJAC0016,029063,2018,02,27,25.4
IDCJAC0016,029063,2018,02,28,26.1
IDCJAC0016,029063,2018,03,01,20.9
IDCJAC0016,029063,2018,03,02,4.6
IDCJAC0016,029063,2018,03,03,1.6
IDCJAC0016,029063,2018,03,04,22.7
IDCJAC0016,029063,2018,03,05,8.9
IDCJAC0016,029063,2018,03,06,20.1
IDCJAC0016,029063,2018,03,07,8.4
IDCJAC0016,029063,2018,03,08,14.3
IDCJAC0016,029063,2018,03,09,14.3
IDCJAC0016,029063,2018,03,10,22.6
IDCJAC0016,029063,2018,03,11,26.1
IDCJAC0016,029063,2018,03,12,26.6
IDCJAC0016,029063,2018,03,13,26.2
IDCJAC0016,029063,2018,03,14,26.4
IDCJAC0016,029063,2018,03,15,26.2
IDCJAC0016,029063,2018,03,16,25.9
IDCJAC0016,029063,2018,03,17,26.0
IDCJAC0016,029063,2018,03,18,25.7
IDCJAC0016,029063,2018,03,19,25.3
IDCJAC0016,029063,2018,03,20,24.0
IDCJAC0016,029063,2018,03,21,20.9
IDCJAC0016,029063,2018,03,22,23.1
IDCJAC0016,029063,2018,03,23,17.8
IDCJAC0016,029063,2018,03,24,15.2
IDCJAC0016,029063,2018,03,25,3.2
IDCJAC0016,029063,2018,03,26,14.0
IDCJAC0016,029063,2018,03,27,18.6
IDCJAC0016,029063,2018,03,28,19.0
IDCJAC0016,029063,2018,03,29,23.4
IDCJAC0016,029063,2018,03,30,24.6
IDCJAC0016,029063,2018,03,31,24.5
IDCJAC0016,029063,2018,04,01,24.3
IDCJAC0016,029063,2018,04,02,24.2
IDCJAC0016,029063,2018,04,03,22.9
IDCJAC0016,029063,2018,04,04,23.9
IDCJAC0016,029063,2018,04,05,23.8
IDCJAC0016,029063,2018,04,06,23.8
IDCJAC0016,029063,2018,04,07,22.5
IDCJAC0016,029063,2018,04,08,22.8
IDCJAC0016,029063,2018,04,09,23.4
IDCJAC0016,029063,2018,04,10,23.3
IDCJAC0016,029063,2018,04,11,23.2
IDCJAC0016,029063,2018,04,12,22.9
IDCJAC0016,029063,2018,04,13,22.9
IDCJAC0016,029063,2018,04,14,22.8
IDCJAC0016,029063,2018,04,15,22.7
IDCJAC0016,029063,2018,04,16,22.6
IDCJAC0016,029063,2018,04,17,22.3
IDCJAC0016,029063,2018,04,18,22.4
IDCJAC0016,029063,2018,04,19,22.3
IDCJAC0016,029063,2018,04,20,22.1
IDCJAC0016,029063,2018,04,21,22.0
IDCJAC0016,029063,2018,04,22,21.9
IDCJAC0016,029063,2018,04,23,21.7
IDCJAC0016,029063,2018,04,24,21.7
IDCJAC0016,029063,2018,04,25,21.5
IDCJAC0016,029063,2018,04,26,21.4
IDCJAC0016,029063,2018,04,27,21.3
IDCJAC0016,029063,2018,04,28,21.1
IDCJAC0016,029063,2018,04,29,20.8
IDCJAC0016,029063,2018,04,30,20.8
IDCJAC0016,029063,2018,05,01,20.4
IDCJAC0016,029063,2018,05,02,20.3
IDCJAC0016,029063,2018,05,03,19.6
IDCJAC0016,029063,2018,05,04,20.2
IDCJAC0016,029063,2018,05,05,20.3
IDCJAC0016,029063,2018,05,06,20.2
IDCJAC0016,029063,2018,05,07,20.1
IDCJAC0016,029063,2018,05,08,19.8
IDCJAC0016,029063,2018,05,09,19.6
IDCJAC0016,029063,2018,05,10,19.5
IDCJAC0016,029063,2018,05,11,19.7
IDCJAC0016,029063,2018,05,12,19.6
IDCJAC0016,029063,2018,05,13,18.9
IDCJAC0016,029063,2018,05,14,19.5
IDCJAC0016,029063,2018,05,15,19.4
IDCJAC0016,029063,2018,05,16,19.3
IDCJAC0016,029063,2018,05,17,18.9
IDCJAC0016,029063,2018,05,18,19.1
IDCJAC0016,029063,2018,05,19,19.0
IDCJAC0016,029063,2018,05,20,18.8
IDCJAC0016,029063,2018,05,21,18.9
IDCJAC0016,029063,2018,05,22,18.8
IDCJAC0016,029063,2018,05,23,16.5
IDCJAC0016,029063,2018,05,24,10.4
IDCJAC0016,029063,2018,05,25,18.3
IDCJAC0016,029063,2018,05,26,18.6
IDCJAC0016,029063,2018,05,27,18.4
IDCJAC0016,029063,2018,05,28,18.1
IDCJAC0016,029063,2018,05,29,18.0
IDCJAC0016,029063,2018,05,30,18.3
IDCJAC0016,029063,2018,05,31,18.3
IDCJAC0016,029063,2018,06,01,18.3
IDCJAC0016,029063,2018,06,02,18.3
IDCJAC0016,029063,2018,06,03,18.2
IDCJAC0016,029063,2018,06,04,18.2
IDCJAC0016,029063,2018,06,05,18.1
IDCJAC0016,029063,2018,06,06,18.1
IDCJAC0016,029063,2018,06,07,18.1
IDCJAC0016,029063,2018,06,08,18.0
IDCJAC0016,029063,2018,06,09,18.0
IDCJAC0016,029063,2018,06,10,17.9
IDCJAC0016,029063,2018,06,11,17.9
IDCJAC0016,029063,2018,06,12,17.8
IDCJAC0016,029063,2018,06,13,17.9
IDCJAC0016,029063,2018,06,14,17.6
IDCJAC0016,029063,2018,06,15,17.8
IDCJAC0016,029063,2018,06,16,15.2
IDCJAC0016,029063,2018,06,17,17.7
IDCJAC0016,029063,2018,06,18,17.9
IDCJAC0016,029063,2018,06,19,17.9
IDCJAC0016,029063,2018,06,20,17.9
IDCJAC0016,029063,2018,06,21,17.8
IDCJAC0016,029063,2018,06,22,17.8
IDCJAC0016,029063,2018,06,23,17.5
IDCJAC0016,029063,2018,06,24,17.8
IDCJAC0016,029063,2018,06,25,12.8
IDCJAC0016,029063,2018,06,26,16.7
IDCJAC0016,029063,2018,06,27,17.3
IDCJAC0016,029063,2018,06,28,17.9
IDCJAC0016,029063,2018,06,29,17.7
IDCJAC0016,029063,2018,06,30,17.8
IDCJAC0016,029063,2018,07,01,18.1
IDCJAC0016,029063,2018,07,02,18.2
IDCJAC0016,029063,2018,07,03,18.2
IDCJAC0016,029063,2018,07,04,18.2
IDCJAC0016,029063,2018,07,05,18.3
IDCJAC0016,029063,2018,07,06,18.3
IDCJAC0016,029063,2018,07,07,18.3
IDCJAC0016,029063,2018,07,08,18.3
IDCJAC0016,029063,2018,07,09,18.3
IDCJAC0016,029063,2018,07,10,18.4
IDCJAC0016,029063,2018,07,11,18.4
IDCJAC0016,029063,2018,07,12,18.4
IDCJAC0016,029063,2018,07,13,18.5
IDCJAC0016,029063,2018,07,14,18.5
IDCJAC0016,029063,2018,07,15,18.6
IDCJAC0016,029063,2018,07,16,17.8
IDCJAC0016,029063,2018,07,17,18.2
IDCJAC0016,029063,2018,07,18,18.3
IDCJAC0016,029063,2018,07,19,17.3
IDCJAC0016,029063,2018,07,20,16.2
IDCJAC0016,029063,2018,07,21,18.9
IDCJAC0016,029063,2018,07,22,18.9
IDCJAC0016,029063,2018,07,23,19.0
IDCJAC0016,029063,2018,07,24,19.0
IDCJAC0016,029063,2018,07,25,19.0
IDCJAC0016,029063,2018,07,26,19.2
IDCJAC0016,029063,2018,07,27,17.5
IDCJAC0016,029063,2018,07,28,19.3
IDCJAC0016,029063,2018,07,29,15.8
IDCJAC0016,029063,2018,07,30,19.5
IDCJAC0016,029063,2018,07,31,19.5
IDCJAC0016,029063,2018,08,01,19.1
IDCJAC0016,029063,2018,08,02,19.8
IDCJAC0016,029063,2018,08,03,19.8
IDCJAC0016,029063,2018,08,04,19.0
IDCJAC0016,029063,2018,08,05,20.0
IDCJAC0016,029063,2018,08,06,14.9
IDCJAC0016,029063,2018,08,07,18.8
IDCJAC0016,029063,2018,08,08,20.3
IDCJAC0016,029063,2018,08,09,20.4
IDCJAC0016,029063,2018,08,10,19.8
IDCJAC0016,029063,2018,08,11,20.1
IDCJAC0016,029063,2018,08,12,20.6
IDCJAC0016,029063,2018,08,13,20.7
IDCJAC0016,029063,2018,08,14,20.8
IDCJAC0016,029063,2018,08,15,20.9
IDCJAC0016,029063,2018,08,16,20.8
IDCJAC0016,029063,2018,08,17,21.0
IDCJAC0016,029063,2018,08,18,20.8
IDCJAC0016,029063,2018,08,19,21.2
IDCJAC0016,029063,2018,08,20,21.2
IDCJAC0016,029063,2018,08,21,21.4
IDCJAC0016,029063,2018,08,22,21.4
IDCJAC0016,029063,2018,08,23,21.5
IDCJAC0016,029063,2018,08,24,21.4
IDCJAC0016,029063,2018,08,25,21.3
IDCJAC0016,029063,2018,08,26,21.8
IDCJAC0016,029063,2018,08,27,21.8
IDCJAC0016,029063,2018,08,28,21.9
IDCJAC0016,029063,2018,08,29,22.0
IDCJAC0016,029063,2018,08,30,21.8
IDCJAC0016,029063,2018,08,31,22.2
IDCJAC0016,029063,2018,09,01,22.6
IDCJAC0016,029063,2018,09,02,22.7
IDCJAC0016,029063,2018,09,03,22.8
IDCJAC0016,029063,2018,09,04,22.9
IDCJAC0016,029063,2018,09,05,23.0
IDCJAC0016,029063,2018,09,06,23.0
IDCJAC0016,029063,2018,09,07,23.1
IDCJAC0016,029063,2018,09,08,22.2
IDCJAC0016,029063,2018,09,09,23.3
IDCJAC0016,029063,2018,09,10,23.4
IDCJAC0016,029063,2018,09,11,21.7
IDCJAC0016,029063,2018,09,12,22.5
IDCJAC0016,029063,2018,09,13,23.5
IDCJAC0016,029063,2018,09,14,23.6
IDCJAC0016,029063,2018,09,15,23.0
IDCJAC0016,029063,2018,09,16,23.9
IDCJAC0016,029063,2018,09,17,24.0
IDCJAC0016,029063,2018,09,18,24.1
IDCJAC0016,029063,2018,09,19,24.2
IDCJAC0016,029063,2018,09,20,24.2
IDCJAC0016,029063,2018,09,21,24.4
IDCJAC0016,029063,2018,09,22,24.5
IDCJAC0016,029063,2018,09,23,24.5
IDCJAC0016,029063,2018,09,24,24.6
IDCJAC0016,029063,2018,09,25,24.7
IDCJAC0016,029063,2018,09,26,24.8
IDCJAC0016,029063,2018,09,27,24.9
IDCJAC0016,029063,2018,09,28,25.0
IDCJAC0016,029063,2018,09,29,25.1
IDCJAC0016,029063,2018,09,30,25.2
IDCJAC0016,029063,2018,10,01,25.9
IDCJAC0016,029063,2018,10,02,25.9
IDCJAC0016,029063,2018,10,03,26.0
IDCJAC0016,029063,2018,10,04,26.1
IDCJAC0016,029063,2018,10,05,26.2
IDCJAC0016,029063,2018,10,06,26.3
IDCJAC0016,029063,2018,10,07,26.4
IDCJAC0016,029063,2018,10,08,26.5
IDCJAC0016,029063,2018,10,09,25.3
IDCJAC0016,029063,2018,10,10,26.2
IDCJAC0016,029063,2018,10,11,26.7
IDCJAC0016,029063,2018,10,12,26.9
IDCJAC0016,029063,2018,10,13,27.0
IDCJAC0016,029063,2018,10,14,27.0
IDCJAC0016,029063,2018,10,15,26.7
IDCJAC0016,029063,2018,10,16,12.3
IDCJAC0016,029063,2018,10,17,26.0
IDCJAC0016,029063,2018,10,18,26.2
IDCJAC0016,029063,2018,10,19,28.0
IDCJAC0016,029063,2018,10,20,28.0
IDCJAC0016,029063,2018,10,21,28.0
IDCJAC0016,029063,2018,10,22,27.9
IDCJAC0016,029063,2018,10,23,28.0
IDCJAC0016,029063,2018,10,24,26.3
IDCJAC0016,029063,2018,10,25,28.3
IDCJAC0016,029063,2018,10,26,28.3
IDCJAC0016,029063,2018,10,27,28.3
IDCJAC0016,029063,2018,10,28,28.5
IDCJAC0016,029063,2018,10,29,28.6
IDCJAC0016,029063,2018,10,30,28.5
IDCJAC0016,029063,2018,10,31,28.6
IDCJAC0016,029063,2018,11,01,27.9
IDCJAC0016,029063,2018,11,02,27.1
IDCJAC0016,029063,2018,11,03,28.7
IDCJAC0016,029063,2018,11,04,28.1
IDCJAC0016,029063,2018,11,05,28.5
IDCJAC0016,029063,2018,11,06,27.9
IDCJAC0016,029063,2018,11,07,27.7
IDCJAC0016,029063,2018,11,08,29.0
IDCJAC0016,029063,2018,11,09,26.8
IDCJAC0016,029063,2018,11,10,26.0
IDCJAC0016,029063,2018,11,11,26.0
IDCJAC0016,029063,2018,11,12,26.9
IDCJAC0016,029063,2018,11,13,22.7
IDCJAC0016,029063,2018,11,14,28.5
IDCJAC0016,029063,2018,11,15,28.8
IDCJAC0016,029063,2018,11,16,28.3
IDCJAC0016,029063,2018,11,17,28.8
IDCJAC0016,029063,2018,11,18,28.9
IDCJAC0016,029063,2018,11,19,27.7
IDCJAC0016,029063,2018,11,20,26.2
IDCJAC0016,029063,2018,11,21,25.2
IDCJAC0016,029063,2018,11,22,26.9
IDCJAC0016,029063,2018,11,23,28.9
IDCJAC0016,029063,2018,11,24,29.4
IDCJAC0016,029063,2018,11,25,29.6
IDCJAC0016,029063,2018,11,26,20.0
IDCJAC0016,029063,2018,11,27,13.4
IDCJAC0016,029063,2018,11,28,12.7
IDCJAC0016,029063,2018,11,29,25.9
IDCJAC0016,029063,2018,11,30,29.2
IDCJAC0016,029063,2018,12,01,29.6
IDCJAC0016,029063,2018,12,02,28.8
IDCJAC0016,029063,2018,12,03,29.6
IDCJAC0016,029063,2018,12,04,29.7
IDCJAC0016,029063,2018,12,05,29.7
IDCJAC0016,029063,2018,12,06,27.4
IDCJAC0016,029063,2018,12,07,26.0
IDCJAC0016,029063,2018,12,08,27.4
IDCJAC0016,029063,2018,12,09,28.7
IDCJAC0016,029063,2018,12,10,26.4
IDCJAC0016,029063,2018,12,11,24.7
IDCJAC0016,029063,2018,12,12,23.4
IDCJAC0016,029063,2018,12,13,23.2
IDCJAC0016,029063,2018,12,14,7.6
IDCJAC0016,029063,2018,12,15,21.0
IDCJAC0016,029063,2018,12,16,29.7
IDCJAC0016,029063,2018,12,17,26.3
IDCJAC0016,029063,2018,12,18,29.7
IDCJAC0016,029063,2018,12,19,29.6
IDCJAC0016,029063,2018,12,20,29.6
IDCJAC0016,029063,2018,12,21,29.6
IDCJAC0016,029063,2018,12,22,27.9
IDCJAC0016,029063,2018,12,23,24.1
IDCJAC0016,029063,2018,12,24,25.5
IDCJAC0016,029063,2018,12,25,28.8
IDCJAC0016,029063,2018,12,26,27.8
IDCJAC0016,029063,2018,12,27,28.1
IDCJAC0016,029063,2018,12,28,28.6
IDCJAC0016,029063,2018,12,29,26.0
IDCJAC0016,029063,2018,12,30,19.5
IDCJAC0016,029063,2018,12,31,27.3
IDCJAC0016,029063,2019,01,01,29.5
IDCJAC0016,029063,2019,01,02,29.6
IDCJAC0016,029063,2019,01,03,23.0
IDCJAC0016,029063,2019,01,04,21.4
IDCJAC0016,029063,2019,01,05,28.2
IDCJAC0016,029063,2019,01,06,27.7
IDCJAC0016,029063,2019,01,07,28.8
IDCJAC0016,029063,2019,01,08,18.3
IDCJAC0016,029063,2019,01,09,29.2
IDCJAC0016,029063,2019,01,10,27.5
IDCJAC0016,029063,2019,01,11,19.8
IDCJAC0016,029063,2019,01,12,22.0
IDCJAC0016,029063,2019,01,13,23.4
IDCJAC0016,029063,2019,01,14,26.3
IDCJAC0016,029063,2019,01,15,23.8
IDCJAC0016,029063,2019,01,16,18.0
IDCJAC0016,029063,2019,01,17,19.3
IDCJAC0016,029063,2019,01,18,19.7
IDCJAC0016,029063,2019,01,19,23.6
IDCJAC0016,029063,2019,01,20,23.9
IDCJAC0016,029063,2019,01,21,29.5
IDCJAC0016,029063,2019,01,22,29.4
IDCJAC0016,029063,2019,01,23,27.2
IDCJAC0016,029063,2019,01,24,25.2
IDCJAC0016,029063,2019,01,25,10.1
IDCJAC0016,029063,2019,01,26,17.4
IDCJAC0016,029063,2019,01,27,20.8
IDCJAC0016,029063,2019,01,28,16.7
IDCJAC0016,029063,2019,01,29,13.3
IDCJAC0016,029063,2019,01,30,10.4
IDCJAC0016,029063,2019,01,31,
IDCJAC0016,029063,2019,02,01,2.6
IDCJAC0016,029063,2019,02,02,6.2
IDCJAC0016,029063,2019,02,03,17.8
IDCJAC0016,029063,2019,02,04,13.7
IDCJAC0016,029063,2019,02,05,13.5
IDCJAC0016,029063,2019,02,06,16.1
IDCJAC0016,029063,2019,02,07,14.3
IDCJAC0016,029063,2019,02,08,21.9
IDCJAC0016,029063,2019,02,09,27.8
IDCJAC0016,029063,2019,02,10,28.8
IDCJAC0016,029063,2019,02,11,28.8
IDCJAC0016,029063,2019,02,12,28.3
IDCJAC0016,029063,2019,02,13,28.6
IDCJAC0016,029063,2019,02,14,26.5
IDCJAC0016,029063,2019,02,15,28.6
IDCJAC0016,029063,2019,02,16,27.8
IDCJAC0016,029063,2019,02,17,21.7
IDCJAC0016,029063,2019,02,18,25.5
IDCJAC0016,029063,2019,02,19,28.1
IDCJAC0016,029063,2019,02,20,26.5
IDCJAC0016,029063,2019,02,21,28.2
IDCJAC0016,029063,2019,02,22,28.2
IDCJAC0016,029063,2019,02,23,28.1
IDCJAC0016,029063,2019,02,24,27.4
IDCJAC0016,029063,2019,02,25,22.7
IDCJAC0016,029063,2019,02,26,22.8
IDCJAC0016,029063,2019,02,27,27.6
IDCJAC0016,029063,2019,02,28,27.7
IDCJAC0016,029063,2019,03,01,26.1
IDCJAC0016,029063,2019,03,02,27.4
IDCJAC0016,029063,2019,03,03,26.7
IDCJAC0016,029063,2019,03,04,27.2
IDCJAC0016,029063,2019,03,05,23.8
IDCJAC0016,029063,2019,03,06,27.1
IDCJAC0016,029063,2019,03,07,27.0
IDCJAC0016,029063,2019,03,08,23.2
IDCJAC0016,029063,2019,03,09,25.3
IDCJAC0016,029063,2019,03,10,24.9
IDCJAC0016,029063,2019,03,11,26.3
IDCJAC0016,029063,2019,03,12,26.4
IDCJAC0016,029063,2019,03,13,24.7
IDCJAC0016,029063,2019,03,14,26.4
IDCJAC0016,029063,2019,03,15,19.9
IDCJAC0016,029063,2019,03,16,19.6
IDCJAC0016,029063,2019,03,17,24.9
IDCJAC0016,029063,2019,03,18,25.1
IDCJAC0016,029063,2019,03,19,24.9
IDCJAC0016,029063,2019,03,20,20.6
IDCJAC0016,029063,2019,03,21,16.7
IDCJAC0016,029063,2019,03,22,10.1
IDCJAC0016,029063,2019,03,23,10.5
IDCJAC0016,029063,2019,03,24,19.8
IDCJAC0016,029063,2019,03,25,21.9
IDCJAC0016,029063,2019,03,26,23.8
IDCJAC0016,029063,2019,03,27,24.1
IDCJAC0016,029063,2019,03,28,23.7
IDCJAC0016,029063,2019,03,29,21.2
IDCJAC0016,029063,2019,03,30,16.8
IDCJAC0016,029063,2019,03,31,23.5
IDCJAC0016,029063,2019,04,01,23.4
IDCJAC0016,029063,2019,04,02,21.8
IDCJAC0016,029063,2019,04,03,24.1
IDCJAC0016,029063,2019,04,04,23.1
IDCJAC0016,029063,2019,04,05,23.8
IDCJAC0016,029063,2019,04,06,23.3
IDCJAC0016,029063,2019,04,07,22.9
IDCJAC0016,029063,2019,04,08,23.0
IDCJAC0016,029063,2019,04,09,23.2
IDCJAC0016,029063,2019,04,10,22.2
IDCJAC0016,029063,2019,04,11,22.9
IDCJAC0016,029063,2019,04,12,22.9
IDCJAC0016,029063,2019,04,13,22.6
IDCJAC0016,029063,2019,04,14,21.6
IDCJAC0016,029063,2019,04,15,22.1
IDCJAC0016,029063,2019,04,16,22.3
IDCJAC0016,029063,2019,04,17,22.1
IDCJAC0016,029063,2019,04,18,21.7
IDCJAC0016,029063,2019,04,19,22.1
IDCJAC0016,029063,2019,04,20,21.9
IDCJAC0016,029063,2019,04,21,21.8
IDCJAC0016,029063,2019,04,22,21.2
IDCJAC0016,029063,2019,04,23,20.7
IDCJAC0016,029063,2019,04,24,21.3
IDCJAC0016,029063,2019,04,25,20.9
IDCJAC0016,029063,2019,04,26,19.7
IDCJAC0016,029063,2019,04,27,20.6
IDCJAC0016,029063,2019,04,28,20.7
IDCJAC0016,029063,2019,04,29,19.0
IDCJAC0016,029063,2019,04,30,17.3
IDCJAC0016,029063,2019,05,01,19.6
IDCJAC0016,029063,2019,05,02,19.3
IDCJAC0016,029063,2019,05,03,17.0
IDCJAC0016,029063,2019,05,04,18.6
IDCJAC0016,029063,2019,05,05,20.5
IDCJAC0016,029063,2019,05,06,20.4
IDCJAC0016,029063,2019,05,07,20.3
IDCJAC0016,029063,2019,05,08,20.2
IDCJAC0016,029063,2019,05,09,20.1
IDCJAC0016,029063,2019,05,10,19.9
IDCJAC0016,029063,2019,05,11,16.7
IDCJAC0016,029063,2019,05,12,19.9
IDCJAC0016,029063,2019,05,13,19.8
IDCJAC0016,029063,2019,05,14,19.2
IDCJAC0016,029063,2019,05,15,19.1
IDCJAC0016,029063,2019,05,16,13.5
IDCJAC0016,029063,2019,05,17,18.5
IDCJAC0016,029063,2019,05,18,19.4
IDCJAC0016,029063,2019,05,19,19.2
IDCJAC0016,029063,2019,05,20,19.1
IDCJAC0016,029063,2019,05,21,19.0
IDCJAC0016,029063,2019,05,22,18.5
IDCJAC0016,029063,2019,05,23,18.7
IDCJAC0016,029063,2019,05,24,18.9
IDCJAC0016,029063,2019,05,25,15.3
IDCJAC0016,029063,2019,05,26,17.7
IDCJAC0016,029063,2019,05,27,17.1
IDCJAC0016,029063,2019,05,28,18.6
IDCJAC0016,029063,2019,05,29,18.5
IDCJAC0016,029063,2019,05,30,11.0
IDCJAC0016,029063,2019,05,31,16.6
IDCJAC0016,029063,2019,06,01,16.8
IDCJAC0016,029063,2019,06,02,18.1
IDCJAC0016,029063,2019,06,03,17.3
IDCJAC0016,029063,2019,06,04,16.7
IDCJAC0016,029063,2019,06,05,14.5
IDCJAC0016,029063,2019,06,06,9.9
IDCJAC0016,029063,2019,06,07,9.4
IDCJAC0016,029063,2019,06,08,17.6
IDCJAC0016,029063,2019,06,09,18.3
IDCJAC0016,029063,2019,06,10,18.3
IDCJAC0016,029063,2019,06,11,18.3
IDCJAC0016,029063,2019,06,12,18.2
IDCJAC0016,029063,2019,06,13,18.1
IDCJAC0016,029063,2019,06,14,18.0
IDCJAC0016,029063,2019,06,15,18.2
IDCJAC0016,029063,2019,06,16,18.0
IDCJAC0016,029063,2019,06,17,18.1
IDCJAC0016,029063,2019,06,18,18.0
IDCJAC0016,029063,2019,06,19,17.9
IDCJAC0016,029063,2019,06,20,18.1
IDCJAC0016,029063,2019,06,21,18.1
IDCJAC0016,029063,2019,06,22,18.0
IDCJAC0016,029063,2019,06,23,18.1
IDCJAC0016,029063,2019,06,24,18.1
IDCJAC0016,029063,2019,06,25,18.1
IDCJAC0016,029063,2019,06,26,18.0
IDCJAC0016,029063,2019,06,27,17.9
IDCJAC0016,029063,2019,06,28,18.1
IDCJAC0016,029063,2019,06,29,17.9
IDCJAC0016,029063,2019,06,30,18.1
IDCJAC0016,029063,2019,07,01,18.2
IDCJAC0016,029063,2019,07,02,17.6
IDCJAC0016,029063,2019,07,03,17.1
IDCJAC0016,029063,2019,07,04,16.4
IDCJAC0016,029063,2019,07,05,18.2
IDCJAC0016,029063,2019,07,06,17.8
IDCJAC0016,029063,2019,07,07,17.5
IDCJAC0016,029063,2019,07,08,18.1
IDCJAC0016,029063,2019,07,09,17.4
IDCJAC0016,029063,2019,07,10,14.2
IDCJAC0016,029063,2019,07,11,16.3
IDCJAC0016,029063,2019,07,12,17.8
IDCJAC0016,029063,2019,07,13,18.4
IDCJAC0016,029063,2019,07,14,18.5
IDCJAC0016,029063,2019,07,15,18.6
IDCJAC0016,029063,2019,07,16,18.6
IDCJAC0016,029063,2019,07,17,18.6
IDCJAC0016,029063,2019,07,18,18.7
IDCJAC0016,029063,2019,07,19,18.8
IDCJAC0016,029063,2019,07,20,18.8
IDCJAC0016,029063,2019,07,21,18.9
IDCJAC0016,029063,2019,07,22,18.9
IDCJAC0016,029063,2019,07,23,19.0
IDCJAC0016,029063,2019,07,24,19.1
IDCJAC0016,029063,2019,07,25,19.1
IDCJAC0016,029063,2019,07,26,18.9
IDCJAC0016,029063,2019,07,27,19.2
IDCJAC0016,029063,2019,07,28,19.3
IDCJAC0016,029063,2019,07,29,19.1
IDCJAC0016,029063,2019,07,30,19.4
IDCJAC0016,029063,2019,07,31,19.5
IDCJAC0016,029063,2019,08,01,19.6
IDCJAC0016,029063,2019,08,02,19.0
IDCJAC0016,029063,2019,08,03,19.2
IDCJAC0016,029063,2019,08,04,19.8
IDCJAC0016,029063,2019,08,05,19.8
IDCJAC0016,029063,2019,08,06,19.8
IDCJAC0016,029063,2019,08,07,19.4
IDCJAC0016,029063,2019,08,08,17.1
IDCJAC0016,029063,2019,08,09,20.1
IDCJAC0016,029063,2019,08,10,20.1
IDCJAC0016,029063,2019,08,11,20.3
IDCJAC0016,029063,2019,08,12,20.4
IDCJAC0016,029063,2019,08,13,20.5
IDCJAC0016,029063,2019,08,14,20.2
IDCJAC0016,029063,2019,08,15,20.6
IDCJAC0016,029063,2019,08,16,20.7
IDCJAC0016,029063,2019,08,17,20.3
IDCJAC0016,029063,2019,08,18,20.8
IDCJAC0016,029063,2019,08,19,21.0
IDCJAC0016,029063,2019,08,20,21.1
IDCJAC0016,029063,2019,08,21,21.1
IDCJAC0016,029063,2019,08,22,21.3
IDCJAC0016,029063,2019,08,23,21.4
IDCJAC0016,029063,2019,08,24,21.4
IDCJAC0016,029063,2019,08,25,21.5
IDCJAC0016,029063,2019,08,26,21.6
IDCJAC0016,029063,2019,08,27,21.6
IDCJAC0016,029063,2019,08,28,21.2
IDCJAC0016,029063,2019,08,29,21.8
IDCJAC0016,029063,2019,08,30,21.9
IDCJAC0016,029063,2019,08,31,22.0
IDCJAC0016,029063,2019,09,01,22.4
IDCJAC0016,029063,2019,09,02,22.5
IDCJAC0016,029063,2019,09,03,22.6
IDCJAC0016,029063,2019,09,04,22.7
IDCJAC0016,029063,2019,09,05,22.8
IDCJAC0016,029063,2019,09,06,22.9
IDCJAC0016,029063,2019,09,07,22.9
IDCJAC0016,029063,2019,09,08,23.0
IDCJAC0016,029063,2019,09,09,23.1
IDCJAC0016,029063,2019,09,10,23.2
IDCJAC0016,029063,2019,09,11,23.3
IDCJAC0016,029063,2019,09,12,23.3
IDCJAC0016,029063,2019,09,13,23.4
IDCJAC0016,029063,2019,09,14,23.5
IDCJAC0016,029063,2019,09,15,23.6
IDCJAC0016,029063,2019,09,16,23.6
IDCJAC0016,029063,2019,09,17,23.7
IDCJAC0016,029063,2019,09,18,23.8
IDCJAC0016,029063,2019,09,19,24.0
IDCJAC0016,029063,2019,09,20,24.1
IDCJAC0016,029063,2019,09,21,24.2
IDCJAC0016,029063,2019,09,22,23.7
IDCJAC0016,029063,2019,09,23,24.4
IDCJAC0016,029063,2019,09,24,24.2
IDCJAC0016,029063,2019,09,25,24.5
IDCJAC0016,029063,2019,09,26,24.6
IDCJAC0016,029063,2019,09,27,24.7
IDCJAC0016,029063,2019,09,28,24.6
IDCJAC0016,029063,2019,09,29,24.9
IDCJAC0016,029063,2019,09,30,25.0
IDCJAC0016,029063,2019,10,01,25.8
IDCJAC0016,029063,2019,10,02,25.8
IDCJAC0016,029063,2019,10,03,24.3
IDCJAC0016,029063,2019,10,04,25.8
IDCJAC0016,029063,2019,10,05,26.1
IDCJAC0016,029063,2019,10,06,26.2
IDCJAC0016,029063,2019,10,07,26.3
IDCJAC0016,029063,2019,10,08,26.4
IDCJAC0016,029063,2019,10,09,26.5
IDCJAC0016,029063,2019,10,10,26.5
IDCJAC0016,029063,2019,10,11,26.7
IDCJAC0016,029063,2019,10,12,26.7
IDCJAC0016,029063,2019,10,13,26.8
IDCJAC0016,029063,2019,10,14,26.6
IDCJAC0016,029063,2019,10,15,26.9
IDCJAC0016,029063,2019,10,16,27.0
IDCJAC0016,029063,2019,10,17,26.7
IDCJAC0016,029063,2019,10,18,27.1
IDCJAC0016,029063,2019,10,19,27.3
IDCJAC0016,029063,2019,10,20,27.4
IDCJAC0016,029063,2019,10,21,27.4
IDCJAC0016,029063,2019,10,22,26.6
IDCJAC0016,029063,2019,10,23,27.4
IDCJAC0016,029063,2019,10,24,26.9
IDCJAC0016,029063,2019,10,25,27.1
IDCJAC0016,029063,2019,10,26,26.1
IDCJAC0016,029063,2019,10,27,24.4
IDCJAC0016,029063,2019,10,28,24.2
IDCJAC0016,029063,2019,10,29,16.2
IDCJAC0016,029063,2019,10,30,26.4
IDCJAC0016,029063,2019,10,31,25.0
IDCJAC0016,029063,2019,11,01,28.5
IDCJAC0016,029063,2019,11,02,28.8
IDCJAC0016,029063,2019,11,03,23.3
IDCJAC0016,029063,2019,11,04,20.4
IDCJAC0016,029063,2019,11,05,28.8
IDCJAC0016,029063,2019,11,06,25.3
IDCJAC0016,029063,2019,11,07,29.1
IDCJAC0016,029063,2019,11,08,29.2
IDCJAC0016,029063,2019,11,09,29.1
IDCJAC0016,029063,2019,11,10,28.6
IDCJAC0016,029063,2019,11,11,29.1
IDCJAC0016,029063,2019,11,12,29.2
IDCJAC0016,029063,2019,11,13,27.8
IDCJAC0016,029063,2019,11,14,29.2
IDCJAC0016,029063,2019,11,15,29.3
IDCJAC0016,029063,2019,11,16,29.0
IDCJAC0016,029063,2019,11,17,29.1
IDCJAC0016,029063,2019,11,18,29.3
IDCJAC0016,029063,2019,11,19,27.5
IDCJAC0016,029063,2019,11,20,28.1
IDCJAC0016,029063,2019,11,21,26.9
IDCJAC0016,029063,2019,11,22,26.8
IDCJAC0016,029063,2019,11,23,29.6
IDCJAC0016,029063,2019,11,24,27.1
IDCJAC0016,029063,2019,11,25,29.4
IDCJAC0016,029063,2019,11,26,28.3
IDCJAC0016,029063,2019,11,27,28.3
IDCJAC0016,029063,2019,11,28,29.1
IDCJAC0016,029063,2019,11,29,29.7
IDCJAC0016,029063,2019,11,30,29.6
IDCJAC0016,029063,2019,12,01,23.2
IDCJAC0016,029063,2019,12,02,29.4
IDCJAC0016,029063,2019,12,03,29.8
IDCJAC0016,029063,2019,12,04,29.8
IDCJAC0016,029063,2019,12,05,29.7
IDCJAC0016,029063,2019,12,06,29.8
IDCJAC0016,029063,2019,12,07,28.9
IDCJAC0016,029063,2019,12,08,23.7
IDCJAC0016,029063,2019,12,09,29.3
IDCJAC0016,029063,2019,12,10,29.8
IDCJAC0016,029063,2019,12,11,29.7
IDCJAC0016,029063,2019,12,12,27.0
IDCJAC0016,029063,2019,12,13,27.9
IDCJAC0016,029063,2019,12,14,25.2
IDCJAC0016,029063,2019,12,15,29.6
IDCJAC0016,029063,2019,12,16,29.7
IDCJAC0016,029063,2019,12,17,29.7
IDCJAC0016,029063,2019,12,18,29.8
IDCJAC0016,029063,2019,12,19,28.1
IDCJAC0016,029063,2019,12,20,25.0
IDCJAC0016,029063,2019,12,21,27.1
IDCJAC0016,029063,2019,12,22,29.9
IDCJAC0016,029063,2019,12,23,29.8
IDCJAC0016,029063,2019,12,24,29.7
IDCJAC0016,029063,2019,12,25,12.0
IDCJAC0016,029063,2019,12,26,28.8
IDCJAC0016,029063,2019,12,27,28.0
IDCJAC0016,029063,2019,12,28,27.0
IDCJAC0016,029063,2019,12,29,28.7
IDCJAC0016,029063,2019,12,30,26.3
IDCJAC0016,029063,2019,12,31,27.8
IDCJAC0016,029063,2020,01,01,25.9
IDCJAC0016,029063,2020,01,02,29.7
IDCJAC0016,029063,2020,01,03,27.4
IDCJAC0016,029063,2020,01,04,27.1
IDCJAC0016,029063,2020,01,05,26.8
IDCJAC0016,029063,2020,01,06,25.7
IDCJAC0016,029063,2020,01,07,20.5
IDCJAC0016,029063,2020,01,08,27.2
IDCJAC0016,029063,2020,01,09,26.6
IDCJAC0016,029063,2020,01,10,29.4
IDCJAC0016,029063,2020,01,11,29.2
IDCJAC0016,029063,2020,01,12,29.2
IDCJAC0016,029063,2020,01,13,21.9
IDCJAC0016,029063,2020,01,14,29.3
IDCJAC0016,029063,2020,01,15,28.7
IDCJAC0016,029063,2020,01,16,28.5
IDCJAC0016,029063,2020,01,17,26.1
IDCJAC0016,029063,2020,01,18,28.5
IDCJAC0016,029063,2020,01,19,29.1
IDCJAC0016,029063,2020,01,20,9.9
IDCJAC0016,029063,2020,01,21,18.7
IDCJAC0016,029063,2020,01,22,24.3
IDCJAC0016,029063,2020,01,23,5.7
IDCJAC0016,029063,2020,01,24,11.0
IDCJAC0016,029063,2020,01,25,21.5
IDCJAC0016,029063,2020,01,26,8.7
IDCJAC0016,029063,2020,01,27,6.2
IDCJAC0016,029063,2020,01,28,5.6
IDCJAC0016,029063,2020,01,29,6.9
IDCJAC0016,029063,2020,01,30,17.8
IDCJAC0016,029063,2020,01,31,21.5
IDCJAC0016,029063,2020,02,01,25.4
IDCJAC0016,029063,2020,02,02,21.5
IDCJAC0016,029063,2020,02,03,21.6
IDCJAC0016,029063,2020,02,04,27.5
IDCJAC0016,029063,2020,02,05,27.6
IDCJAC0016,029063,2020,02,06,23.5
IDCJAC0016,029063,2020,02,07,25.3
IDCJAC0016,029063,2020,02,08,26.2
IDCJAC0016,029063,2020,02,09,22.7
IDCJAC0016,029063,2020,02,10,28.2
IDCJAC0016,029063,2020,02,11,27.9
IDCJAC0016,029063,2020,02,12,28.4
IDCJAC0016,029063,2020,02,13,28.7
IDCJAC0016,029063,2020,02,14,28.7
IDCJAC0016,029063,2020,02,15,28.6
IDCJAC0016,029063,2020,02,16,21.0
IDCJAC0016,029063,2020,02,17,25.7
IDCJAC0016,029063,2020,02,18,24.8
IDCJAC0016,029063,2020,02,19,18.9
IDCJAC0016,029063,2020,02,20,24.1
IDCJAC0016,029063,2020,02,21,15.6
IDCJAC0016,029063,2020,02,22,12.0
IDCJAC0016,029063,2020,02,23,4.1
IDCJAC0016,029063,2020,02,24,11.0
IDCJAC0016,029063,2020,02,25,16.4
IDCJAC0016,029063,2020,02,26,23.8
IDCJAC0016,029063,2020,02,27,26.8
IDCJAC0016,029063,2020,02,28,27.3
IDCJAC0016,029063,2020,02,29,27.7
IDCJAC0016,029063,2020,03,01,23.5
IDCJAC0016,029063,2020,03,02,24.2
IDCJAC0016,029063,2020,03,03,22.2
IDCJAC0016,029063,2020,03,04,8.8
IDCJAC0016,029063,2020,03,05,13.1
IDCJAC0016,029063,2020,03,06,25.2
IDCJAC0016,029063,2020,03,07,26.6
IDCJAC0016,029063,2020,03,08,26.1
IDCJAC0016,029063,2020,03,09,25.1
IDCJAC0016,029063,2020,03,10,20.5
IDCJAC0016,029063,2020,03,11,24.5
IDCJAC0016,029063,2020,03,12,24.9
IDCJAC0016,029063,2020,03,13,24.1
IDCJAC0016,029063,2020,03,14,26.3
IDCJAC0016,029063,2020,03,15,26.2
IDCJAC0016,029063,2020,03,16,25.9
IDCJAC0016,029063,2020,03,17,25.6
IDCJAC0016,029063,2020,03,18,25.8
IDCJAC0016,029063,2020,03,19,25.8
IDCJAC0016,029063,2020,03,20,25.7
IDCJAC0016,029063,2020,03,21,25.6
IDCJAC0016,029063,2020,03,22,25.3
IDCJAC0016,029063,2020,03,23,20.6
IDCJAC0016,029063,2020,03,24,19.9
IDCJAC0016,029063,2020,03,25,21.5
IDCJAC0016,029063,2020,03,26,23.4
IDCJAC0016,029063,2020,03,27,24.9
IDCJAC0016,029063,2020,03,28,24.7
IDCJAC0016,029063,2020,03,29,24.4
IDCJAC0016,029063,2020,03,30,24.5
IDCJAC0016,029063,2020,03,31,24.4
IDCJAC0016,029063,2020,04,01,23.9
IDCJAC0016,029063,2020,04,02,22.8
IDCJAC0016,029063,2020,04,03,22.2
IDCJAC0016,029063,2020,04,04,20.8
IDCJAC0016,029063,2020,04,05,22.2
IDCJAC0016,029063,2020,04,06,22.5
IDCJAC0016,029063,2020,04,07,22.7
IDCJAC0016,029063,2020,04,08,17.4
IDCJAC0016,029063,2020,04,09,4.3
IDCJAC0016,029063,2020,04,10,17.5
IDCJAC0016,029063,2020,04,11,20.3
IDCJAC0016,029063,2020,04,12,22.8
IDCJAC0016,029063,2020,04,13,22.8
IDCJAC0016,029063,2020,04,14,22.5
IDCJAC0016,029063,2020,04,15,22.6
IDCJAC0016,029063,2020,04,16,21.3
IDCJAC0016,029063,2020,04,17,21.9
IDCJAC0016,029063,2020,04,18,21.6
IDCJAC0016,029063,2020,04,19,22.1
IDCJAC0016,029063,2020,04,20,22.0
IDCJAC0016,029063,2020,04,21,21.9
IDCJAC0016,029063,2020,04,22,21.7
IDCJAC0016,029063,2020,04,23,21.7
IDCJAC0016,029063,2020,04,24,21.4
IDCJAC0016,029063,2020,04,25,21.4
IDCJAC0016,029063,2020,04,26,21.3
IDCJAC0016,029063,2020,04,27,21.2
IDCJAC0016,029063,2020,04,28,21.0
IDCJAC0016,029063,2020,04,29,20.9
IDCJAC0016,029063,2020,04,30,20.0
IDCJAC0016,029063,2020,05,01,20.6
IDCJAC0016,029063,2020,05,02,20.6
IDCJAC0016,029063,2020,05,03,20.5
IDCJAC0016,029063,2020,05,04,20.4
IDCJAC0016,029063,2020,05,05,20.2
IDCJAC0016,029063,2020,05,06,20.2
IDCJAC0016,029063,2020,05,07,19.8
IDCJAC0016,029063,2020,05,08,19.5
IDCJAC0016,029063,2020,05,09,19.5
IDCJAC0016,029063,2020,05,10,19.8
IDCJAC0016,029063,2020,05,11,19.8
IDCJAC0016,029063,2020,05,12,19.7
IDCJAC0016,029063,2020,05,13,19.1
IDCJAC0016,029063,2020,05,14,19.4
IDCJAC0016,029063,2020,05,15,19.2
IDCJAC0016,029063,2020,05,16,19.1
IDCJAC0016,029063,2020,05,17,18.0
IDCJAC0016,029063,2020,05,18,18.1
IDCJAC0016,029063,2020,05,19,18.3
IDCJAC0016,029063,2020,05,20,16.5
IDCJAC0016,029063,2020,05,21,8.0
IDCJAC0016,029063,2020,05,22,6.7
IDCJAC0016,029063,2020,05,23,10.1
IDCJAC0016,029063,2020,05,24,19.0
IDCJAC0016,029063,2020,05,25,18.9
IDCJAC0016,029063,2020,05,26,18.8
IDCJAC0016,029063,2020,05,27,18.7
IDCJAC0016,029063,2020,05,28,18.7
IDCJAC0016,029063,2020,05,29,18.7
IDCJAC0016,029063,2020,05,30,18.6
IDCJAC0016,029063,2020,05,31,18.5
IDCJAC0016,029063,2020,06,01,18.5
IDCJAC0016,029063,2020,06,02,18.5
IDCJAC0016,029063,2020,06,03,18.5
IDCJAC0016,029063,2020,06,04,18.4
IDCJAC0016,029063,2020,06,05,18.3
IDCJAC0016,029063,2020,06,06,18.3
IDCJAC0016,029063,2020,06,07,17.1
IDCJAC0016,029063,2020,06,08,18.3
IDCJAC0016,029063,2020,06,09,17.6
IDCJAC0016,029063,2020,06,10,18.1
IDCJAC0016,029063,2020,06,11,18.2
IDCJAC0016,029063,2020,06,12,18.2
IDCJAC0016,029063,2020,06,13,18.1
IDCJAC0016,029063,2020,06,14,17.2
IDCJAC0016,029063,2020,06,15,18.1
IDCJAC0016,029063,2020,06,16,18.0
IDCJAC0016,029063,2020,06,17,18.0
IDCJAC0016,029063,2020,06,18,18.0
IDCJAC0016,029063,2020,06,19,18.0
IDCJAC0016,029063,2020,06,20,18.0
IDCJAC0016,029063,2020,06,21,17.6
IDCJAC0016,029063,2020,06,22,18.0
IDCJAC0016,029063,2020,06,23,18.0
IDCJAC0016,029063,2020,06,24,18.0
IDCJAC0016,029063,2020,06,25,18.0
IDCJAC0016,029063,2020,06,26,17.4
IDCJAC0016,029063,2020,06,27,18.0
IDCJAC0016,029063,2020,06,28,17.7
IDCJAC0016,029063,2020,06,29,17.8
IDCJAC0016,029063,2020,06,30,17.5
IDCJAC0016,029063,2020,07,01,18.1
IDCJAC0016,029063,2020,07,02,15.2
IDCJAC0016,029063,2020,07,03,18.2
IDCJAC0016,029063,2020,07,04,18.2
IDCJAC0016,029063,2020,07,05,16.6
IDCJAC0016,029063,2020,07,06,18.2
IDCJAC0016,029063,2020,07,07,18.3
IDCJAC0016,029063,2020,07,08,18.3
IDCJAC0016,029063,2020,07,09,18.3
IDCJAC0016,029063,2020,07,10,18.4
IDCJAC0016,029063,2020,07,11,18.2
IDCJAC0016,029063,2020,07,12,18.4
IDCJAC0016,029063,2020,07,13,18.5
IDCJAC0016,029063,2020,07,14,18.5
IDCJAC0016,029063,2020,07,15,18.6
IDCJAC0016,029063,2020,07,16,18.6
IDCJAC0016,029063,2020,07,17,18.7
IDCJAC0016,029063,2020,07,18,18.7
IDCJAC0016,029063,2020,07,19,18.8
IDCJAC0016,029063,2020,07,20,17.3
IDCJAC0016,029063,2020,07,21,13.7
IDCJAC0016,029063,2020,07,22,18.1
IDCJAC0016,029063,2020,07,23,18.5
IDCJAC0016,029063,2020,07,24,17.3
IDCJAC0016,029063,2020,07,25,18.0
IDCJAC0016,029063,2020,07,26,19.2
IDCJAC0016,029063,2020,07,27,19.3
IDCJAC0016,029063,2020,07,28,19.3
IDCJAC0016,029063,2020,07,29,19.4
IDCJAC0016,029063,2020,07,30,19.4
IDCJAC0016,029063,2020,07,31,19.5
IDCJAC0016,029063,2020,08,01,19.7
IDCJAC0016,029063,2020,08,02,18.4
IDCJAC0016,029063,2020,08,03,19.1
IDCJAC0016,029063,2020,08,04,18.8
IDCJAC0016,029063,2020,08,05,19.4
IDCJAC0016,029063,2020,08,06,19.1
IDCJAC0016,029063,2020,08,07,18.5
IDCJAC0016,029063,2020,08,08,19.8
IDCJAC0016,029063,2020,08,09,20.3
IDCJAC0016,029063,2020,08,10,
IDCJAC0016,029063,2020,08,11,20.5
IDCJAC0016,029063,2020,08,12,20.5
IDCJAC0016,029063,2020,08,13,20.5
IDCJAC0016,029063,2020,08,14,20.7
IDCJAC0016,029063,2020,08,15,20.7
IDCJAC0016,029063,2020,08,16,20.9
IDCJAC0016,029063,2020,08,17,21.0
IDCJAC0016,029063,2020,08,18,21.1
IDCJAC0016,029063,2020,08,19,21.1
IDCJAC0016,029063,2020,08,20,21.3
IDCJAC0016,029063,2020,08,21,21.4
IDCJAC0016,029063,2020,08,22,21.4
IDCJAC0016,029063,2020,08,23,21.5
IDCJAC0016,029063,2020,08,24,21.6
IDCJAC0016,029063,2020,08,25,21.7
IDCJAC0016,029063,2020,08,26,21.7
IDCJAC0016,029063,2020,08,27,21.8
IDCJAC0016,029063,2020,08,28,21.9
IDCJAC0016,029063,2020,08,29,21.9
IDCJAC0016,029063,2020,08,30,19.7
IDCJAC0016,029063,2020,08,31,22.2
IDCJAC0016,029063,2020,09,01,22.6
IDCJAC0016,029063,2020,09,02,22.7
IDCJAC0016,029063,2020,09,03,22.8
IDCJAC0016,029063,2020,09,04,22.9
IDCJAC0016,029063,2020,09,05,23.0
IDCJAC0016,029063,2020,09,06,23.1
IDCJAC0016,029063,2020,09,07,23.2
IDCJAC0016,029063,2020,09,08,23.2
IDCJAC0016,029063,2020,09,09,22.7
IDCJAC0016,029063,2020,09,10,22.9
IDCJAC0016,029063,2020,09,11,23.4
IDCJAC0016,029063,2020,09,12,23.3
IDCJAC0016,029063,2020,09,13,23.6
IDCJAC0016,029063,2020,09,14,20.0
IDCJAC0016,029063,2020,09,15,23.5
IDCJAC0016,029063,2020,09,16,23.7
IDCJAC0016,029063,2020,09,17,20.8
IDCJAC0016,029063,2020,09,18,20.1
IDCJAC0016,029063,2020,09,19,24.3
IDCJAC0016,029063,2020,09,20,24.3
IDCJAC0016,029063,2020,09,21,24.1
IDCJAC0016,029063,2020,09,22,24.4
IDCJAC0016,029063,2020,09,23,24.6
IDCJAC0016,029063,2020,09,24,24.9
IDCJAC0016,029063,2020,09,25,24.9
IDCJAC0016,029063,2020,09,26,25.0
IDCJAC0016,029063,2020,09,27,25.1
IDCJAC0016,029063,2020,09,28,25.2
IDCJAC0016,029063,2020,09,29,25.2
IDCJAC0016,029063,2020,09,30,25.3
IDCJAC0016,029063,2020,10,01,26.0
IDCJAC0016,029063,2020,10,02,26.1
IDCJAC0016,029063,2020,10,03,26.1
IDCJAC0016,029063,2020,10,04,26.2
IDCJAC0016,029063,2020,10,05,
IDCJAC0016,029063,2020,10,06,
IDCJAC0016,029063,2020,10,07,26.4
IDCJAC0016,029063,2020,10,08,24.1
IDCJAC0016,029063,2020,10,09,25.8
IDCJAC0016,029063,2020,10,10,26.7
IDCJAC0016,029063,2020,10,11,26.8
IDCJAC0016,029063,2020,10,12,26.3
IDCJAC0016,029063,2020,10,13,26.9
IDCJAC0016,029063,2020,10,14,24.1
IDCJAC0016,029063,2020,10,15,26.5
IDCJAC0016,029063,2020,10,16,26.0
IDCJAC0016,029063,2020,10,17,25.7
IDCJAC0016,029063,2020,10,18,27.5
IDCJAC0016,029063,2020,10,19,27.1
IDCJAC0016,029063,2020,10,20,27.4
IDCJAC0016,029063,2020,10,21,27.4
IDCJAC0016,029063,2020,10,22,26.7
IDCJAC0016,029063,2020,10,23,25.7
IDCJAC0016,029063,2020,10,24,16.2
IDCJAC0016,029063,2020,10,25,27.4
IDCJAC0016,029063,2020,10,26,16.3
IDCJAC0016,029063,2020,10,27,19.6
IDCJAC0016,029063,2020,10,28,27.8
IDCJAC0016,029063,2020,10,29,28.4
IDCJAC0016,029063,2020,10,30,28.4
IDCJAC0016,029063,2020,10,31,28.4
IDCJAC0016,029063,2020,11,01,28.8
IDCJAC0016,029063,2020,11,02,28.8
IDCJAC0016,029063,2020,11,03,28.8
IDCJAC0016,029063,2020,11,04,28.4
IDCJAC0016,029063,2020,11,05,26.8
IDCJAC0016,029063,2020,11,06,28.8
IDCJAC0016,029063,2020,11,07,29.1
IDCJAC0016,029063,2020,11,08,28.9
IDCJAC0016,029063,2020,11,09,26.2
IDCJAC0016,029063,2020,11,10,28.6
IDCJAC0016,029063,2020,11,11,28.3
IDCJAC0016,029063,2020,11,12,26.6
IDCJAC0016,029063,2020,11,13,28.1
IDCJAC0016,029063,2020,11,14,26.8
IDCJAC0016,029063,2020,11,15,12.4
IDCJAC0016,029063,2020,11,16,28.8
IDCJAC0016,029063,2020,11,17,28.8
IDCJAC0016,029063,2020,11,18,29.1
IDCJAC0016,029063,2020,11,19,29.4
IDCJAC0016,029063,2020,11,20,29.4
IDCJAC0016,029063,2020,11,21,28.9
IDCJAC0016,029063,2020,11,22,29.6
IDCJAC0016,029063,2020,11,23,29.6
IDCJAC0016,029063,2020,11,24,27.6
IDCJAC0016,029063,2020,11,25,24.9
IDCJAC0016,029063,2020,11,26,29.3
IDCJAC0016,029063,2020,11,27,29.6
IDCJAC0016,029063,2020,11,28,29.5
IDCJAC0016,029063,2020,11,29,28.8
IDCJAC0016,029063,2020,11,30,28.4
IDCJAC0016,029063,2020,12,01,29.4
IDCJAC0016,029063,2020,12,02,24.3
IDCJAC0016,029063,2020,12,03,28.3
IDCJAC0016,029063,2020,12,04,29.7
IDCJAC0016,029063,2020,12,05,29.5
IDCJAC0016,029063,2020,12,06,28.2
IDCJAC0016,029063,2020,12,07,29.4
IDCJAC0016,029063,2020,12,08,26.9
IDCJAC0016,029063,2020,12,09,28.8
IDCJAC0016,029063,2020,12,10,28.1
IDCJAC0016,029063,2020,12,11,16.7
IDCJAC0016,029063,2020,12,12,20.9
IDCJAC0016,029063,2020,12,13,19.1
IDCJAC0016,029063,2020,12,14,16.0
IDCJAC0016,029063,2020,12,15,16.8
IDCJAC0016,029063,2020,12,16,26.4
IDCJAC0016,029063,2020,12,17,24.0
IDCJAC0016,029063,2020,12,18,21.5
IDCJAC0016,029063,2020,12,19,27.0
IDCJAC0016,029063,2020,12,20,28.1
IDCJAC0016,029063,2020,12,21,8.3
IDCJAC0016,029063,2020,12,22,26.9
IDCJAC0016,029063,2020,12,23,17.0
IDCJAC0016,029063,2020,12,24,27.3
IDCJAC0016,029063,2020,12,25,17.8
IDCJAC0016,029063,2020,12,26,27.5
IDCJAC0016,029063,2020,12,27,21.3
IDCJAC0016,029063,2020,12,28,10.0
IDCJAC0016,029063,2020,12,29,11.1
IDCJAC0016,029063,2020,12,30,19.7
IDCJAC0016,029063,2020,12,31,8.1
IDCJAC0016,029063,2021,01,01,8.3
IDCJAC0016,029063,2021,01,02,19.1
IDCJAC0016,029063,2021,01,03,1.2
IDCJAC0016,029063,2021,01,04,17.2
IDCJAC0016,029063,2021,01,05,27.8
IDCJAC0016,029063,2021,01,06,25.7
IDCJAC0016,029063,2021,01,07,6.3
IDCJAC0016,029063,2021,01,08,26.2
IDCJAC0016,029063,2021,01,09,24.1
IDCJAC0016,029063,2021,01,10,20.8
IDCJAC0016,029063,2021,01,11,29.3
IDCJAC0016,029063,2021,01,12,27.6
IDCJAC0016,029063,2021,01,13,28.0
IDCJAC0016,029063,2021,01,14,19.4
IDCJAC0016,029063,2021,01,15,24.6
IDCJAC0016,029063,2021,01,16,27.4
IDCJAC0016,029063,2021,01,17,27.8
IDCJAC0016,029063,2021,01,18,24.0
IDCJAC0016,029063,2021,01,19,23.2
IDCJAC0016,029063,2021,01,20,19.6
IDCJAC0016,029063,2021,01,21,24.4
IDCJAC0016,029063,2021,01,22,27.8
IDCJAC0016,029063,2021,01,23,27.3
IDCJAC0016,029063,2021,01,24,28.6
IDCJAC0016,029063,2021,01,25,29.3
IDCJAC0016,029063,2021,01,26,27.2
IDCJAC0016,029063,2021,01,27,29.0
IDCJAC0016,029063,2021,01,28,29.1
IDCJAC0016,029063,2021,01,29,27.4
IDCJAC0016,029063,2021,01,30,26.8
IDCJAC0016,029063,2021,01,31,20.4
IDCJAC0016,029063,2021,02,01,20.2
IDCJAC0016,029063,2021,02,02,20.8
IDCJAC0016,029063,2021,02,03,18.8
IDCJAC0016,029063,2021,02,04,25.8
IDCJAC0016,029063,2021,02,05,19.8
IDCJAC0016,029063,2021,02,06,18.4
IDCJAC0016,029063,2021,02,07,13.1
IDCJAC0016,029063,2021,02,08,22.6
IDCJAC0016,029063,2021,02,09,20.8
IDCJAC0016,029063,2021,02,10,22.6
IDCJAC0016,029063,2021,02,11,26.0
IDCJAC0016,029063,2021,02,12,27.7
IDCJAC0016,029063,2021,02,13,25.4
IDCJAC0016,029063,2021,02,14,23.2
IDCJAC0016,029063,2021,02,15,10.1
IDCJAC0016,029063,2021,02,16,20.3
IDCJAC0016,029063,2021,02,17,21.6
IDCJAC0016,029063,2021,02,18,10.8
IDCJAC0016,029063,2021,02,19,7.7
IDCJAC0016,029063,2021,02,20,12.3
IDCJAC0016,029063,2021,02,21,4.7
IDCJAC0016,029063,2021,02,22,23.0
IDCJAC0016,029063,2021,02,23,28.1
IDCJAC0016,029063,2021,02,24,24.0
IDCJAC0016,029063,2021,02,25,11.4
IDCJAC0016,029063,2021,02,26,26.7
IDCJAC0016,029063,2021,02,27,27.2
IDCJAC0016,029063,2021,02,28,22.7
IDCJAC0016,029063,2021,03,01,27.4
IDCJAC0016,029063,2021,03,02,25.2
IDCJAC0016,029063,2021,03,03,26.9
IDCJAC0016,029063,2021,03,04,27.3
IDCJAC0016,029063,2021,03,05,27.3
IDCJAC0016,029063,2021,03,06,26.6
IDCJAC0016,029063,2021,03,07,26.2
IDCJAC0016,029063,2021,03,08,25.7
IDCJAC0016,029063,2021,03,09,26.7
IDCJAC0016,029063,2021,03,10,24.6
IDCJAC0016,029063,2021,03,11,25.4
IDCJAC0016,029063,2021,03,12,26.6
IDCJAC0016,029063,2021,03,13,26.4
IDCJAC0016,029063,2021,03,14,25.4
IDCJAC0016,029063,2021,03,15,24.3
IDCJAC0016,029063,2021,03,16,22.1
IDCJAC0016,029063,2021,03,17,19.6
IDCJAC0016,029063,2021,03,18,23.0
IDCJAC0016,029063,2021,03,19,24.9
IDCJAC0016,029063,2021,03,20,24.6
IDCJAC0016,029063,2021,03,21,22.7
IDCJAC0016,029063,2021,03,22,23.8
IDCJAC0016,029063,2021,03,23,24.7
IDCJAC0016,029063,2021,03,24,19.0
IDCJAC0016,029063,2021,03,25,24.1
IDCJAC0016,029063,2021,03,26,21.6
IDCJAC0016,029063,2021,03,27,24.2
IDCJAC0016,029063,2021,03,28,24.0
IDCJAC0016,029063,2021,03,29,24.5
IDCJAC0016,029063,2021,03,30,24.5
IDCJAC0016,029063,2021,03,31,24.5
IDCJAC0016,029063,2021,04,01,24.2
IDCJAC0016,029063,2021,04,02,24.2
IDCJAC0016,029063,2021,04,03,24.0
IDCJAC0016,029063,2021,04,04,23.6
IDCJAC0016,029063,2021,04,05,22.4
IDCJAC0016,029063,2021,04,06,23.2
IDCJAC0016,029063,2021,04,07,21.9
IDCJAC0016,029063,2021,04,08,21.4
IDCJAC0016,029063,2021,04,09,23.0
IDCJAC0016,029063,2021,04,10,19.4
IDCJAC0016,029063,2021,04,11,23.1
IDCJAC0016,029063,2021,04,12,23.0
IDCJAC0016,029063,2021,04,13,22.8
IDCJAC0016,029063,2021,04,14,22.1
IDCJAC0016,029063,2021,04,15,21.3
IDCJAC0016,029063,2021,04,16,22.0
IDCJAC0016,029063,2021,04,17,22.3
IDCJAC0016,029063,2021,04,18,21.9
IDCJAC0016,029063,2021,04,19,21.7
IDCJAC0016,029063,2021,04,20,21.5
IDCJAC0016,029063,2021,04,21,17.3
IDCJAC0016,029063,2021,04,22,12.1
IDCJAC0016,029063,2021,04,23,21.6
IDCJAC0016,029063,2021,04,24,20.8
IDCJAC0016,029063,2021,04,25,19.2
IDCJAC0016,029063,2021,04,26,21.0
IDCJAC0016,029063,2021,04,27,20.9
IDCJAC0016,029063,2021,04,28,21.2
IDCJAC0016,029063,2021,04,29,20.6
IDCJAC0016,029063,2021,04,30,20.6
IDCJAC0016,029063,2021,05,01,20.8
IDCJAC0016,029063,2021,05,02,20.8
IDCJAC0016,029063,2021,05,03,20.3
IDCJAC0016,029063,2021,05,04,20.3
IDCJAC0016,029063,2021,05,05,20.1
IDCJAC0016,029063,2021,05,06,20.4
IDCJAC0016,029063,2021,05,07,20.3
IDCJAC0016,029063,2021,05,08,20.0
IDCJAC0016,029063,2021,05,09,20.1
IDCJAC0016,029063,2021,05,10,20.0
IDCJAC0016,029063,2021,05,11,19.8
IDCJAC0016,029063,2021,05,12,19.9
IDCJAC0016,029063,2021,05,13,19.8
IDCJAC0016,029063,2021,05,14,19.7
IDCJAC0016,029063,2021,05,15,19.6
IDCJAC0016,029063,2021,05,16,19.5
IDCJAC0016,029063,2021,05,17,19.4
IDCJAC0016,029063,2021,05,18,19.3
IDCJAC0016,029063,2021,05,19,19.2
IDCJAC0016,029063,2021,05,20,18.9
IDCJAC0016,029063,2021,05,21,18.9
IDCJAC0016,029063,2021,05,22,18.0
IDCJAC0016,029063,2021,05,23,18.9
IDCJAC0016,029063,2021,05,24,18.0
IDCJAC0016,029063,2021,05,25,18.1
IDCJAC0016,029063,2021,05,26,18.5
IDCJAC0016,029063,2021,05,27,18.7
IDCJAC0016,029063,2021,05,28,18.6
IDCJAC0016,029063,2021,05,29,18.6
IDCJAC0016,029063,2021,05,30,18.5
IDCJAC0016,029063,2021,05,31,18.4
IDCJAC0016,029063,2021,06,01,18.3
IDCJAC0016,029063,2021,06,02,17.9
IDCJAC0016,029063,2021,06,03,18.0
IDCJAC0016,029063,2021,06,04,18.3
IDCJAC0016,029063,2021,06,05,18.2
IDCJAC0016,029063,2021,06,06,16.9
IDCJAC0016,029063,2021,06,07,18.2
IDCJAC0016,029063,2021,06,08,18.2
IDCJAC0016,029063,2021,06,09,18.0
IDCJAC0016,029063,2021,06,10,18.1
IDCJAC0016,029063,2021,06,11,17.9
IDCJAC0016,029063,2021,06,12,17.7
IDCJAC0016,029063,2021,06,13,17.8
IDCJAC0016,029063,2021,06,14,17.9
IDCJAC0016,029063,2021,06,15,17.7
IDCJAC0016,029063,2021,06,16,17.6
IDCJAC0016,029063,2021,06,17,17.6
IDCJAC0016,029063,2021,06,18,17.9
IDCJAC0016,029063,2021,06,19,17.8
IDCJAC0016,029063,2021,06,20,17.9
IDCJAC0016,029063,2021,06,21,17.9
IDCJAC0016,029063,2021,06,22,17.8
IDCJAC0016,029063,2021,06,23,17.5
IDCJAC0016,029063,2021,06,24,15.8
IDCJAC0016,029063,2021,06,25,13.9
IDCJAC0016,029063,2021,06,26,17.7
IDCJAC0016,029063,2021,06,27,17.8
IDCJAC0016,029063,2021,06,28,17.6
IDCJAC0016,029063,2021,06,29,17.8
IDCJAC0016,029063,2021,06,30,17.0
IDCJAC0016,029063,2021,07,01,15.8
IDCJAC0016,029063,2021,07,02,15.8
IDCJAC0016,029063,2021,07,03,17.6
IDCJAC0016,029063,2021,07,04,18.1
IDCJAC0016,029063,2021,07,05,18.1
IDCJAC0016,029063,2021,07,06,18.1
IDCJAC0016,029063,2021,07,07,18.0
IDCJAC0016,029063,2021,07,08,18.1
IDCJAC0016,029063,2021,07,09,18.0
IDCJAC0016,029063,2021,07,10,18.3
IDCJAC0016,029063,2021,07,11,18.3
IDCJAC0016,029063,2021,07,12,18.3
IDCJAC0016,029063,2021,07,13,17.6
IDCJAC0016,029063,2021,07,14,18.3
IDCJAC0016,029063,2021,07,15,18.5
IDCJAC0016,029063,2021,07,16,17.8
IDCJAC0016,029063,2021,07,17,18.5
IDCJAC0016,029063,2021,07,18,18.6
IDCJAC0016,029063,2021,07,19,18.4
IDCJAC0016,029063,2021,07,20,18.7
IDCJAC0016,029063,2021,07,21,18.8
IDCJAC0016,029063,2021,07,22,18.8
IDCJAC0016,029063,2021,07,23,18.7
IDCJAC0016,029063,2021,07,24,19.1
IDCJAC0016,029063,2021,07,25,19.1
IDCJAC0016,029063,2021,07,26,19.2
IDCJAC0016,029063,2021,07,27,19.1
IDCJAC0016,029063,2021,07,28,19.2
IDCJAC0016,029063,2021,07,29,19.4
IDCJAC0016,029063,2021,07,30,19.5
IDCJAC0016,029063,2021,07,31,19.6
IDCJAC0016,029063,2021,08,01,19.7
IDCJAC0016,029063,2021,08,02,19.7
IDCJAC0016,029063,2021,08,03,19.6
IDCJAC0016,029063,2021,08,04,20.1
IDCJAC0016,029063,2021,08,05,20.2
IDCJAC0016,029063,2021,08,06,14.5
IDCJAC0016,029063,2021,08,07,20.3
IDCJAC0016,029063,2021,08,08,20.4
IDCJAC0016,029063,2021,08,09,20.5
IDCJAC0016,029063,2021,08,10,20.6
IDCJAC0016,029063,2021,08,11,20.2
IDCJAC0016,029063,2021,08,12,20.6
IDCJAC0016,029063,2021,08,13,20.6
IDCJAC0016,029063,2021,08,14,20.9
IDCJAC0016,029063,2021,08,15,20.4
IDCJAC0016,029063,2021,08,16,19.9
IDCJAC0016,029063,2021,08,17,20.6
IDCJAC0016,029063,2021,08,18,19.5
IDCJAC0016,029063,2021,08,19,21.3
IDCJAC0016,029063,2021,08,20,21.4
IDCJAC0016,029063,2021,08,21,21.5
IDCJAC0016,029063,2021,08,22,21.1
IDCJAC0016,029063,2021,08,23,21.2
IDCJAC0016,029063,2021,08,24,21.1
IDCJAC0016,029063,2021,08,25,21.8
IDCJAC0016,029063,2021,08,26,21.9
IDCJAC0016,029063,2021,08,27,22.0
IDCJAC0016,029063,2021,08,28,22.1
IDCJAC0016,029063,2021,08,29,22.1
IDCJAC0016,029063,2021,08,30,21.5
IDCJAC0016,029063,2021,08,31,20.1
IDCJAC0016,029063,2021,09,01,22.9
IDCJAC0016,029063,2021,09,02,21.8
IDCJAC0016,029063,2021,09,03,23.0
IDCJAC0016,029063,2021,09,04,22.8
IDCJAC0016,029063,2021,09,05,23.1
IDCJAC0016,029063,2021,09,06,23.2
IDCJAC0016,029063,2021,09,07,23.2
IDCJAC0016,029063,2021,09,08,23.3
IDCJAC0016,029063,2021,09,09,23.4
IDCJAC0016,029063,2021,09,10,23.4
IDCJAC0016,029063,2021,09,11,22.7
IDCJAC0016,029063,2021,09,12,23.5
IDCJAC0016,029063,2021,09,13,22.6
IDCJAC0016,029063,2021,09,14,22.8
IDCJAC0016,029063,2021,09,15,23.9
IDCJAC0016,029063,2021,09,16,24.1
IDCJAC0016,029063,2021,09,17,24.1
IDCJAC0016,029063,2021,09,18,24.1
IDCJAC0016,029063,2021,09,19,24.3
IDCJAC0016,029063,2021,09,20,24.4
IDCJAC0016,029063,2021,09,21,24.6
IDCJAC0016,029063,2021,09,22,24.5
IDCJAC0016,029063,2021,09,23,24.8
IDCJAC0016,029063,2021,09,24,24.8
IDCJAC0016,029063,2021,09,25,24.9
IDCJAC0016,029063,2021,09,26,25.0
IDCJAC0016,029063,2021,09,27,25.1
IDCJAC0016,029063,2021,09,28,25.1
IDCJAC0016,029063,2021,09,29,25.0
IDCJAC0016,029063,2021,09,30,25.3
IDCJAC0016,029063,2021,10,01,21.2
IDCJAC0016,029063,2021,10,02,26.1
IDCJAC0016,029063,2021,10,03,26.2
IDCJAC0016,029063,2021,10,04,25.4
IDCJAC0016,029063,2021,10,05,26.4
IDCJAC0016,029063,2021,10,06,20.2
IDCJAC0016,029063,2021,10,07,26.5
IDCJAC0016,029063,2021,10,08,26.7
IDCJAC0016,029063,2021,10,09,26.7
IDCJAC0016,029063,2021,10,10,26.8
IDCJAC0016,029063,2021,10,11,23.5
IDCJAC0016,029063,2021,10,12,26.9
IDCJAC0016,029063,2021,10,13,25.6
IDCJAC0016,029063,2021,10,14,26.0
IDCJAC0016,029063,2021,10,15,26.2
IDCJAC0016,029063,2021,10,16,27.3
IDCJAC0016,029063,2021,10,17,27.3
IDCJAC0016,029063,2021,10,18,27.5
IDCJAC0016,029063,2021,10,19,27.6
IDCJAC0016,029063,2021,10,20,26.9
IDCJAC0016,029063,2021,10,21,19.7
IDCJAC0016,029063,2021,10,22,27.8
IDCJAC0016,029063,2021,10,23,10.0
IDCJAC0016,029063,2021,10,24,27.2
IDCJAC0016,029063,2021,10,25,27.7
IDCJAC0016,029063,2021,10,26,27.7
IDCJAC0016,029063,2021,10,27,28.0
IDCJAC0016,029063,2021,10,28,27.8
IDCJAC0016,029063,2021,10,29,19.8
IDCJAC0016,029063,2021,10,30,16.8
IDCJAC0016,029063,2021,10,31,28.4
IDCJAC0016,029063,2021,11,01,25.7
IDCJAC0016,029063,2021,11,02,27.6
IDCJAC0016,029063,2021,11,03,26.4
IDCJAC0016,029063,2021,11,04,28.6
IDCJAC0016,029063,2021,11,05,28.7
IDCJAC0016,029063,2021,11,06,29.0
IDCJAC0016,029063,2021,11,07,26.9
IDCJAC0016,029063,2021,11,08,24.8
IDCJAC0016,029063,2021,11,09,22.0
IDCJAC0016,029063,2021,11,10,23.3
IDCJAC0016,029063,2021,11,11,20.5
IDCJAC0016,029063,2021,11,12,15.4
IDCJAC0016,029063,2021,11,13,28.7
IDCJAC0016,029063,2021,11,14,29.3
IDCJAC0016,029063,2021,11,15,29.2
IDCJAC0016,029063,2021,11,16,29.4
IDCJAC0016,029063,2021,11,17,29.1
IDCJAC0016,029063,2021,11,18,28.4
IDCJAC0016,029063,2021,11,19,29.3
IDCJAC0016,029063,2021,11,20,29.5
IDCJAC0016,029063,2021,11,21,29.5
IDCJAC0016,029063,2021,11,22,29.4
IDCJAC0016,029063,2021,11,23,28.0
IDCJAC0016,029063,2021,11,24,25.0
IDCJAC0016,029063,2021,11,25,17.5
IDCJAC0016,029063,2021,11,26,22.3
IDCJAC0016,029063,2021,11,27,28.9
IDCJAC0016,029063,2021,11,28,29.4
IDCJAC0016,029063,2021,11,29,26.7
IDCJAC0016,029063,2021,11,30,21.4
IDCJAC0016,029063,2021,12,01,25.1
IDCJAC0016,029063,2021,12,02,26.5
IDCJAC0016,029063,2021,12,03,25.6
IDCJAC0016,029063,2021,12,04,14.9
IDCJAC0016,029063,2021,12,05,29.7
IDCJAC0016,029063,2021,12,06,16.0
IDCJAC0016,029063,2021,12,07,29.2
IDCJAC0016,029063,2021,12,08,27.5
IDCJAC0016,029063,2021,12,09,19.2
IDCJAC0016,029063,2021,12,10,29.8
IDCJAC0016,029063,2021,12,11,29.8
IDCJAC0016,029063,2021,12,12,29.8
IDCJAC0016,029063,2021,12,13,28.7
IDCJAC0016,029063,2021,12,14,25.5
IDCJAC0016,029063,2021,12,15,22.9
IDCJAC0016,029063,2021,12,16,26.0
IDCJAC0016,029063,2021,12,17,20.3
IDCJAC0016,029063,2021,12,18,21.3
IDCJAC0016,029063,2021,12,19,26.4
IDCJAC0016,029063,2021,12,20,19.4
IDCJAC0016,029063,2021,12,21,26.3
IDCJAC0016,029063,2021,12,22,27.1
IDCJAC0016,029063,2021,12,23,22.1
IDCJAC0016,029063,2021,12,24,20.7
IDCJAC0016,029063,2021,12,25,25.8
IDCJAC0016,029063,2021,12,26,11.1
IDCJAC0016,029063,2021,12,27,10.3
IDCJAC0016,029063,2021,12,28,9.2
IDCJAC0016,029063,2021,12,29,15.7
IDCJAC0016,029063,2021,12,30,28.0
IDCJAC0016,029063,2021,12,31,25.9
IDCJAC0016,029063,2022,01,01,19.6
IDCJAC0016,029063,2022,01,02,22.0
IDCJAC0016,029063,2022,01,03,28.9
IDCJAC0016,029063,2022,01,04,26.4
IDCJAC0016,029063,2022,01,05,24.6
IDCJAC0016,029063,2022,01,06,28.0
IDCJAC0016,029063,2022,01,07,29.7
IDCJAC0016,029063,2022,01,08,29.8
IDCJAC0016,029063,2022,01,09,29.8
IDCJAC0016,029063,2022,01,10,23.7
IDCJAC0016,029063,2022,01,11,25.7
IDCJAC0016,029063,2022,01,12,22.9
IDCJAC0016,029063,2022,01,13,26.9
IDCJAC0016,029063,2022,01,14,28.1
IDCJAC0016,029063,2022,01,15,27.6
IDCJAC0016,029063,2022,01,16,29.6
IDCJAC0016,029063,2022,01,17,26.2
IDCJAC0016,029063,2022,01,18,23.6
IDCJAC0016,029063,2022,01,19,18.6
IDCJAC0016,029063,2022,01,20,28.3
IDCJAC0016,029063,2022,01,21,22.1
IDCJAC0016,029063,2022,01,22,28.2
IDCJAC0016,029063,2022,01,23,23.5
IDCJAC0016,029063,2022,01,24,16.2
IDCJAC0016,029063,2022,01,25,12.3
IDCJAC0016,029063,2022,01,26,12.5
IDCJAC0016,029063,2022,01,27,16.1
IDCJAC0016,029063,2022,01,28,9.3
IDCJAC0016,029063,2022,01,29,11.6
IDCJAC0016,029063,2022,01,30,22.8
IDCJAC0016,029063,2022,01,31,19.5
IDCJAC0016,029063,2022,02,01,27.0
IDCJAC0016,029063,2022,02,02,27.4
IDCJAC0016,029063,2022,02,03,14.1
IDCJAC0016,029063,2022,02,04,13.4
IDCJAC0016,029063,2022,02,05,28.9
IDCJAC0016,029063,2022,02,06,27.9
IDCJAC0016,029063,2022,02,07,19.6
IDCJAC0016,029063,2022,02,08,21.1
IDCJAC0016,029063,2022,02,09,23.6
IDCJAC0016,029063,2022,02,10,28.2
IDCJAC0016,029063,2022,02,11,28.1
IDCJAC0016,029063,2022,02,12,27.7
IDCJAC0016,029063,2022,02,13,16.8
IDCJAC0016,029063,2022,02,14,28.1
IDCJAC0016,029063,2022,02,15,27.7
IDCJAC0016,029063,2022,02,16,
IDCJAC0016,029063,2022,02,17,22.1
IDCJAC0016,029063,2022,02,18,26.5
IDCJAC0016,029063,2022,02,19,28.0
IDCJAC0016,029063,2022,02,20,23.4
IDCJAC0016,029063,2022,02,21,28.0
IDCJAC0016,029063,2022,02,22,16.4
IDCJAC0016,029063,2022,02,23,25.5
IDCJAC0016,029063,2022,02,24,27.9
IDCJAC0016,029063,2022,02,25,27.8
IDCJAC0016,029063,2022,02,26,26.8
IDCJAC0016,029063,2022,02,27,24.5
IDCJAC0016,029063,2022,02,28,23.4
IDCJAC0016,029063,2022,03,01,24.4
IDCJAC0016,029063,2022,03,02,14.9
IDCJAC0016,029063,2022,03,03,25.0
IDCJAC0016,029063,2022,03,04,26.9
IDCJAC0016,029063,2022,03,05,26.3
IDCJAC0016,029063,2022,03,06,26.3
IDCJAC0016,029063,2022,03,07,27.0
IDCJAC0016,029063,2022,03,08,26.9
IDCJAC0016,029063,2022,03,09,26.8
IDCJAC0016,029063,2022,03,10,24.3
IDCJAC0016,029063,2022,03,11,23.6
IDCJAC0016,029063,2022,03,12,14.1
IDCJAC0016,029063,2022,03,13,18.6
IDCJAC0016,029063,2022,03,14,24.5
IDCJAC0016,029063,2022,03,15,23.0
IDCJAC0016,029063,2022,03,16,23.6
IDCJAC0016,029063,2022,03,17,25.9
IDCJAC0016,029063,2022,03,18,24.4
IDCJAC0016,029063,2022,03,19,24.6
IDCJAC0016,029063,2022,03,20,25.5
IDCJAC0016,029063,2022,03,21,20.5
IDCJAC0016,029063,2022,03,22,24.9
IDCJAC0016,029063,2022,03,23,24.1
IDCJAC0016,029063,2022,03,24,20.3
IDCJAC0016,029063,2022,03,25,17.9
IDCJAC0016,029063,2022,03,26,24.5
IDCJAC0016,029063,2022,03,27,23.6
IDCJAC0016,029063,2022,03,28,24.8
IDCJAC0016,029063,2022,03,29,24.6
IDCJAC0016,029063,2022,03,30,24.4
IDCJAC0016,029063,2022,03,31,24.4
IDCJAC0016,029063,2022,04,01,24.2
IDCJAC0016,029063,2022,04,02,24.1
IDCJAC0016,029063,2022,04,03,17.2
IDCJAC0016,029063,2022,04,04,18.7
IDCJAC0016,029063,2022,04,05,20.3
IDCJAC0016,029063,2022,04,06,23.6
IDCJAC0016,029063,2022,04,07,23.5
IDCJAC0016,029063,2022,04,08,23.3
IDCJAC0016,029063,2022,04,09,23.2
IDCJAC0016,029063,2022,04,10,23.1
IDCJAC0016,029063,2022,04,11,22.9
IDCJAC0016,029063,2022,04,12,22.6
IDCJAC0016,029063,2022,04,13,22.1
IDCJAC0016,029063,2022,04,14,22.5
IDCJAC0016,029063,2022,04,15,22.4
IDCJAC0016,029063,2022,04,16,15.7
IDCJAC0016,029063,2022,04,17,21.8
IDCJAC0016,029063,2022,04,18,19.4
IDCJAC0016,029063,2022,04,19,20.4
IDCJAC0016,029063,2022,04,20,21.7
IDCJAC0016,029063,2022,04,21,21.8
IDCJAC0016,029063,2022,04,22,19.3
IDCJAC0016,029063,2022,04,23,17.6
IDCJAC0016,029063,2022,04,24,16.5
IDCJAC0016,029063,2022,04,25,11.4
IDCJAC0016,029063,2022,04,26,14.1
IDCJAC0016,029063,2022,04,27,17.2
IDCJAC0016,029063,2022,04,28,19.0
IDCJAC0016,029063,2022,04,29,21.0
IDCJAC0016,029063,2022,04,30,20.8
IDCJAC0016,029063,2022,05,01,20.8
IDCJAC0016,029063,2022,05,02,20.3
IDCJAC0016,029063,2022,05,03,20.2
IDCJAC0016,029063,2022,05,04,18.4
IDCJAC0016,029063,2022,05,05,20.5
IDCJAC0016,029063,2022,05,06,19.9
IDCJAC0016,029063,2022,05,07,20.3
IDCJAC0016,029063,2022,05,08,19.9
IDCJAC0016,029063,2022,05,09,13.7
IDCJAC0016,029063,2022,05,10,7.6
IDCJAC0016,029063,2022,05,11,10.8
IDCJAC0016,029063,2022,05,12,19.7
IDCJAC0016,029063,2022,05,13,19.9
IDCJAC0016,029063,2022,05,14,19.8
IDCJAC0016,029063,2022,05,15,19.7
IDCJAC0016,029063,2022,05,16,19.6
IDCJAC0016,029063,2022,05,17,19.5
IDCJAC0016,029063,2022,05,18,16.6
IDCJAC0016,029063,2022,05,19,18.1
IDCJAC0016,029063,2022,05,20,18.8
IDCJAC0016,029063,2022,05,21,19.0
IDCJAC0016,029063,2022,05,22,19.2
IDCJAC0016,029063,2022,05,23,18.8
IDCJAC0016,029063,2022,05,24,17.7
IDCJAC0016,029063,2022,05,25,16.0
IDCJAC0016,029063,2022,05,26,18.9
IDCJAC0016,029063,2022,05,27,18.8
IDCJAC0016,029063,2022,05,28,18.8
IDCJAC0016,029063,2022,05,29,18.7
IDCJAC0016,029063,2022,05,30,18.7
IDCJAC0016,029063,2022,05,31,17.4
IDCJAC0016,029063,2022,06,01,17.4
IDCJAC0016,029063,2022,06,02,18.5
IDCJAC0016,029063,2022,06,03,18.5
IDCJAC0016,029063,2022,06,04,18.4
IDCJAC0016,029063,2022,06,05,18.4
IDCJAC0016,029063,2022,06,06,17.6
IDCJAC0016,029063,2022,06,07,18.3
IDCJAC0016,029063,2022,06,08,18.1
IDCJAC0016,029063,2022,06,09,18.1
IDCJAC0016,029063,2022,06,10,18.3
IDCJAC0016,029063,2022,06,11,18.2
IDCJAC0016,029063,2022,06,12,18.2
IDCJAC0016,029063,2022,06,13,18.2
IDCJAC0016,029063,2022,06,14,18.2
IDCJAC0016,029063,2022,06,15,18.1
IDCJAC0016,029063,2022,06,16,18.1
IDCJAC0016,029063,2022,06,17,18.1
IDCJAC0016,029063,2022,06,18,17.6
IDCJAC0016,029063,2022,06,19,18.1
IDCJAC0016,029063,2022,06,20,17.7
IDCJAC0016,029063,2022,06,21,18.1
IDCJAC0016,029063,2022,06,22,18.0
