Product code,Bureau of Meteorology station number,Year,Month,Day,Maximum temperature (Degree C),Days of accumulation of maximum temperature,Quality
IDCJAC0010,010917,1998,01,01,,,
IDCJAC0010,010917,1998,01,02,,,
IDCJAC0010,010917,1998,01,03,,,
IDCJAC0010,010917,1998,01,04,,,
IDCJAC0010,010917,1998,01,05,,,
IDCJAC0010,010917,1998,01,06,,,
IDCJAC0010,010917,1998,01,07,,,
IDCJAC0010,010917,1998,01,08,,,
IDCJAC0010,010917,1998,01,09,,,
IDCJAC0010,010917,1998,01,10,,,
IDCJAC0010,010917,1998,01,11,,,
IDCJAC0010,010917,1998,01,12,,,
IDCJAC0010,010917,1998,01,13,,,
IDCJAC0010,010917,1998,01,14,,,
IDCJAC0010,010917,1998,01,15,,,
IDCJAC0010,010917,1998,01,16,,,
IDCJAC0010,010917,1998,01,17,,,
IDCJAC0010,010917,1998,01,18,,,
IDCJAC0010,010917,1998,01,19,,,
IDCJAC0010,010917,1998,01,20,,,
IDCJAC0010,010917,1998,01,21,,,
IDCJAC0010,010917,1998,01,22,,,
IDCJAC0010,010917,1998,01,23,,,
IDCJAC0010,010917,1998,01,24,,,
IDCJAC0010,010917,1998,01,25,,,
IDCJAC0010,010917,1998,01,26,,,
IDCJAC0010,010917,1998,01,27,,,
IDCJAC0010,010917,1998,01,28,,,
IDCJAC0010,010917,1998,01,29,,,
IDCJAC0010,010917,1998,01,30,,,
IDCJAC0010,010917,1998,01,31,,,
IDCJAC0010,010917,1998,02,01,,,
IDCJAC0010,010917,1998,02,02,,,
IDCJAC0010,010917,1998,02,03,,,
IDCJAC0010,010917,1998,02,04,,,
IDCJAC0010,010917,1998,02,05,,,
IDCJAC0010,010917,1998,02,06,,,
IDCJAC0010,010917,1998,02,07,,,
IDCJAC0010,010917,1998,02,08,,,
IDCJAC0010,010917,1998,02,09,,,
IDCJAC0010,010917,1998,02,10,,,
IDCJAC0010,010917,1998,02,11,,,
IDCJAC0010,010917,1998,02,12,,,
IDCJAC0010,010917,1998,02,13,,,
IDCJAC0010,010917,1998,02,14,,,
IDCJAC0010,010917,1998,02,15,,,
IDCJAC0010,010917,1998,02,16,,,
IDCJAC0010,010917,1998,02,17,,,
IDCJAC0010,010917,1998,02,18,,,
IDCJAC0010,010917,1998,02,19,,,
IDCJAC0010,010917,1998,02,20,,,
IDCJAC0010,010917,1998,02,21,,,
IDCJAC0010,010917,1998,02,22,,,
IDCJAC0010,010917,1998,02,23,,,
IDCJAC0010,010917,1998,02,24,,,
IDCJAC0010,010917,1998,02,25,,,
IDCJAC0010,010917,1998,02,26,,,
IDCJAC0010,010917,1998,02,27,,,
IDCJAC0010,010917,1998,02,28,,,
IDCJAC0010,010917,1998,03,01,,,
IDCJAC0010,010917,1998,03,02,,,
IDCJAC0010,010917,1998,03,03,,,
IDCJAC0010,010917,1998,03,04,,,
IDCJAC0010,010917,1998,03,05,,,
IDCJAC0010,010917,1998,03,06,,,
IDCJAC0010,010917,1998,03,07,,,
IDCJAC0010,010917,1998,03,08,,,
IDCJAC0010,010917,1998,03,09,,,
IDCJAC0010,010917,1998,03,10,,,
IDCJAC0010,010917,1998,03,11,,,
IDCJAC0010,010917,1998,03,12,,,
IDCJAC0010,010917,1998,03,13,,,
IDCJAC0010,010917,1998,03,14,,,
IDCJAC0010,010917,1998,03,15,,,
IDCJAC0010,010917,1998,03,16,,,
IDCJAC0010,010917,1998,03,17,,,
IDCJAC0010,010917,1998,03,18,,,
IDCJAC0010,010917,1998,03,19,,,
IDCJAC0010,010917,1998,03,20,,,
IDCJAC0010,010917,1998,03,21,,,
IDCJAC0010,010917,1998,03,22,,,
IDCJAC0010,010917,1998,03,23,,,
IDCJAC0010,010917,1998,03,24,,,
IDCJAC0010,010917,1998,03,25,,,
IDCJAC0010,010917,1998,03,26,,,
IDCJAC0010,010917,1998,03,27,,,
IDCJAC0010,010917,1998,03,28,,,
IDCJAC0010,010917,1998,03,29,,,
IDCJAC0010,010917,1998,03,30,,,
IDCJAC0010,010917,1998,03,31,,,
IDCJAC0010,010917,1998,04,01,,,
IDCJAC0010,010917,1998,04,02,,,
IDCJAC0010,010917,1998,04,03,,,
IDCJAC0010,010917,1998,04,04,,,
IDCJAC0010,010917,1998,04,05,,,
IDCJAC0010,010917,1998,04,06,,,
IDCJAC0010,010917,1998,04,07,,,
IDCJAC0010,010917,1998,04,08,,,
IDCJAC0010,010917,1998,04,09,,,
IDCJAC0010,010917,1998,04,10,,,
IDCJAC0010,010917,1998,04,11,,,
IDCJAC0010,010917,1998,04,12,,,
IDCJAC0010,010917,1998,04,13,,,
IDCJAC0010,010917,1998,04,14,,,
IDCJAC0010,010917,1998,04,15,,,
IDCJAC0010,010917,1998,04,16,,,
IDCJAC0010,010917,1998,04,17,,,
IDCJAC0010,010917,1998,04,18,,,
IDCJAC0010,010917,1998,04,19,,,
IDCJAC0010,010917,1998,04,20,,,
IDCJAC0010,010917,1998,04,21,,,
IDCJAC0010,010917,1998,04,22,,,
IDCJAC0010,010917,1998,04,23,,,
IDCJAC0010,010917,1998,04,24,,,
IDCJAC0010,010917,1998,04,25,,,
IDCJAC0010,010917,1998,04,26,,,
IDCJAC0010,010917,1998,04,27,,,
IDCJAC0010,010917,1998,04,28,,,
IDCJAC0010,010917,1998,04,29,,,
IDCJAC0010,010917,1998,04,30,,,
IDCJAC0010,010917,1998,05,01,,,
IDCJAC0010,010917,1998,05,02,,,
IDCJAC0010,010917,1998,05,03,,,
IDCJAC0010,010917,1998,05,04,,,
IDCJAC0010,010917,1998,05,05,,,
IDCJAC0010,010917,1998,05,06,,,
IDCJAC0010,010917,1998,05,07,,,
IDCJAC0010,010917,1998,05,08,,,
IDCJAC0010,010917,1998,05,09,,,
IDCJAC0010,010917,1998,05,10,,,
IDCJAC0010,010917,1998,05,11,,,
IDCJAC0010,010917,1998,05,12,,,
IDCJAC0010,010917,1998,05,13,,,
IDCJAC0010,010917,1998,05,14,,,
IDCJAC0010,010917,1998,05,15,,,
IDCJAC0010,010917,1998,05,16,,,
IDCJAC0010,010917,1998,05,17,,,
IDCJAC0010,010917,1998,05,18,,,
IDCJAC0010,010917,1998,05,19,,,
IDCJAC0010,010917,1998,05,20,,,
IDCJAC0010,010917,1998,05,21,,,
IDCJAC0010,010917,1998,05,22,,,
IDCJAC0010,010917,1998,05,23,,,
IDCJAC0010,010917,1998,05,24,,,
IDCJAC0010,010917,1998,05,25,,,
IDCJAC0010,010917,1998,05,26,,,
IDCJAC0010,010917,1998,05,27,,,
IDCJAC0010,010917,1998,05,28,,,
IDCJAC0010,010917,1998,05,29,,,
IDCJAC0010,010917,1998,05,30,,,
IDCJAC0010,010917,1998,05,31,,,
IDCJAC0010,010917,1998,06,01,,,
IDCJAC0010,010917,1998,06,02,,,
IDCJAC0010,010917,1998,06,03,,,
IDCJAC0010,010917,1998,06,04,,,
IDCJAC0010,010917,1998,06,05,,,
IDCJAC0010,010917,1998,06,06,,,
IDCJAC0010,010917,1998,06,07,,,
IDCJAC0010,010917,1998,06,08,,,
IDCJAC0010,010917,1998,06,09,,,
IDCJAC0010,010917,1998,06,10,,,
IDCJAC0010,010917,1998,06,11,,,
IDCJAC0010,010917,1998,06,12,,,
IDCJAC0010,010917,1998,06,13,,,
IDCJAC0010,010917,1998,06,14,,,
IDCJAC0010,010917,1998,06,15,,,
IDCJAC0010,010917,1998,06,16,,,
IDCJAC0010,010917,1998,06,17,,,
IDCJAC0010,010917,1998,06,18,,,
IDCJAC0010,010917,1998,06,19,,,
IDCJAC0010,010917,1998,06,20,,,
IDCJAC0010,010917,1998,06,21,,,
IDCJAC0010,010917,1998,06,22,,,
IDCJAC0010,010917,1998,06,23,,,
IDCJAC0010,010917,1998,06,24,,,
IDCJAC0010,010917,1998,06,25,,,
IDCJAC0010,010917,1998,06,26,,,
IDCJAC0010,010917,1998,06,27,,,
IDCJAC0010,010917,1998,06,28,,,
IDCJAC0010,010917,1998,06,29,,,
IDCJAC0010,010917,1998,06,30,,,
IDCJAC0010,010917,1998,07,01,,,
IDCJAC0010,010917,1998,07,02,,,
IDCJAC0010,010917,1998,07,03,,,
IDCJAC0010,010917,1998,07,04,,,
IDCJAC0010,010917,1998,07,05,,,
IDCJAC0010,010917,1998,07,06,,,
IDCJAC0010,010917,1998,07,07,,,
IDCJAC0010,010917,1998,07,08,,,
IDCJAC0010,010917,1998,07,09,,,
IDCJAC0010,010917,1998,07,10,,,
IDCJAC0010,010917,1998,07,11,,,
IDCJAC0010,010917,1998,07,12,,,
IDCJAC0010,010917,1998,07,13,,,
IDCJAC0010,010917,1998,07,14,,,
IDCJAC0010,010917,1998,07,15,,,
IDCJAC0010,010917,1998,07,16,,,
IDCJAC0010,010917,1998,07,17,,,
IDCJAC0010,010917,1998,07,18,,,
IDCJAC0010,010917,1998,07,19,,,
IDCJAC0010,010917,1998,07,20,,,
IDCJAC0010,010917,1998,07,21,,,
IDCJAC0010,010917,1998,07,22,,,
IDCJAC0010,010917,1998,07,23,,,
IDCJAC0010,010917,1998,07,24,,,
IDCJAC0010,010917,1998,07,25,,,
IDCJAC0010,010917,1998,07,26,,,
IDCJAC0010,010917,1998,07,27,,,
IDCJAC0010,010917,1998,07,28,,,
IDCJAC0010,010917,1998,07,29,,,
IDCJAC0010,010917,1998,07,30,,,
IDCJAC0010,010917,1998,07,31,,,
IDCJAC0010,010917,1998,08,01,,,
IDCJAC0010,010917,1998,08,02,,,
IDCJAC0010,010917,1998,08,03,,,
IDCJAC0010,010917,1998,08,04,,,
IDCJAC0010,010917,1998,08,05,,,
IDCJAC0010,010917,1998,08,06,,,
IDCJAC0010,010917,1998,08,07,,,
IDCJAC0010,010917,1998,08,08,,,
IDCJAC0010,010917,1998,08,09,,,
IDCJAC0010,010917,1998,08,10,,,
IDCJAC0010,010917,1998,08,11,,,
IDCJAC0010,010917,1998,08,12,,,
IDCJAC0010,010917,1998,08,13,,,
IDCJAC0010,010917,1998,08,14,,,
IDCJAC0010,010917,1998,08,15,,,
IDCJAC0010,010917,1998,08,16,,,
IDCJAC0010,010917,1998,08,17,,,
IDCJAC0010,010917,1998,08,18,,,
IDCJAC0010,010917,1998,08,19,,,
IDCJAC0010,010917,1998,08,20,,,
IDCJAC0010,010917,1998,08,21,,,
IDCJAC0010,010917,1998,08,22,,,
IDCJAC0010,010917,1998,08,23,,,
IDCJAC0010,010917,1998,08,24,,,
IDCJAC0010,010917,1998,08,25,,,
IDCJAC0010,010917,1998,08,26,,,
IDCJAC0010,010917,1998,08,27,,,
IDCJAC0010,010917,1998,08,28,,,
IDCJAC0010,010917,1998,08,29,,,
IDCJAC0010,010917,1998,08,30,,,
IDCJAC0010,010917,1998,08,31,,,
IDCJAC0010,010917,1998,09,01,,,
IDCJAC0010,010917,1998,09,02,,,
IDCJAC0010,010917,1998,09,03,,,
IDCJAC0010,010917,1998,09,04,,,
IDCJAC0010,010917,1998,09,05,,,
IDCJAC0010,010917,1998,09,06,,,
IDCJAC0010,010917,1998,09,07,,,
IDCJAC0010,010917,1998,09,08,,,
IDCJAC0010,010917,1998,09,09,,,
IDCJAC0010,010917,1998,09,10,,,
IDCJAC0010,010917,1998,09,11,,,
IDCJAC0010,010917,1998,09,12,,,
IDCJAC0010,010917,1998,09,13,,,
IDCJAC0010,010917,1998,09,14,,,
IDCJAC0010,010917,1998,09,15,,,
IDCJAC0010,010917,1998,09,16,,,
IDCJAC0010,010917,1998,09,17,,,
IDCJAC0010,010917,1998,09,18,,,
IDCJAC0010,010917,1998,09,19,,,
IDCJAC0010,010917,1998,09,20,,,
IDCJAC0010,010917,1998,09,21,,,
IDCJAC0010,010917,1998,09,22,,,
IDCJAC0010,010917,1998,09,23,,,
IDCJAC0010,010917,1998,09,24,,,
IDCJAC0010,010917,1998,09,25,,,
IDCJAC0010,010917,1998,09,26,,,
IDCJAC0010,010917,1998,09,27,,,
IDCJAC0010,010917,1998,09,28,,,
IDCJAC0010,010917,1998,09,29,,,
IDCJAC0010,010917,1998,09,30,,,
IDCJAC0010,010917,1998,10,01,,,
IDCJAC0010,010917,1998,10,02,,,
IDCJAC0010,010917,1998,10,03,,,
IDCJAC0010,010917,1998,10,04,,,
IDCJAC0010,010917,1998,10,05,,,
IDCJAC0010,010917,1998,10,06,,,
IDCJAC0010,010917,1998,10,07,,,
IDCJAC0010,010917,1998,10,08,,,
IDCJAC0010,010917,1998,10,09,,,
IDCJAC0010,010917,1998,10,10,,,
IDCJAC0010,010917,1998,10,11,,,
IDCJAC0010,010917,1998,10,12,,,
IDCJAC0010,010917,1998,10,13,,,
IDCJAC0010,010917,1998,10,14,,,
IDCJAC0010,010917,1998,10,15,,,
IDCJAC0010,010917,1998,10,16,,,
IDCJAC0010,010917,1998,10,17,,,
IDCJAC0010,010917,1998,10,18,,,
IDCJAC0010,010917,1998,10,19,,,
IDCJAC0010,010917,1998,10,20,,,
IDCJAC0010,010917,1998,10,21,,,
IDCJAC0010,010917,1998,10,22,,,
IDCJAC0010,010917,1998,10,23,,,
IDCJAC0010,010917,1998,10,24,,,
IDCJAC0010,010917,1998,10,25,,,
IDCJAC0010,010917,1998,10,26,,,
IDCJAC0010,010917,1998,10,27,,,
IDCJAC0010,010917,1998,10,28,,,
IDCJAC0010,010917,1998,10,29,,,
IDCJAC0010,010917,1998,10,30,,,
IDCJAC0010,010917,1998,10,31,,,
IDCJAC0010,010917,1998,11,01,,,
IDCJAC0010,010917,1998,11,02,,,
IDCJAC0010,010917,1998,11,03,,,
IDCJAC0010,010917,1998,11,04,,,
IDCJAC0010,010917,1998,11,05,,,
IDCJAC0010,010917,1998,11,06,,,
IDCJAC0010,010917,1998,11,07,,,
IDCJAC0010,010917,1998,11,08,,,
IDCJAC0010,010917,1998,11,09,,,
IDCJAC0010,010917,1998,11,10,,,
IDCJAC0010,010917,1998,11,11,,,
IDCJAC0010,010917,1998,11,12,,,
IDCJAC0010,010917,1998,11,13,,,
IDCJAC0010,010917,1998,11,14,,,
IDCJAC0010,010917,1998,11,15,,,
IDCJAC0010,010917,1998,11,16,,,
IDCJAC0010,010917,1998,11,17,,,
IDCJAC0010,010917,1998,11,18,,,
IDCJAC0010,010917,1998,11,19,,,
IDCJAC0010,010917,1998,11,20,,,
IDCJAC0010,010917,1998,11,21,,,
IDCJAC0010,010917,1998,11,22,,,
IDCJAC0010,010917,1998,11,23,,,
IDCJAC0010,010917,1998,11,24,,,
IDCJAC0010,010917,1998,11,25,,,
IDCJAC0010,010917,1998,11,26,,,
IDCJAC0010,010917,1998,11,27,,,
IDCJAC0010,010917,1998,11,28,,,
IDCJAC0010,010917,1998,11,29,,,
IDCJAC0010,010917,1998,11,30,,,
IDCJAC0010,010917,1998,12,01,,,
IDCJAC0010,010917,1998,12,02,,,
IDCJAC0010,010917,1998,12,03,,,
IDCJAC0010,010917,1998,12,04,,,
IDCJAC0010,010917,1998,12,05,,,
IDCJAC0010,010917,1998,12,06,,,
IDCJAC0010,010917,1998,12,07,,,
IDCJAC0010,010917,1998,12,08,,,
IDCJAC0010,010917,1998,12,09,,,
IDCJAC0010,010917,1998,12,10,,,
IDCJAC0010,010917,1998,12,11,,,
IDCJAC0010,010917,1998,12,12,,,
IDCJAC0010,010917,1998,12,13,,,
IDCJAC0010,010917,1998,12,14,38.0,,Y
IDCJAC0010,010917,1998,12,15,34.0,1,Y
IDCJAC0010,010917,1998,12,16,31.0,1,Y
IDCJAC0010,010917,1998,12,17,31.0,1,Y
IDCJAC0010,010917,1998,12,18,,,
IDCJAC0010,010917,1998,12,19,25.0,,Y
IDCJAC0010,010917,1998,12,20,27.0,1,Y
IDCJAC0010,010917,1998,12,21,33.0,1,Y
IDCJAC0010,010917,1998,12,22,31.0,1,Y
IDCJAC0010,010917,1998,12,23,25.0,1,Y
IDCJAC0010,010917,1998,12,24,27.0,1,Y
IDCJAC0010,010917,1998,12,25,27.0,1,Y
IDCJAC0010,010917,1998,12,26,30.0,1,Y
IDCJAC0010,010917,1998,12,27,31.0,1,Y
IDCJAC0010,010917,1998,12,28,30.0,1,Y
IDCJAC0010,010917,1998,12,29,35.0,1,Y
IDCJAC0010,010917,1998,12,30,32.0,1,Y
IDCJAC0010,010917,1998,12,31,34.0,1,Y
IDCJAC0010,010917,1999,01,01,32.0,1,Y
IDCJAC0010,010917,1999,01,02,32.0,1,Y
IDCJAC0010,010917,1999,01,03,35.0,1,Y
IDCJAC0010,010917,1999,01,04,25.0,1,Y
IDCJAC0010,010917,1999,01,05,20.0,1,Y
IDCJAC0010,010917,1999,01,06,25.0,1,Y
IDCJAC0010,010917,1999,01,07,,,
IDCJAC0010,010917,1999,01,08,36.0,,Y
IDCJAC0010,010917,1999,01,09,,,
IDCJAC0010,010917,1999,01,10,25.0,,Y
IDCJAC0010,010917,1999,01,11,31.0,1,Y
IDCJAC0010,010917,1999,01,12,32.0,1,Y
IDCJAC0010,010917,1999,01,13,38.0,1,Y
IDCJAC0010,010917,1999,01,14,30.0,1,Y
IDCJAC0010,010917,1999,01,15,32.0,1,Y
IDCJAC0010,010917,1999,01,16,37.0,1,Y
IDCJAC0010,010917,1999,01,17,32.0,1,Y
IDCJAC0010,010917,1999,01,18,29.0,1,Y
IDCJAC0010,010917,1999,01,19,30.0,1,Y
IDCJAC0010,010917,1999,01,20,40.0,1,Y
IDCJAC0010,010917,1999,01,21,34.0,1,Y
IDCJAC0010,010917,1999,01,22,,,
IDCJAC0010,010917,1999,01,23,,,
IDCJAC0010,010917,1999,01,24,,,
IDCJAC0010,010917,1999,01,25,,,
IDCJAC0010,010917,1999,01,26,,,
IDCJAC0010,010917,1999,01,27,38.0,,Y
IDCJAC0010,010917,1999,01,28,37.0,1,Y
IDCJAC0010,010917,1999,01,29,31.0,1,Y
IDCJAC0010,010917,1999,01,30,,,
IDCJAC0010,010917,1999,01,31,,,
IDCJAC0010,010917,1999,02,01,27.0,,Y
IDCJAC0010,010917,1999,02,02,28.0,1,Y
IDCJAC0010,010917,1999,02,03,30.0,1,Y
IDCJAC0010,010917,1999,02,04,31.0,1,Y
IDCJAC0010,010917,1999,02,05,34.0,1,Y
IDCJAC0010,010917,1999,02,06,32.0,1,Y
IDCJAC0010,010917,1999,02,07,37.0,1,Y
IDCJAC0010,010917,1999,02,08,38.0,1,Y
IDCJAC0010,010917,1999,02,09,33.0,1,Y
IDCJAC0010,010917,1999,02,10,30.0,1,Y
IDCJAC0010,010917,1999,02,11,36.0,1,Y
IDCJAC0010,010917,1999,02,12,39.0,1,Y
IDCJAC0010,010917,1999,02,13,36.0,1,Y
IDCJAC0010,010917,1999,02,14,28.0,1,Y
IDCJAC0010,010917,1999,02,15,29.0,1,Y
IDCJAC0010,010917,1999,02,16,32.0,1,Y
IDCJAC0010,010917,1999,02,17,31.0,1,Y
IDCJAC0010,010917,1999,02,18,35.0,1,Y
IDCJAC0010,010917,1999,02,19,36.0,1,Y
IDCJAC0010,010917,1999,02,20,30.0,1,Y
IDCJAC0010,010917,1999,02,21,31.0,1,Y
IDCJAC0010,010917,1999,02,22,31.0,1,Y
IDCJAC0010,010917,1999,02,23,32.0,1,Y
IDCJAC0010,010917,1999,02,24,35.0,1,Y
IDCJAC0010,010917,1999,02,25,35.0,1,Y
IDCJAC0010,010917,1999,02,26,35.0,1,Y
IDCJAC0010,010917,1999,02,27,,,
IDCJAC0010,010917,1999,02,28,,,
IDCJAC0010,010917,1999,03,01,33.0,,Y
IDCJAC0010,010917,1999,03,02,,,
IDCJAC0010,010917,1999,03,03,27.0,,Y
IDCJAC0010,010917,1999,03,04,,,
IDCJAC0010,010917,1999,03,05,27.0,,Y
IDCJAC0010,010917,1999,03,06,29.0,1,Y
IDCJAC0010,010917,1999,03,07,35.0,1,Y
IDCJAC0010,010917,1999,03,08,,,
IDCJAC0010,010917,1999,03,09,26.0,,Y
IDCJAC0010,010917,1999,03,10,31.0,1,Y
IDCJAC0010,010917,1999,03,11,35.0,1,Y
IDCJAC0010,010917,1999,03,12,31.0,1,Y
IDCJAC0010,010917,1999,03,13,35.0,1,Y
IDCJAC0010,010917,1999,03,14,,,
IDCJAC0010,010917,1999,03,15,25.0,,Y
IDCJAC0010,010917,1999,03,16,29.0,1,Y
IDCJAC0010,010917,1999,03,17,30.0,1,Y
IDCJAC0010,010917,1999,03,18,29.0,1,Y
IDCJAC0010,010917,1999,03,19,22.0,1,Y
IDCJAC0010,010917,1999,03,20,23.0,1,Y
IDCJAC0010,010917,1999,03,21,24.0,1,Y
IDCJAC0010,010917,1999,03,22,24.0,1,Y
IDCJAC0010,010917,1999,03,23,29.0,1,Y
IDCJAC0010,010917,1999,03,24,25.0,1,Y
IDCJAC0010,010917,1999,03,25,23.0,1,Y
IDCJAC0010,010917,1999,03,26,25.0,1,Y
IDCJAC0010,010917,1999,03,27,,,
IDCJAC0010,010917,1999,03,28,26.0,,Y
IDCJAC0010,010917,1999,03,29,,,
IDCJAC0010,010917,1999,03,30,,,
IDCJAC0010,010917,1999,03,31,22.0,,Y
IDCJAC0010,010917,1999,04,01,,,
IDCJAC0010,010917,1999,04,02,23.0,,Y
IDCJAC0010,010917,1999,04,03,,,
IDCJAC0010,010917,1999,04,04,30.0,,Y
IDCJAC0010,010917,1999,04,05,30.0,1,Y
IDCJAC0010,010917,1999,04,06,32.0,1,Y
IDCJAC0010,010917,1999,04,07,31.0,1,Y
IDCJAC0010,010917,1999,04,08,31.0,1,Y
IDCJAC0010,010917,1999,04,09,28.0,1,Y
IDCJAC0010,010917,1999,04,10,21.0,1,Y
IDCJAC0010,010917,1999,04,11,,,
IDCJAC0010,010917,1999,04,12,,,
IDCJAC0010,010917,1999,04,13,31.0,,Y
IDCJAC0010,010917,1999,04,14,31.0,1,Y
IDCJAC0010,010917,1999,04,15,30.0,1,Y
IDCJAC0010,010917,1999,04,16,29.0,1,Y
IDCJAC0010,010917,1999,04,17,,,
IDCJAC0010,010917,1999,04,18,27.0,,Y
IDCJAC0010,010917,1999,04,19,26.0,1,Y
IDCJAC0010,010917,1999,04,20,26.0,1,Y
IDCJAC0010,010917,1999,04,21,31.0,1,Y
IDCJAC0010,010917,1999,04,22,29.0,1,Y
IDCJAC0010,010917,1999,04,23,21.0,1,Y
IDCJAC0010,010917,1999,04,24,21.0,1,Y
IDCJAC0010,010917,1999,04,25,21.0,1,Y
IDCJAC0010,010917,1999,04,26,21.0,1,Y
IDCJAC0010,010917,1999,04,27,23.0,1,Y
IDCJAC0010,010917,1999,04,28,23.0,1,Y
IDCJAC0010,010917,1999,04,29,23.0,1,Y
IDCJAC0010,010917,1999,04,30,25.0,1,Y
IDCJAC0010,010917,1999,05,01,27.0,1,Y
IDCJAC0010,010917,1999,05,02,25.0,1,Y
IDCJAC0010,010917,1999,05,03,22.0,1,Y
IDCJAC0010,010917,1999,05,04,27.0,1,Y
IDCJAC0010,010917,1999,05,05,25.0,1,Y
IDCJAC0010,010917,1999,05,06,15.0,1,Y
IDCJAC0010,010917,1999,05,07,16.0,1,Y
IDCJAC0010,010917,1999,05,08,17.0,1,Y
IDCJAC0010,010917,1999,05,09,21.0,1,Y
IDCJAC0010,010917,1999,05,10,25.0,1,Y
IDCJAC0010,010917,1999,05,11,,,
IDCJAC0010,010917,1999,05,12,,,
IDCJAC0010,010917,1999,05,13,18.0,,Y
IDCJAC0010,010917,1999,05,14,22.0,1,Y
IDCJAC0010,010917,1999,05,15,22.0,1,Y
IDCJAC0010,010917,1999,05,16,21.0,1,Y
IDCJAC0010,010917,1999,05,17,21.0,1,Y
IDCJAC0010,010917,1999,05,18,24.0,1,Y
IDCJAC0010,010917,1999,05,19,20.0,1,Y
IDCJAC0010,010917,1999,05,20,19.0,1,Y
IDCJAC0010,010917,1999,05,21,19.0,1,Y
IDCJAC0010,010917,1999,05,22,15.0,1,Y
IDCJAC0010,010917,1999,05,23,17.0,1,Y
IDCJAC0010,010917,1999,05,24,19.0,1,Y
IDCJAC0010,010917,1999,05,25,16.0,1,Y
IDCJAC0010,010917,1999,05,26,18.0,1,Y
IDCJAC0010,010917,1999,05,27,21.0,1,Y
IDCJAC0010,010917,1999,05,28,17.0,1,Y
IDCJAC0010,010917,1999,05,29,17.0,1,Y
IDCJAC0010,010917,1999,05,30,19.0,1,Y
IDCJAC0010,010917,1999,05,31,21.0,1,Y
IDCJAC0010,010917,1999,06,01,20.0,1,Y
IDCJAC0010,010917,1999,06,02,19.0,1,Y
IDCJAC0010,010917,1999,06,03,17.0,1,Y
IDCJAC0010,010917,1999,06,04,14.0,1,Y
IDCJAC0010,010917,1999,06,05,16.0,1,Y
IDCJAC0010,010917,1999,06,06,17.0,1,Y
IDCJAC0010,010917,1999,06,07,18.0,1,Y
IDCJAC0010,010917,1999,06,08,18.0,1,Y
IDCJAC0010,010917,1999,06,09,17.0,1,Y
IDCJAC0010,010917,1999,06,10,20.0,1,Y
IDCJAC0010,010917,1999,06,11,13.0,1,Y
IDCJAC0010,010917,1999,06,12,14.0,1,Y
IDCJAC0010,010917,1999,06,13,16.0,1,Y
IDCJAC0010,010917,1999,06,14,18.0,1,Y
IDCJAC0010,010917,1999,06,15,17.0,1,Y
IDCJAC0010,010917,1999,06,16,18.0,1,Y
IDCJAC0010,010917,1999,06,17,18.0,1,Y
IDCJAC0010,010917,1999,06,18,16.0,1,Y
IDCJAC0010,010917,1999,06,19,18.0,1,Y
IDCJAC0010,010917,1999,06,20,17.0,1,Y
IDCJAC0010,010917,1999,06,21,17.0,1,Y
IDCJAC0010,010917,1999,06,22,21.0,1,Y
IDCJAC0010,010917,1999,06,23,17.0,1,Y
IDCJAC0010,010917,1999,06,24,17.0,1,Y
IDCJAC0010,010917,1999,06,25,18.0,1,Y
IDCJAC0010,010917,1999,06,26,16.0,1,Y
IDCJAC0010,010917,1999,06,27,17.0,1,Y
IDCJAC0010,010917,1999,06,28,15.0,1,Y
IDCJAC0010,010917,1999,06,29,13.0,1,Y
IDCJAC0010,010917,1999,06,30,14.0,1,Y
IDCJAC0010,010917,1999,07,01,,,
IDCJAC0010,010917,1999,07,02,,,
IDCJAC0010,010917,1999,07,03,20.0,,Y
IDCJAC0010,010917,1999,07,04,16.0,1,Y
IDCJAC0010,010917,1999,07,05,17.0,1,Y
IDCJAC0010,010917,1999,07,06,14.0,1,Y
IDCJAC0010,010917,1999,07,07,14.0,1,Y
IDCJAC0010,010917,1999,07,08,13.0,1,Y
IDCJAC0010,010917,1999,07,09,15.0,1,Y
IDCJAC0010,010917,1999,07,10,16.0,1,Y
IDCJAC0010,010917,1999,07,11,18.0,1,Y
IDCJAC0010,010917,1999,07,12,19.0,1,Y
IDCJAC0010,010917,1999,07,13,15.0,1,Y
IDCJAC0010,010917,1999,07,14,15.0,1,Y
IDCJAC0010,010917,1999,07,15,17.0,1,Y
IDCJAC0010,010917,1999,07,16,,,
IDCJAC0010,010917,1999,07,17,,,
IDCJAC0010,010917,1999,07,18,16.0,,Y
IDCJAC0010,010917,1999,07,19,17.0,1,Y
IDCJAC0010,010917,1999,07,20,16.0,1,Y
IDCJAC0010,010917,1999,07,21,17.0,1,Y
IDCJAC0010,010917,1999,07,22,,,
IDCJAC0010,010917,1999,07,23,19.0,,Y
IDCJAC0010,010917,1999,07,24,21.0,1,Y
IDCJAC0010,010917,1999,07,25,21.0,1,Y
IDCJAC0010,010917,1999,07,26,15.0,1,Y
IDCJAC0010,010917,1999,07,27,16.0,1,Y
IDCJAC0010,010917,1999,07,28,13.0,1,Y
IDCJAC0010,010917,1999,07,29,14.0,1,Y
IDCJAC0010,010917,1999,07,30,,,
IDCJAC0010,010917,1999,07,31,16.0,,Y
IDCJAC0010,010917,1999,08,01,17.0,1,Y
IDCJAC0010,010917,1999,08,02,15.0,1,Y
IDCJAC0010,010917,1999,08,03,16.0,1,Y
IDCJAC0010,010917,1999,08,04,16.0,1,Y
IDCJAC0010,010917,1999,08,05,17.0,1,Y
IDCJAC0010,010917,1999,08,06,13.0,1,Y
IDCJAC0010,010917,1999,08,07,15.0,1,Y
IDCJAC0010,010917,1999,08,08,15.0,1,Y
IDCJAC0010,010917,1999,08,09,18.0,1,Y
IDCJAC0010,010917,1999,08,10,14.0,1,Y
IDCJAC0010,010917,1999,08,11,13.0,1,Y
IDCJAC0010,010917,1999,08,12,14.0,1,Y
IDCJAC0010,010917,1999,08,13,14.0,1,Y
IDCJAC0010,010917,1999,08,14,,,
IDCJAC0010,010917,1999,08,15,14.0,,Y
IDCJAC0010,010917,1999,08,16,21.0,1,Y
IDCJAC0010,010917,1999,08,17,18.0,1,Y
IDCJAC0010,010917,1999,08,18,15.0,1,Y
IDCJAC0010,010917,1999,08,19,15.0,1,Y
IDCJAC0010,010917,1999,08,20,15.0,1,Y
IDCJAC0010,010917,1999,08,21,,,
IDCJAC0010,010917,1999,08,22,17.0,,Y
IDCJAC0010,010917,1999,08,23,21.0,1,Y
IDCJAC0010,010917,1999,08,24,16.0,1,Y
IDCJAC0010,010917,1999,08,25,16.0,1,Y
IDCJAC0010,010917,1999,08,26,15.0,1,Y
IDCJAC0010,010917,1999,08,27,19.0,1,Y
IDCJAC0010,010917,1999,08,28,,,
IDCJAC0010,010917,1999,08,29,17.0,,Y
IDCJAC0010,010917,1999,08,30,16.0,1,Y
IDCJAC0010,010917,1999,08,31,17.0,1,Y
IDCJAC0010,010917,1999,09,01,21.0,1,Y
IDCJAC0010,010917,1999,09,02,17.0,1,Y
IDCJAC0010,010917,1999,09,03,,,
IDCJAC0010,010917,1999,09,04,15.0,,Y
IDCJAC0010,010917,1999,09,05,15.0,1,Y
IDCJAC0010,010917,1999,09,06,18.0,1,Y
IDCJAC0010,010917,1999,09,07,17.0,1,Y
IDCJAC0010,010917,1999,09,08,17.0,1,Y
IDCJAC0010,010917,1999,09,09,20.0,1,Y
IDCJAC0010,010917,1999,09,10,21.0,1,Y
IDCJAC0010,010917,1999,09,11,17.0,1,Y
IDCJAC0010,010917,1999,09,12,18.0,1,Y
IDCJAC0010,010917,1999,09,13,17.0,1,Y
IDCJAC0010,010917,1999,09,14,15.0,1,Y
IDCJAC0010,010917,1999,09,15,13.0,1,Y
IDCJAC0010,010917,1999,09,16,14.0,1,Y
IDCJAC0010,010917,1999,09,17,17.0,1,Y
IDCJAC0010,010917,1999,09,18,23.0,1,Y
IDCJAC0010,010917,1999,09,19,21.0,1,Y
IDCJAC0010,010917,1999,09,20,20.0,1,Y
IDCJAC0010,010917,1999,09,21,13.0,1,Y
IDCJAC0010,010917,1999,09,22,19.0,1,Y
IDCJAC0010,010917,1999,09,23,20.0,1,Y
IDCJAC0010,010917,1999,09,24,21.0,1,Y
IDCJAC0010,010917,1999,09,25,24.0,1,Y
IDCJAC0010,010917,1999,09,26,21.0,1,Y
IDCJAC0010,010917,1999,09,27,17.0,1,Y
IDCJAC0010,010917,1999,09,28,17.0,1,Y
IDCJAC0010,010917,1999,09,29,21.0,1,Y
IDCJAC0010,010917,1999,09,30,20.0,1,Y
IDCJAC0010,010917,1999,10,01,16.0,1,Y
IDCJAC0010,010917,1999,10,02,18.0,1,Y
IDCJAC0010,010917,1999,10,03,25.0,1,Y
IDCJAC0010,010917,1999,10,04,25.0,1,Y
IDCJAC0010,010917,1999,10,05,21.0,1,Y
IDCJAC0010,010917,1999,10,06,,,
IDCJAC0010,010917,1999,10,07,18.0,,Y
IDCJAC0010,010917,1999,10,08,18.0,1,Y
IDCJAC0010,010917,1999,10,09,15.0,1,Y
IDCJAC0010,010917,1999,10,10,17.0,1,Y
IDCJAC0010,010917,1999,10,11,18.0,1,Y
IDCJAC0010,010917,1999,10,12,19.0,1,Y
IDCJAC0010,010917,1999,10,13,17.0,1,Y
IDCJAC0010,010917,1999,10,14,15.0,1,Y
IDCJAC0010,010917,1999,10,15,18.0,1,Y
IDCJAC0010,010917,1999,10,16,17.0,1,Y
IDCJAC0010,010917,1999,10,17,17.0,1,Y
IDCJAC0010,010917,1999,10,18,,,
IDCJAC0010,010917,1999,10,19,24.0,,Y
IDCJAC0010,010917,1999,10,20,25.0,1,Y
IDCJAC0010,010917,1999,10,21,21.0,1,Y
IDCJAC0010,010917,1999,10,22,25.0,1,Y
IDCJAC0010,010917,1999,10,23,22.0,1,Y
IDCJAC0010,010917,1999,10,24,18.0,1,Y
IDCJAC0010,010917,1999,10,25,19.0,1,Y
IDCJAC0010,010917,1999,10,26,22.0,1,Y
IDCJAC0010,010917,1999,10,27,22.0,1,Y
IDCJAC0010,010917,1999,10,28,21.0,1,Y
IDCJAC0010,010917,1999,10,29,,,
IDCJAC0010,010917,1999,10,30,,,
IDCJAC0010,010917,1999,10,31,22.0,,Y
IDCJAC0010,010917,1999,11,01,26.0,1,Y
IDCJAC0010,010917,1999,11,02,28.0,1,Y
IDCJAC0010,010917,1999,11,03,,,
IDCJAC0010,010917,1999,11,04,,,
IDCJAC0010,010917,1999,11,05,24.0,,Y
IDCJAC0010,010917,1999,11,06,19.0,1,Y
IDCJAC0010,010917,1999,11,07,20.0,1,Y
IDCJAC0010,010917,1999,11,08,23.0,1,Y
IDCJAC0010,010917,1999,11,09,26.0,1,Y
IDCJAC0010,010917,1999,11,10,29.0,1,Y
IDCJAC0010,010917,1999,11,11,31.0,1,Y
IDCJAC0010,010917,1999,11,12,24.0,1,Y
IDCJAC0010,010917,1999,11,13,26.0,1,Y
IDCJAC0010,010917,1999,11,14,25.0,1,Y
IDCJAC0010,010917,1999,11,15,,,
IDCJAC0010,010917,1999,11,16,24.0,,Y
IDCJAC0010,010917,1999,11,17,23.0,1,Y
IDCJAC0010,010917,1999,11,18,21.0,1,Y
IDCJAC0010,010917,1999,11,19,23.0,1,Y
IDCJAC0010,010917,1999,11,20,25.0,1,Y
IDCJAC0010,010917,1999,11,21,26.0,1,Y
IDCJAC0010,010917,1999,11,22,28.0,1,Y
IDCJAC0010,010917,1999,11,23,31.0,1,Y
IDCJAC0010,010917,1999,11,24,35.0,1,Y
IDCJAC0010,010917,1999,11,25,38.0,1,Y
IDCJAC0010,010917,1999,11,26,34.0,1,Y
IDCJAC0010,010917,1999,11,27,34.0,1,Y
IDCJAC0010,010917,1999,11,28,35.0,1,Y
IDCJAC0010,010917,1999,11,29,36.0,1,Y
IDCJAC0010,010917,1999,11,30,27.0,1,Y
IDCJAC0010,010917,1999,12,01,23.0,1,Y
IDCJAC0010,010917,1999,12,02,25.0,1,Y
IDCJAC0010,010917,1999,12,03,30.0,1,Y
IDCJAC0010,010917,1999,12,04,38.0,1,Y
IDCJAC0010,010917,1999,12,05,37.0,1,Y
IDCJAC0010,010917,1999,12,06,30.0,1,Y
IDCJAC0010,010917,1999,12,07,26.0,1,Y
IDCJAC0010,010917,1999,12,08,25.0,1,Y
IDCJAC0010,010917,1999,12,09,25.0,1,Y
IDCJAC0010,010917,1999,12,10,26.0,1,Y
IDCJAC0010,010917,1999,12,11,26.0,1,Y
IDCJAC0010,010917,1999,12,12,31.0,1,Y
IDCJAC0010,010917,1999,12,13,29.0,1,Y
IDCJAC0010,010917,1999,12,14,29.0,1,Y
IDCJAC0010,010917,1999,12,15,27.0,1,Y
IDCJAC0010,010917,1999,12,16,26.0,1,Y
IDCJAC0010,010917,1999,12,17,30.0,1,Y
IDCJAC0010,010917,1999,12,18,33.0,1,Y
IDCJAC0010,010917,1999,12,19,33.0,1,Y
IDCJAC0010,010917,1999,12,20,31.0,1,Y
IDCJAC0010,010917,1999,12,21,34.0,1,Y
IDCJAC0010,010917,1999,12,22,36.0,1,Y
IDCJAC0010,010917,1999,12,23,37.0,1,Y
IDCJAC0010,010917,1999,12,24,35.0,1,Y
IDCJAC0010,010917,1999,12,25,32.0,1,Y
IDCJAC0010,010917,1999,12,26,34.0,1,Y
IDCJAC0010,010917,1999,12,27,38.0,1,Y
IDCJAC0010,010917,1999,12,28,39.0,1,Y
IDCJAC0010,010917,1999,12,29,35.0,1,Y
IDCJAC0010,010917,1999,12,30,30.0,1,Y
IDCJAC0010,010917,1999,12,31,33.0,1,Y
IDCJAC0010,010917,2000,01,01,33.0,1,Y
IDCJAC0010,010917,2000,01,02,35.0,1,Y
IDCJAC0010,010917,2000,01,03,33.0,1,Y
IDCJAC0010,010917,2000,01,04,36.0,1,Y
IDCJAC0010,010917,2000,01,05,35.0,1,Y
IDCJAC0010,010917,2000,01,06,29.0,1,Y
IDCJAC0010,010917,2000,01,07,33.0,1,Y
IDCJAC0010,010917,2000,01,08,31.0,1,Y
IDCJAC0010,010917,2000,01,09,35.0,1,Y
IDCJAC0010,010917,2000,01,10,34.0,1,Y
IDCJAC0010,010917,2000,01,11,29.0,1,Y
IDCJAC0010,010917,2000,01,12,28.0,1,Y
IDCJAC0010,010917,2000,01,13,29.0,1,Y
IDCJAC0010,010917,2000,01,14,20.0,1,Y
IDCJAC0010,010917,2000,01,15,21.0,1,Y
IDCJAC0010,010917,2000,01,16,25.0,1,Y
IDCJAC0010,010917,2000,01,17,26.0,1,Y
IDCJAC0010,010917,2000,01,18,31.0,1,Y
IDCJAC0010,010917,2000,01,19,29.0,1,Y
IDCJAC0010,010917,2000,01,20,30.0,1,Y
IDCJAC0010,010917,2000,01,21,25.0,1,Y
IDCJAC0010,010917,2000,01,22,18.0,1,Y
IDCJAC0010,010917,2000,01,23,19.0,1,Y
IDCJAC0010,010917,2000,01,24,25.0,1,Y
IDCJAC0010,010917,2000,01,25,26.0,1,Y
IDCJAC0010,010917,2000,01,26,27.0,1,Y
IDCJAC0010,010917,2000,01,27,28.0,1,Y
IDCJAC0010,010917,2000,01,28,30.0,1,Y
IDCJAC0010,010917,2000,01,29,35.0,1,Y
IDCJAC0010,010917,2000,01,30,37.0,1,Y
IDCJAC0010,010917,2000,01,31,31.0,1,Y
IDCJAC0010,010917,2000,02,01,28.0,1,Y
IDCJAC0010,010917,2000,02,02,29.0,1,Y
IDCJAC0010,010917,2000,02,03,32.0,1,Y
IDCJAC0010,010917,2000,02,04,29.0,1,Y
IDCJAC0010,010917,2000,02,05,29.0,1,Y
IDCJAC0010,010917,2000,02,06,,,
IDCJAC0010,010917,2000,02,07,37.0,,Y
IDCJAC0010,010917,2000,02,08,35.0,1,Y
IDCJAC0010,010917,2000,02,09,28.0,1,Y
IDCJAC0010,010917,2000,02,10,27.0,1,Y
IDCJAC0010,010917,2000,02,11,27.0,1,Y
IDCJAC0010,010917,2000,02,12,28.0,1,Y
IDCJAC0010,010917,2000,02,13,31.0,1,Y
IDCJAC0010,010917,2000,02,14,33.0,1,Y
IDCJAC0010,010917,2000,02,15,32.0,1,Y
IDCJAC0010,010917,2000,02,16,33.0,1,Y
IDCJAC0010,010917,2000,02,17,36.0,1,Y
IDCJAC0010,010917,2000,02,18,30.0,1,Y
IDCJAC0010,010917,2000,02,19,25.0,1,Y
IDCJAC0010,010917,2000,02,20,27.0,1,Y
IDCJAC0010,010917,2000,02,21,34.0,1,Y
IDCJAC0010,010917,2000,02,22,26.0,1,Y
IDCJAC0010,010917,2000,02,23,29.0,1,Y
IDCJAC0010,010917,2000,02,24,33.0,1,Y
IDCJAC0010,010917,2000,02,25,27.0,1,Y
IDCJAC0010,010917,2000,02,26,29.0,1,Y
IDCJAC0010,010917,2000,02,27,33.0,1,Y
IDCJAC0010,010917,2000,02,28,31.0,1,Y
IDCJAC0010,010917,2000,02,29,36.0,1,Y
IDCJAC0010,010917,2000,03,01,27.0,1,Y
IDCJAC0010,010917,2000,03,02,27.0,1,Y
IDCJAC0010,010917,2000,03,03,29.0,1,Y
IDCJAC0010,010917,2000,03,04,30.0,1,Y
IDCJAC0010,010917,2000,03,05,29.0,1,Y
IDCJAC0010,010917,2000,03,06,31.0,1,Y
IDCJAC0010,010917,2000,03,07,34.0,1,Y
IDCJAC0010,010917,2000,03,08,36.0,1,Y
IDCJAC0010,010917,2000,03,09,36.0,1,Y
IDCJAC0010,010917,2000,03,10,29.0,1,Y
IDCJAC0010,010917,2000,03,11,23.0,1,Y
IDCJAC0010,010917,2000,03,12,22.0,1,Y
IDCJAC0010,010917,2000,03,13,25.0,1,Y
IDCJAC0010,010917,2000,03,14,27.0,1,Y
IDCJAC0010,010917,2000,03,15,29.0,1,Y
IDCJAC0010,010917,2000,03,16,27.0,1,Y
IDCJAC0010,010917,2000,03,17,23.0,1,Y
IDCJAC0010,010917,2000,03,18,27.0,1,Y
IDCJAC0010,010917,2000,03,19,27.0,1,Y
IDCJAC0010,010917,2000,03,20,31.0,1,Y
IDCJAC0010,010917,2000,03,21,25.0,1,Y
IDCJAC0010,010917,2000,03,22,22.0,1,Y
IDCJAC0010,010917,2000,03,23,23.0,1,Y
IDCJAC0010,010917,2000,03,24,28.0,1,Y
IDCJAC0010,010917,2000,03,25,29.0,1,Y
IDCJAC0010,010917,2000,03,26,22.0,1,Y
IDCJAC0010,010917,2000,03,27,23.0,1,Y
IDCJAC0010,010917,2000,03,28,24.0,1,Y
IDCJAC0010,010917,2000,03,29,,,
IDCJAC0010,010917,2000,03,30,28.0,,Y
IDCJAC0010,010917,2000,03,31,26.0,1,Y
IDCJAC0010,010917,2000,04,01,28.0,1,Y
IDCJAC0010,010917,2000,04,02,27.0,1,Y
IDCJAC0010,010917,2000,04,03,22.0,1,Y
IDCJAC0010,010917,2000,04,04,21.0,1,Y
IDCJAC0010,010917,2000,04,05,22.0,1,Y
IDCJAC0010,010917,2000,04,06,,,
IDCJAC0010,010917,2000,04,07,0.0,,Y
IDCJAC0010,010917,2000,04,08,27.0,,Y
IDCJAC0010,010917,2000,04,09,27.0,1,Y
IDCJAC0010,010917,2000,04,10,28.0,1,Y
IDCJAC0010,010917,2000,04,11,28.0,1,Y
IDCJAC0010,010917,2000,04,12,24.0,1,Y
IDCJAC0010,010917,2000,04,13,23.0,1,Y
IDCJAC0010,010917,2000,04,14,24.0,1,Y
IDCJAC0010,010917,2000,04,15,21.0,1,Y
IDCJAC0010,010917,2000,04,16,22.0,1,Y
IDCJAC0010,010917,2000,04,17,24.0,1,Y
IDCJAC0010,010917,2000,04,18,25.0,1,Y
IDCJAC0010,010917,2000,04,19,28.0,1,Y
IDCJAC0010,010917,2000,04,20,24.0,1,Y
IDCJAC0010,010917,2000,04,21,26.0,1,Y
IDCJAC0010,010917,2000,04,22,27.0,1,Y
IDCJAC0010,010917,2000,04,23,28.0,1,Y
IDCJAC0010,010917,2000,04,24,28.0,1,Y
IDCJAC0010,010917,2000,04,25,25.0,1,Y
IDCJAC0010,010917,2000,04,26,25.0,1,Y
IDCJAC0010,010917,2000,04,27,16.0,1,Y
IDCJAC0010,010917,2000,04,28,18.0,1,Y
IDCJAC0010,010917,2000,04,29,17.0,1,Y
IDCJAC0010,010917,2000,04,30,19.0,1,Y
IDCJAC0010,010917,2000,05,01,19.0,1,Y
IDCJAC0010,010917,2000,05,02,21.0,1,Y
IDCJAC0010,010917,2000,05,03,22.0,1,Y
IDCJAC0010,010917,2000,05,04,21.0,1,Y
IDCJAC0010,010917,2000,05,05,22.0,1,Y
IDCJAC0010,010917,2000,05,06,22.0,1,Y
IDCJAC0010,010917,2000,05,07,24.0,1,Y
IDCJAC0010,010917,2000,05,08,24.0,1,Y
IDCJAC0010,010917,2000,05,09,25.0,1,Y
IDCJAC0010,010917,2000,05,10,22.0,1,Y
IDCJAC0010,010917,2000,05,11,13.0,1,Y
IDCJAC0010,010917,2000,05,12,17.0,1,Y
IDCJAC0010,010917,2000,05,13,18.0,1,Y
IDCJAC0010,010917,2000,05,14,17.0,1,Y
IDCJAC0010,010917,2000,05,15,20.0,1,Y
IDCJAC0010,010917,2000,05,16,21.0,1,Y
IDCJAC0010,010917,2000,05,17,21.0,1,Y
IDCJAC0010,010917,2000,05,18,21.0,1,Y
IDCJAC0010,010917,2000,05,19,21.0,1,Y
IDCJAC0010,010917,2000,05,20,20.0,1,Y
IDCJAC0010,010917,2000,05,21,19.0,1,Y
IDCJAC0010,010917,2000,05,22,20.0,1,Y
IDCJAC0010,010917,2000,05,23,20.0,1,Y
IDCJAC0010,010917,2000,05,24,15.0,1,Y
IDCJAC0010,010917,2000,05,25,18.0,1,Y
IDCJAC0010,010917,2000,05,26,16.0,1,Y
IDCJAC0010,010917,2000,05,27,16.0,1,Y
IDCJAC0010,010917,2000,05,28,17.0,1,Y
IDCJAC0010,010917,2000,05,29,20.0,1,Y
IDCJAC0010,010917,2000,05,30,21.0,1,Y
IDCJAC0010,010917,2000,05,31,21.0,1,Y
IDCJAC0010,010917,2000,06,01,,,
IDCJAC0010,010917,2000,06,02,18.0,,Y
IDCJAC0010,010917,2000,06,03,16.0,1,Y
IDCJAC0010,010917,2000,06,04,19.0,1,Y
IDCJAC0010,010917,2000,06,05,18.0,1,Y
IDCJAC0010,010917,2000,06,06,19.0,1,Y
IDCJAC0010,010917,2000,06,07,18.0,1,Y
IDCJAC0010,010917,2000,06,08,19.0,1,Y
IDCJAC0010,010917,2000,06,09,,,
IDCJAC0010,010917,2000,06,10,17.0,,Y
IDCJAC0010,010917,2000,06,11,21.0,1,Y
IDCJAC0010,010917,2000,06,12,23.0,1,Y
IDCJAC0010,010917,2000,06,13,21.0,1,Y
IDCJAC0010,010917,2000,06,14,17.0,1,Y
IDCJAC0010,010917,2000,06,15,16.0,1,Y
IDCJAC0010,010917,2000,06,16,17.0,1,Y
IDCJAC0010,010917,2000,06,17,17.0,1,Y
IDCJAC0010,010917,2000,06,18,19.0,1,Y
IDCJAC0010,010917,2000,06,19,13.0,1,Y
IDCJAC0010,010917,2000,06,20,17.0,1,Y
IDCJAC0010,010917,2000,06,21,18.0,1,Y
IDCJAC0010,010917,2000,06,22,18.0,1,Y
IDCJAC0010,010917,2000,06,23,19.0,1,Y
IDCJAC0010,010917,2000,06,24,16.0,1,Y
IDCJAC0010,010917,2000,06,25,17.0,1,Y
IDCJAC0010,010917,2000,06,26,14.0,1,Y
IDCJAC0010,010917,2000,06,27,17.0,1,Y
IDCJAC0010,010917,2000,06,28,15.0,1,Y
IDCJAC0010,010917,2000,06,29,13.0,1,Y
IDCJAC0010,010917,2000,06,30,17.0,1,Y
IDCJAC0010,010917,2000,07,01,15.0,1,Y
IDCJAC0010,010917,2000,07,02,16.0,1,Y
IDCJAC0010,010917,2000,07,03,17.0,1,Y
IDCJAC0010,010917,2000,07,04,15.0,1,Y
IDCJAC0010,010917,2000,07,05,15.0,1,Y
IDCJAC0010,010917,2000,07,06,16.0,1,Y
IDCJAC0010,010917,2000,07,07,15.0,1,Y
IDCJAC0010,010917,2000,07,08,14.0,1,Y
IDCJAC0010,010917,2000,07,09,16.0,1,Y
IDCJAC0010,010917,2000,07,10,14.0,1,Y
IDCJAC0010,010917,2000,07,11,15.0,1,Y
IDCJAC0010,010917,2000,07,12,14.0,1,Y
IDCJAC0010,010917,2000,07,13,14.0,1,Y
IDCJAC0010,010917,2000,07,14,16.0,1,Y
IDCJAC0010,010917,2000,07,15,16.0,1,Y
IDCJAC0010,010917,2000,07,16,19.0,1,Y
IDCJAC0010,010917,2000,07,17,16.0,1,Y
IDCJAC0010,010917,2000,07,18,13.0,1,Y
IDCJAC0010,010917,2000,07,19,17.0,1,Y
IDCJAC0010,010917,2000,07,20,16.0,1,Y
IDCJAC0010,010917,2000,07,21,15.0,1,Y
IDCJAC0010,010917,2000,07,22,15.0,1,Y
IDCJAC0010,010917,2000,07,23,15.0,1,Y
IDCJAC0010,010917,2000,07,24,17.0,1,Y
IDCJAC0010,010917,2000,07,25,13.0,1,Y
IDCJAC0010,010917,2000,07,26,12.0,1,Y
IDCJAC0010,010917,2000,07,27,16.0,1,Y
IDCJAC0010,010917,2000,07,28,13.0,1,Y
IDCJAC0010,010917,2000,07,29,14.0,1,Y
IDCJAC0010,010917,2000,07,30,15.0,1,Y
IDCJAC0010,010917,2000,07,31,15.0,1,Y
IDCJAC0010,010917,2000,08,01,16.0,1,Y
IDCJAC0010,010917,2000,08,02,12.0,1,Y
IDCJAC0010,010917,2000,08,03,14.0,1,Y
IDCJAC0010,010917,2000,08,04,16.0,1,Y
IDCJAC0010,010917,2000,08,05,14.0,1,Y
IDCJAC0010,010917,2000,08,06,13.0,1,Y
IDCJAC0010,010917,2000,08,07,15.0,1,Y
IDCJAC0010,010917,2000,08,08,15.0,1,Y
IDCJAC0010,010917,2000,08,09,13.0,1,Y
IDCJAC0010,010917,2000,08,10,14.0,1,Y
IDCJAC0010,010917,2000,08,11,14.0,1,Y
IDCJAC0010,010917,2000,08,12,18.0,1,Y
IDCJAC0010,010917,2000,08,13,20.0,1,Y
IDCJAC0010,010917,2000,08,14,17.0,1,Y
IDCJAC0010,010917,2000,08,15,16.0,1,Y
IDCJAC0010,010917,2000,08,16,17.0,1,Y
IDCJAC0010,010917,2000,08,17,16.0,1,Y
IDCJAC0010,010917,2000,08,18,16.0,1,Y
IDCJAC0010,010917,2000,08,19,18.0,1,Y
IDCJAC0010,010917,2000,08,20,16.0,1,Y
IDCJAC0010,010917,2000,08,21,14.0,1,Y
IDCJAC0010,010917,2000,08,22,14.0,1,Y
IDCJAC0010,010917,2000,08,23,19.0,1,Y
IDCJAC0010,010917,2000,08,24,15.0,1,Y
IDCJAC0010,010917,2000,08,25,14.0,1,Y
IDCJAC0010,010917,2000,08,26,15.0,1,Y
IDCJAC0010,010917,2000,08,27,15.0,1,Y
IDCJAC0010,010917,2000,08,28,17.0,1,Y
IDCJAC0010,010917,2000,08,29,14.0,1,Y
IDCJAC0010,010917,2000,08,30,16.0,1,Y
IDCJAC0010,010917,2000,08,31,12.0,1,Y
IDCJAC0010,010917,2000,09,01,15.0,1,Y
IDCJAC0010,010917,2000,09,02,17.0,1,Y
IDCJAC0010,010917,2000,09,03,19.0,1,Y
IDCJAC0010,010917,2000,09,04,19.0,1,Y
IDCJAC0010,010917,2000,09,05,20.0,1,Y
IDCJAC0010,010917,2000,09,06,16.0,1,Y
IDCJAC0010,010917,2000,09,07,18.0,1,Y
IDCJAC0010,010917,2000,09,08,19.0,1,Y
IDCJAC0010,010917,2000,09,09,20.0,1,Y
IDCJAC0010,010917,2000,09,10,20.0,1,Y
IDCJAC0010,010917,2000,09,11,24.0,1,Y
IDCJAC0010,010917,2000,09,12,21.0,1,Y
IDCJAC0010,010917,2000,09,13,18.0,1,Y
IDCJAC0010,010917,2000,09,14,17.0,1,Y
IDCJAC0010,010917,2000,09,15,19.0,1,Y
IDCJAC0010,010917,2000,09,16,18.0,1,Y
IDCJAC0010,010917,2000,09,17,20.0,1,Y
IDCJAC0010,010917,2000,09,18,18.0,1,Y
IDCJAC0010,010917,2000,09,19,15.0,1,Y
IDCJAC0010,010917,2000,09,20,18.0,1,Y
IDCJAC0010,010917,2000,09,21,22.0,1,Y
IDCJAC0010,010917,2000,09,22,19.0,1,Y
IDCJAC0010,010917,2000,09,23,20.0,1,Y
IDCJAC0010,010917,2000,09,24,19.0,1,Y
IDCJAC0010,010917,2000,09,25,20.0,1,Y
IDCJAC0010,010917,2000,09,26,25.0,1,Y
IDCJAC0010,010917,2000,09,27,21.0,1,Y
IDCJAC0010,010917,2000,09,28,17.0,1,Y
IDCJAC0010,010917,2000,09,29,19.0,1,Y
IDCJAC0010,010917,2000,09,30,21.0,1,Y
IDCJAC0010,010917,2000,10,01,23.0,1,Y
IDCJAC0010,010917,2000,10,02,28.0,1,Y
IDCJAC0010,010917,2000,10,03,26.0,1,Y
IDCJAC0010,010917,2000,10,04,22.0,1,Y
IDCJAC0010,010917,2000,10,05,22.0,1,Y
IDCJAC0010,010917,2000,10,06,18.0,1,Y
IDCJAC0010,010917,2000,10,07,19.0,1,Y
IDCJAC0010,010917,2000,10,08,18.0,1,Y
IDCJAC0010,010917,2000,10,09,20.0,1,Y
IDCJAC0010,010917,2000,10,10,26.0,1,Y
IDCJAC0010,010917,2000,10,11,21.0,1,Y
IDCJAC0010,010917,2000,10,12,17.0,1,Y
IDCJAC0010,010917,2000,10,13,19.0,1,Y
IDCJAC0010,010917,2000,10,14,24.0,1,Y
IDCJAC0010,010917,2000,10,15,27.0,1,Y
IDCJAC0010,010917,2000,10,16,27.0,1,Y
IDCJAC0010,010917,2000,10,17,20.0,1,Y
IDCJAC0010,010917,2000,10,18,25.0,1,Y
IDCJAC0010,010917,2000,10,19,31.0,1,Y
IDCJAC0010,010917,2000,10,20,24.0,1,Y
IDCJAC0010,010917,2000,10,21,19.0,1,Y
IDCJAC0010,010917,2000,10,22,21.0,1,Y
IDCJAC0010,010917,2000,10,23,23.0,1,Y
IDCJAC0010,010917,2000,10,24,28.0,1,Y
IDCJAC0010,010917,2000,10,25,24.0,1,Y
IDCJAC0010,010917,2000,10,26,24.0,1,Y
IDCJAC0010,010917,2000,10,27,29.0,1,Y
IDCJAC0010,010917,2000,10,28,32.0,1,Y
IDCJAC0010,010917,2000,10,29,28.0,1,Y
IDCJAC0010,010917,2000,10,30,22.0,1,Y
IDCJAC0010,010917,2000,10,31,22.0,1,Y
IDCJAC0010,010917,2000,11,01,27.0,1,Y
IDCJAC0010,010917,2000,11,02,23.0,1,Y
IDCJAC0010,010917,2000,11,03,24.0,1,Y
IDCJAC0010,010917,2000,11,04,26.0,1,Y
IDCJAC0010,010917,2000,11,05,30.0,1,Y
IDCJAC0010,010917,2000,11,06,25.0,1,Y
IDCJAC0010,010917,2000,11,07,21.0,1,Y
IDCJAC0010,010917,2000,11,08,20.0,1,Y
IDCJAC0010,010917,2000,11,09,21.0,1,Y
IDCJAC0010,010917,2000,11,10,25.0,1,Y
IDCJAC0010,010917,2000,11,11,31.0,1,Y
IDCJAC0010,010917,2000,11,12,34.0,1,Y
IDCJAC0010,010917,2000,11,13,32.0,1,Y
IDCJAC0010,010917,2000,11,14,31.0,1,Y
IDCJAC0010,010917,2000,11,15,35.0,1,Y
IDCJAC0010,010917,2000,11,16,33.0,1,Y
IDCJAC0010,010917,2000,11,17,25.0,1,Y
IDCJAC0010,010917,2000,11,18,28.0,1,Y
IDCJAC0010,010917,2000,11,19,27.0,1,Y
IDCJAC0010,010917,2000,11,20,25.0,1,Y
IDCJAC0010,010917,2000,11,21,28.0,1,Y
IDCJAC0010,010917,2000,11,22,32.0,1,Y
IDCJAC0010,010917,2000,11,23,33.0,1,Y
IDCJAC0010,010917,2000,11,24,26.0,1,Y
IDCJAC0010,010917,2000,11,25,30.0,1,Y
IDCJAC0010,010917,2000,11,26,28.0,1,Y
IDCJAC0010,010917,2000,11,27,21.0,1,Y
IDCJAC0010,010917,2000,11,28,24.0,1,Y
IDCJAC0010,010917,2000,11,29,27.0,1,Y
IDCJAC0010,010917,2000,11,30,29.0,1,Y
IDCJAC0010,010917,2000,12,01,33.0,1,Y
IDCJAC0010,010917,2000,12,02,27.0,1,Y
IDCJAC0010,010917,2000,12,03,32.0,1,Y
IDCJAC0010,010917,2000,12,04,30.0,1,Y
IDCJAC0010,010917,2000,12,05,31.0,1,Y
IDCJAC0010,010917,2000,12,06,31.0,1,Y
IDCJAC0010,010917,2000,12,07,31.0,1,Y
IDCJAC0010,010917,2000,12,08,35.0,1,Y
IDCJAC0010,010917,2000,12,09,33.0,1,Y
IDCJAC0010,010917,2000,12,10,32.0,1,Y
IDCJAC0010,010917,2000,12,11,33.0,1,Y
IDCJAC0010,010917,2000,12,12,33.0,1,Y
IDCJAC0010,010917,2000,12,13,33.0,1,Y
IDCJAC0010,010917,2000,12,14,35.0,1,Y
IDCJAC0010,010917,2000,12,15,36.0,1,Y
IDCJAC0010,010917,2000,12,16,35.0,1,Y
IDCJAC0010,010917,2000,12,17,33.0,1,Y
IDCJAC0010,010917,2000,12,18,38.0,1,Y
IDCJAC0010,010917,2000,12,19,30.0,1,Y
IDCJAC0010,010917,2000,12,20,26.0,1,Y
IDCJAC0010,010917,2000,12,21,21.0,1,Y
IDCJAC0010,010917,2000,12,22,26.0,1,Y
IDCJAC0010,010917,2000,12,23,31.0,1,Y
IDCJAC0010,010917,2000,12,24,34.0,1,Y
IDCJAC0010,010917,2000,12,25,37.0,1,Y
IDCJAC0010,010917,2000,12,26,36.0,1,Y
IDCJAC0010,010917,2000,12,27,39.0,1,Y
IDCJAC0010,010917,2000,12,28,37.0,1,Y
IDCJAC0010,010917,2000,12,29,25.0,1,Y
IDCJAC0010,010917,2000,12,30,30.0,1,Y
IDCJAC0010,010917,2000,12,31,34.0,1,Y
IDCJAC0010,010917,2001,01,01,35.0,1,Y
IDCJAC0010,010917,2001,01,02,31.0,1,Y
IDCJAC0010,010917,2001,01,03,30.0,1,Y
IDCJAC0010,010917,2001,01,04,32.0,1,Y
IDCJAC0010,010917,2001,01,05,37.0,1,Y
IDCJAC0010,010917,2001,01,06,40.0,1,Y
IDCJAC0010,010917,2001,01,07,39.0,1,Y
IDCJAC0010,010917,2001,01,08,36.0,1,Y
IDCJAC0010,010917,2001,01,09,36.0,1,Y
IDCJAC0010,010917,2001,01,10,32.0,1,Y
IDCJAC0010,010917,2001,01,11,33.0,1,Y
IDCJAC0010,010917,2001,01,12,35.0,1,Y
IDCJAC0010,010917,2001,01,13,29.0,1,Y
IDCJAC0010,010917,2001,01,14,27.0,1,Y
IDCJAC0010,010917,2001,01,15,33.0,1,Y
IDCJAC0010,010917,2001,01,16,40.0,1,Y
IDCJAC0010,010917,2001,01,17,38.0,1,Y
IDCJAC0010,010917,2001,01,18,38.0,1,Y
IDCJAC0010,010917,2001,01,19,32.0,1,Y
IDCJAC0010,010917,2001,01,20,30.0,1,Y
IDCJAC0010,010917,2001,01,21,33.0,1,Y
IDCJAC0010,010917,2001,01,22,29.0,1,Y
IDCJAC0010,010917,2001,01,23,27.0,1,Y
IDCJAC0010,010917,2001,01,24,22.0,1,Y
IDCJAC0010,010917,2001,01,25,25.0,1,Y
IDCJAC0010,010917,2001,01,26,29.0,1,Y
IDCJAC0010,010917,2001,01,27,30.0,1,Y
IDCJAC0010,010917,2001,01,28,33.0,1,Y
IDCJAC0010,010917,2001,01,29,33.0,1,Y
IDCJAC0010,010917,2001,01,30,35.0,1,Y
IDCJAC0010,010917,2001,01,31,35.0,1,Y
IDCJAC0010,010917,2001,02,01,24.0,1,Y
IDCJAC0010,010917,2001,02,02,26.0,1,Y
IDCJAC0010,010917,2001,02,03,31.0,1,Y
IDCJAC0010,010917,2001,02,04,31.0,1,Y
IDCJAC0010,010917,2001,02,05,37.0,1,Y
IDCJAC0010,010917,2001,02,06,31.0,1,Y
IDCJAC0010,010917,2001,02,07,26.0,1,Y
IDCJAC0010,010917,2001,02,08,29.0,1,Y
IDCJAC0010,010917,2001,02,09,31.0,1,Y
IDCJAC0010,010917,2001,02,10,33.0,1,Y
IDCJAC0010,010917,2001,02,11,35.0,1,Y
IDCJAC0010,010917,2001,02,12,26.0,1,Y
IDCJAC0010,010917,2001,02,13,25.0,1,Y
IDCJAC0010,010917,2001,02,14,27.0,1,Y
IDCJAC0010,010917,2001,02,15,31.0,1,Y
IDCJAC0010,010917,2001,02,16,31.0,1,Y
IDCJAC0010,010917,2001,02,17,28.0,1,Y
IDCJAC0010,010917,2001,02,18,27.0,1,Y
IDCJAC0010,010917,2001,02,19,30.0,1,Y
IDCJAC0010,010917,2001,02,20,27.0,1,Y
IDCJAC0010,010917,2001,02,21,29.0,1,Y
IDCJAC0010,010917,2001,02,22,31.0,1,Y
IDCJAC0010,010917,2001,02,23,26.0,1,Y
IDCJAC0010,010917,2001,02,24,28.0,1,Y
IDCJAC0010,010917,2001,02,25,31.0,1,Y
IDCJAC0010,010917,2001,02,26,30.0,1,Y
IDCJAC0010,010917,2001,02,27,33.0,1,Y
IDCJAC0010,010917,2001,02,28,31.0,1,Y
IDCJAC0010,010917,2001,03,01,34.0,1,Y
IDCJAC0010,010917,2001,03,02,37.0,1,Y
IDCJAC0010,010917,2001,03,03,37.0,1,Y
IDCJAC0010,010917,2001,03,04,36.0,1,Y
IDCJAC0010,010917,2001,03,05,35.0,1,Y
IDCJAC0010,010917,2001,03,06,36.0,1,Y
IDCJAC0010,010917,2001,03,07,35.0,1,Y
IDCJAC0010,010917,2001,03,08,27.0,1,Y
IDCJAC0010,010917,2001,03,09,27.0,1,Y
IDCJAC0010,010917,2001,03,10,26.0,1,Y
IDCJAC0010,010917,2001,03,11,25.0,1,Y
IDCJAC0010,010917,2001,03,12,25.0,1,Y
IDCJAC0010,010917,2001,03,13,27.0,1,Y
IDCJAC0010,010917,2001,03,14,30.0,1,Y
IDCJAC0010,010917,2001,03,15,22.0,1,Y
IDCJAC0010,010917,2001,03,16,23.0,1,Y
IDCJAC0010,010917,2001,03,17,29.0,1,Y
IDCJAC0010,010917,2001,03,18,32.0,1,Y
IDCJAC0010,010917,2001,03,19,25.0,1,Y
IDCJAC0010,010917,2001,03,20,22.0,1,Y
IDCJAC0010,010917,2001,03,21,25.0,1,Y
IDCJAC0010,010917,2001,03,22,28.0,1,Y
IDCJAC0010,010917,2001,03,23,19.0,1,Y
IDCJAC0010,010917,2001,03,24,21.0,1,Y
IDCJAC0010,010917,2001,03,25,22.0,1,Y
IDCJAC0010,010917,2001,03,26,25.0,1,Y
IDCJAC0010,010917,2001,03,27,31.0,1,Y
IDCJAC0010,010917,2001,03,28,33.0,1,Y
IDCJAC0010,010917,2001,03,29,33.0,1,Y
IDCJAC0010,010917,2001,03,30,27.0,1,Y
IDCJAC0010,010917,2001,03,31,22.0,1,Y
IDCJAC0010,010917,2001,04,01,29.0,1,Y
IDCJAC0010,010917,2001,04,02,34.0,1,Y
IDCJAC0010,010917,2001,04,03,32.0,1,Y
IDCJAC0010,010917,2001,04,04,34.0,1,Y
IDCJAC0010,010917,2001,04,05,34.0,1,Y
IDCJAC0010,010917,2001,04,06,23.0,1,Y
IDCJAC0010,010917,2001,04,07,19.0,1,Y
IDCJAC0010,010917,2001,04,08,22.0,1,Y
IDCJAC0010,010917,2001,04,09,25.0,1,Y
IDCJAC0010,010917,2001,04,10,27.0,1,Y
IDCJAC0010,010917,2001,04,11,26.0,1,Y
IDCJAC0010,010917,2001,04,12,33.0,1,Y
IDCJAC0010,010917,2001,04,13,29.0,1,Y
IDCJAC0010,010917,2001,04,14,25.0,1,Y
IDCJAC0010,010917,2001,04,15,29.0,1,Y
IDCJAC0010,010917,2001,04,16,29.0,1,Y
IDCJAC0010,010917,2001,04,17,25.0,1,Y
IDCJAC0010,010917,2001,04,18,23.0,1,Y
IDCJAC0010,010917,2001,04,19,22.0,1,Y
IDCJAC0010,010917,2001,04,20,23.0,1,Y
IDCJAC0010,010917,2001,04,21,26.0,1,Y
IDCJAC0010,010917,2001,04,22,31.0,1,Y
IDCJAC0010,010917,2001,04,23,22.0,1,Y
IDCJAC0010,010917,2001,04,24,21.0,1,Y
IDCJAC0010,010917,2001,04,25,21.0,1,Y
IDCJAC0010,010917,2001,04,26,21.0,1,Y
IDCJAC0010,010917,2001,04,27,21.0,1,Y
IDCJAC0010,010917,2001,04,28,24.0,1,Y
IDCJAC0010,010917,2001,04,29,28.0,1,Y
IDCJAC0010,010917,2001,04,30,25.0,1,Y
IDCJAC0010,010917,2001,05,01,24.0,1,Y
IDCJAC0010,010917,2001,05,02,26.0,1,Y
IDCJAC0010,010917,2001,05,03,23.0,1,Y
IDCJAC0010,010917,2001,05,04,27.0,1,Y
IDCJAC0010,010917,2001,05,05,29.0,1,Y
IDCJAC0010,010917,2001,05,06,21.0,1,Y
IDCJAC0010,010917,2001,05,07,21.0,1,Y
IDCJAC0010,010917,2001,05,08,18.0,1,Y
IDCJAC0010,010917,2001,05,09,23.0,1,Y
IDCJAC0010,010917,2001,05,10,19.0,1,Y
IDCJAC0010,010917,2001,05,11,17.0,1,Y
IDCJAC0010,010917,2001,05,12,12.0,1,Y
IDCJAC0010,010917,2001,05,13,16.0,1,Y
IDCJAC0010,010917,2001,05,14,17.0,1,Y
IDCJAC0010,010917,2001,05,15,19.0,1,Y
IDCJAC0010,010917,2001,05,16,20.0,1,Y
IDCJAC0010,010917,2001,05,17,21.0,1,Y
IDCJAC0010,010917,2001,05,18,19.0,1,Y
IDCJAC0010,010917,2001,05,19,15.0,1,Y
IDCJAC0010,010917,2001,05,20,17.0,1,Y
IDCJAC0010,010917,2001,05,21,18.0,1,Y
IDCJAC0010,010917,2001,05,22,19.0,1,Y
IDCJAC0010,010917,2001,05,23,23.0,1,Y
IDCJAC0010,010917,2001,05,24,17.0,1,Y
IDCJAC0010,010917,2001,05,25,18.0,1,Y
IDCJAC0010,010917,2001,05,26,18.0,1,Y
IDCJAC0010,010917,2001,05,27,17.0,1,Y
IDCJAC0010,010917,2001,05,28,21.0,1,Y
IDCJAC0010,010917,2001,05,29,16.0,1,Y
IDCJAC0010,010917,2001,05,30,16.0,1,Y
IDCJAC0010,010917,2001,05,31,18.0,1,Y
IDCJAC0010,010917,2001,06,01,18.0,1,Y
IDCJAC0010,010917,2001,06,02,17.0,1,Y
IDCJAC0010,010917,2001,06,03,16.0,1,Y
IDCJAC0010,010917,2001,06,04,12.0,1,Y
IDCJAC0010,010917,2001,06,05,12.0,1,Y
IDCJAC0010,010917,2001,06,06,13.0,1,Y
IDCJAC0010,010917,2001,06,07,16.0,1,Y
IDCJAC0010,010917,2001,06,08,13.0,1,Y
IDCJAC0010,010917,2001,06,09,15.0,1,Y
IDCJAC0010,010917,2001,06,10,15.0,1,Y
IDCJAC0010,010917,2001,06,11,17.0,1,Y
IDCJAC0010,010917,2001,06,12,16.0,1,Y
IDCJAC0010,010917,2001,06,13,17.0,1,Y
IDCJAC0010,010917,2001,06,14,18.0,1,Y
IDCJAC0010,010917,2001,06,15,21.0,1,Y
IDCJAC0010,010917,2001,06,16,22.0,1,Y
IDCJAC0010,010917,2001,06,17,19.0,1,Y
IDCJAC0010,010917,2001,06,18,19.0,1,Y
IDCJAC0010,010917,2001,06,19,20.0,1,Y
IDCJAC0010,010917,2001,06,20,19.0,1,Y
IDCJAC0010,010917,2001,06,21,20.0,1,Y
IDCJAC0010,010917,2001,06,22,21.0,1,Y
IDCJAC0010,010917,2001,06,23,20.0,1,Y
IDCJAC0010,010917,2001,06,24,19.0,1,Y
IDCJAC0010,010917,2001,06,25,19.0,1,Y
IDCJAC0010,010917,2001,06,26,19.0,1,Y
IDCJAC0010,010917,2001,06,27,20.0,1,Y
IDCJAC0010,010917,2001,06,28,21.0,1,Y
IDCJAC0010,010917,2001,06,29,16.0,1,Y
IDCJAC0010,010917,2001,06,30,17.0,1,Y
IDCJAC0010,010917,2001,07,01,18.0,1,Y
IDCJAC0010,010917,2001,07,02,16.0,1,Y
IDCJAC0010,010917,2001,07,03,17.0,1,Y
IDCJAC0010,010917,2001,07,04,13.0,1,Y
IDCJAC0010,010917,2001,07,05,14.0,1,Y
IDCJAC0010,010917,2001,07,06,15.0,1,Y
IDCJAC0010,010917,2001,07,07,18.0,1,Y
IDCJAC0010,010917,2001,07,08,14.0,1,Y
IDCJAC0010,010917,2001,07,09,16.0,1,Y
IDCJAC0010,010917,2001,07,10,15.0,1,Y
IDCJAC0010,010917,2001,07,11,16.0,1,Y
IDCJAC0010,010917,2001,07,12,14.0,1,Y
IDCJAC0010,010917,2001,07,13,13.0,1,Y
IDCJAC0010,010917,2001,07,14,15.0,1,Y
IDCJAC0010,010917,2001,07,15,14.0,1,Y
IDCJAC0010,010917,2001,07,16,15.0,1,Y
IDCJAC0010,010917,2001,07,17,15.8,1,Y
IDCJAC0010,010917,2001,07,18,15.0,1,Y
IDCJAC0010,010917,2001,07,19,17.0,1,Y
IDCJAC0010,010917,2001,07,20,18.0,1,Y
IDCJAC0010,010917,2001,07,21,16.0,1,Y
IDCJAC0010,010917,2001,07,22,16.0,1,Y
IDCJAC0010,010917,2001,07,23,16.0,1,Y
IDCJAC0010,010917,2001,07,24,17.0,1,Y
IDCJAC0010,010917,2001,07,25,21.0,1,Y
IDCJAC0010,010917,2001,07,26,21.0,1,Y
IDCJAC0010,010917,2001,07,27,15.0,1,Y
IDCJAC0010,010917,2001,07,28,19.0,1,Y
IDCJAC0010,010917,2001,07,29,21.0,1,Y
IDCJAC0010,010917,2001,07,30,16.0,1,Y
IDCJAC0010,010917,2001,07,31,13.0,1,Y
IDCJAC0010,010917,2001,08,01,14.0,1,Y
IDCJAC0010,010917,2001,08,02,17.0,1,Y
IDCJAC0010,010917,2001,08,03,15.0,1,Y
IDCJAC0010,010917,2001,08,04,16.0,1,Y
IDCJAC0010,010917,2001,08,05,17.0,1,Y
IDCJAC0010,010917,2001,08,06,14.0,1,Y
IDCJAC0010,010917,2001,08,07,15.0,1,Y
IDCJAC0010,010917,2001,08,08,18.0,1,Y
IDCJAC0010,010917,2001,08,09,17.0,1,Y
IDCJAC0010,010917,2001,08,10,17.0,1,Y
IDCJAC0010,010917,2001,08,11,18.0,1,Y
IDCJAC0010,010917,2001,08,12,18.0,1,Y
IDCJAC0010,010917,2001,08,13,19.0,1,Y
IDCJAC0010,010917,2001,08,14,14.0,1,Y
IDCJAC0010,010917,2001,08,15,16.0,1,Y
IDCJAC0010,010917,2001,08,16,13.0,1,Y
IDCJAC0010,010917,2001,08,17,13.0,1,Y
IDCJAC0010,010917,2001,08,18,15.0,1,Y
IDCJAC0010,010917,2001,08,19,15.0,1,Y
IDCJAC0010,010917,2001,08,20,17.0,1,Y
IDCJAC0010,010917,2001,08,21,19.0,1,Y
IDCJAC0010,010917,2001,08,22,21.0,1,Y
IDCJAC0010,010917,2001,08,23,20.0,1,Y
IDCJAC0010,010917,2001,08,24,14.0,1,Y
IDCJAC0010,010917,2001,08,25,14.0,1,Y
IDCJAC0010,010917,2001,08,26,17.0,1,Y
IDCJAC0010,010917,2001,08,27,17.0,1,Y
IDCJAC0010,010917,2001,08,28,20.0,1,Y
IDCJAC0010,010917,2001,08,29,17.0,1,Y
IDCJAC0010,010917,2001,08,30,15.0,1,Y
IDCJAC0010,010917,2001,08,31,17.0,1,Y
IDCJAC0010,010917,2001,09,01,16.0,1,Y
IDCJAC0010,010917,2001,09,02,18.0,1,Y
IDCJAC0010,010917,2001,09,03,15.0,1,Y
IDCJAC0010,010917,2001,09,04,18.0,1,Y
IDCJAC0010,010917,2001,09,05,19.0,1,Y
IDCJAC0010,010917,2001,09,06,13.0,1,Y
IDCJAC0010,010917,2001,09,07,16.0,1,Y
IDCJAC0010,010917,2001,09,08,17.0,1,Y
IDCJAC0010,010917,2001,09,09,14.0,1,Y
IDCJAC0010,010917,2001,09,10,15.0,1,Y
IDCJAC0010,010917,2001,09,11,16.0,1,Y
IDCJAC0010,010917,2001,09,12,18.0,1,Y
IDCJAC0010,010917,2001,09,13,17.0,1,Y
IDCJAC0010,010917,2001,09,14,19.0,1,Y
IDCJAC0010,010917,2001,09,15,19.0,1,Y
IDCJAC0010,010917,2001,09,16,19.0,1,Y
IDCJAC0010,010917,2001,09,17,23.0,1,Y
IDCJAC0010,010917,2001,09,18,20.0,1,Y
IDCJAC0010,010917,2001,09,19,17.0,1,Y
IDCJAC0010,010917,2001,09,20,20.0,1,Y
IDCJAC0010,010917,2001,09,21,24.0,1,Y
IDCJAC0010,010917,2001,09,22,16.0,1,Y
IDCJAC0010,010917,2001,09,23,17.0,1,Y
IDCJAC0010,010917,2001,09,24,17.0,1,Y
IDCJAC0010,010917,2001,09,25,21.0,1,Y
IDCJAC0010,010917,2001,09,26,26.0,1,Y
IDCJAC0010,010917,2001,09,27,21.0,1,Y
IDCJAC0010,010917,2001,09,28,19.0,1,Y
IDCJAC0010,010917,2001,09,29,15.0,1,Y
IDCJAC0010,010917,2001,09,30,16.0,1,Y
IDCJAC0010,010917,2001,10,01,17.0,1,Y
IDCJAC0010,010917,2001,10,02,19.0,1,Y
IDCJAC0010,010917,2001,10,03,22.0,1,Y
IDCJAC0010,010917,2001,10,04,20.0,1,Y
IDCJAC0010,010917,2001,10,05,19.0,1,Y
IDCJAC0010,010917,2001,10,06,19.0,1,Y
IDCJAC0010,010917,2001,10,07,21.0,1,Y
IDCJAC0010,010917,2001,10,08,20.0,1,Y
IDCJAC0010,010917,2001,10,09,16.0,1,Y
IDCJAC0010,010917,2001,10,10,17.0,1,Y
IDCJAC0010,010917,2001,10,11,20.0,1,Y
IDCJAC0010,010917,2001,10,12,17.0,1,Y
IDCJAC0010,010917,2001,10,13,19.0,1,Y
IDCJAC0010,010917,2001,10,14,19.0,1,Y
IDCJAC0010,010917,2001,10,15,18.0,1,Y
IDCJAC0010,010917,2001,10,16,21.0,1,Y
IDCJAC0010,010917,2001,10,17,24.0,1,Y
IDCJAC0010,010917,2001,10,18,25.0,1,Y
IDCJAC0010,010917,2001,10,19,22.0,1,Y
IDCJAC0010,010917,2001,10,20,26.0,1,Y
IDCJAC0010,010917,2001,10,21,13.0,1,Y
IDCJAC0010,010917,2001,10,22,16.0,1,Y
IDCJAC0010,010917,2001,10,23,18.0,1,Y
IDCJAC0010,010917,2001,10,24,20.0,1,Y
IDCJAC0010,010917,2001,10,25,23.0,1,Y
IDCJAC0010,010917,2001,10,26,23.0,1,Y
IDCJAC0010,010917,2001,10,27,19.0,1,Y
IDCJAC0010,010917,2001,10,28,22.0,1,Y
IDCJAC0010,010917,2001,10,29,24.0,1,Y
IDCJAC0010,010917,2001,10,30,27.0,1,Y
IDCJAC0010,010917,2001,10,31,28.0,1,Y
IDCJAC0010,010917,2001,11,01,28.0,1,Y
IDCJAC0010,010917,2001,11,02,32.0,1,Y
IDCJAC0010,010917,2001,11,03,24.0,1,Y
IDCJAC0010,010917,2001,11,04,21.0,1,Y
IDCJAC0010,010917,2001,11,05,23.0,1,Y
IDCJAC0010,010917,2001,11,06,28.0,1,Y
IDCJAC0010,010917,2001,11,07,27.0,1,Y
IDCJAC0010,010917,2001,11,08,25.0,1,Y
IDCJAC0010,010917,2001,11,09,26.0,1,Y
IDCJAC0010,010917,2001,11,10,27.0,1,Y
IDCJAC0010,010917,2001,11,11,29.0,1,Y
IDCJAC0010,010917,2001,11,12,31.0,1,Y
IDCJAC0010,010917,2001,11,13,33.0,1,Y
IDCJAC0010,010917,2001,11,14,28.0,1,Y
IDCJAC0010,010917,2001,11,15,29.0,1,Y
IDCJAC0010,010917,2001,11,16,25.0,1,Y
IDCJAC0010,010917,2001,11,17,24.0,1,Y
IDCJAC0010,010917,2001,11,18,27.0,1,Y
IDCJAC0010,010917,2001,11,19,19.0,1,Y
IDCJAC0010,010917,2001,11,20,26.0,1,Y
IDCJAC0010,010917,2001,11,21,24.0,1,Y
IDCJAC0010,010917,2001,11,22,23.0,1,Y
IDCJAC0010,010917,2001,11,23,21.0,1,Y
IDCJAC0010,010917,2001,11,24,23.0,1,Y
IDCJAC0010,010917,2001,11,25,26.0,1,Y
IDCJAC0010,010917,2001,11,26,31.0,1,Y
IDCJAC0010,010917,2001,11,27,35.0,1,Y
IDCJAC0010,010917,2001,11,28,32.0,1,Y
IDCJAC0010,010917,2001,11,29,29.0,1,Y
IDCJAC0010,010917,2001,11,30,15.0,1,Y
IDCJAC0010,010917,2001,12,01,20.0,1,Y
IDCJAC0010,010917,2001,12,02,22.0,1,Y
IDCJAC0010,010917,2001,12,03,20.0,1,Y
IDCJAC0010,010917,2001,12,04,21.0,1,Y
IDCJAC0010,010917,2001,12,05,23.0,1,Y
IDCJAC0010,010917,2001,12,06,23.0,1,Y
IDCJAC0010,010917,2001,12,07,23.0,1,Y
IDCJAC0010,010917,2001,12,08,24.0,1,Y
IDCJAC0010,010917,2001,12,09,24.0,1,Y
IDCJAC0010,010917,2001,12,10,24.0,1,Y
IDCJAC0010,010917,2001,12,11,28.0,1,Y
IDCJAC0010,010917,2001,12,12,29.0,1,Y
IDCJAC0010,010917,2001,12,13,29.0,1,Y
IDCJAC0010,010917,2001,12,14,28.0,1,Y
IDCJAC0010,010917,2001,12,15,31.0,1,Y
IDCJAC0010,010917,2001,12,16,35.0,1,Y
IDCJAC0010,010917,2001,12,17,33.0,1,Y
IDCJAC0010,010917,2001,12,18,30.0,1,Y
IDCJAC0010,010917,2001,12,19,26.0,1,Y
IDCJAC0010,010917,2001,12,20,29.0,1,Y
IDCJAC0010,010917,2001,12,21,29.0,1,Y
IDCJAC0010,010917,2001,12,22,32.0,1,Y
IDCJAC0010,010917,2001,12,23,28.0,1,Y
IDCJAC0010,010917,2001,12,24,27.0,1,Y
IDCJAC0010,010917,2001,12,25,26.0,1,Y
IDCJAC0010,010917,2001,12,26,29.0,1,Y
IDCJAC0010,010917,2001,12,27,34.0,1,Y
IDCJAC0010,010917,2001,12,28,23.0,1,Y
IDCJAC0010,010917,2001,12,29,26.0,1,Y
IDCJAC0010,010917,2001,12,30,29.0,1,Y
IDCJAC0010,010917,2001,12,31,31.0,1,Y
IDCJAC0010,010917,2002,01,01,31.0,1,Y
IDCJAC0010,010917,2002,01,02,30.0,1,Y
IDCJAC0010,010917,2002,01,03,34.0,1,Y
IDCJAC0010,010917,2002,01,04,31.0,1,Y
IDCJAC0010,010917,2002,01,05,23.0,1,Y
IDCJAC0010,010917,2002,01,06,28.0,1,Y
IDCJAC0010,010917,2002,01,07,34.0,1,Y
IDCJAC0010,010917,2002,01,08,34.0,1,Y
IDCJAC0010,010917,2002,01,09,26.0,1,Y
IDCJAC0010,010917,2002,01,10,24.0,1,Y
IDCJAC0010,010917,2002,01,11,27.0,1,Y
IDCJAC0010,010917,2002,01,12,31.0,1,Y
IDCJAC0010,010917,2002,01,13,34.0,1,Y
IDCJAC0010,010917,2002,01,14,25.0,1,Y
IDCJAC0010,010917,2002,01,15,32.0,1,Y
IDCJAC0010,010917,2002,01,16,35.0,1,Y
IDCJAC0010,010917,2002,01,17,36.0,1,Y
IDCJAC0010,010917,2002,01,18,33.0,1,Y
IDCJAC0010,010917,2002,01,19,30.0,1,Y
IDCJAC0010,010917,2002,01,20,28.0,1,Y
IDCJAC0010,010917,2002,01,21,33.0,1,Y
IDCJAC0010,010917,2002,01,22,37.0,1,Y
IDCJAC0010,010917,2002,01,23,35.0,1,Y
IDCJAC0010,010917,2002,01,24,32.0,1,Y
IDCJAC0010,010917,2002,01,25,30.0,1,Y
IDCJAC0010,010917,2002,01,26,28.0,1,Y
IDCJAC0010,010917,2002,01,27,30.0,1,Y
IDCJAC0010,010917,2002,01,28,34.0,1,Y
IDCJAC0010,010917,2002,01,29,35.0,1,Y
IDCJAC0010,010917,2002,01,30,35.0,1,Y
IDCJAC0010,010917,2002,01,31,37.0,1,Y
IDCJAC0010,010917,2002,02,01,25.0,1,Y
IDCJAC0010,010917,2002,02,02,24.0,1,Y
IDCJAC0010,010917,2002,02,03,29.0,1,Y
IDCJAC0010,010917,2002,02,04,34.0,1,Y
IDCJAC0010,010917,2002,02,05,32.0,1,Y
IDCJAC0010,010917,2002,02,06,35.0,1,Y
IDCJAC0010,010917,2002,02,07,28.9,1,Y
IDCJAC0010,010917,2002,02,08,30.0,1,Y
IDCJAC0010,010917,2002,02,09,31.0,1,Y
IDCJAC0010,010917,2002,02,10,33.0,1,Y
IDCJAC0010,010917,2002,02,11,37.0,1,Y
IDCJAC0010,010917,2002,02,12,36.0,1,Y
IDCJAC0010,010917,2002,02,13,27.0,1,Y
IDCJAC0010,010917,2002,02,14,25.0,1,Y
IDCJAC0010,010917,2002,02,15,25.0,1,Y
IDCJAC0010,010917,2002,02,16,28.0,1,Y
IDCJAC0010,010917,2002,02,17,32.0,1,Y
IDCJAC0010,010917,2002,02,18,29.0,1,Y
IDCJAC0010,010917,2002,02,19,25.0,1,Y
IDCJAC0010,010917,2002,02,20,25.0,1,Y
IDCJAC0010,010917,2002,02,21,29.0,1,Y
IDCJAC0010,010917,2002,02,22,31.0,1,Y
IDCJAC0010,010917,2002,02,23,35.0,1,Y
IDCJAC0010,010917,2002,02,24,37.0,1,Y
IDCJAC0010,010917,2002,02,25,32.0,1,Y
IDCJAC0010,010917,2002,02,26,28.0,1,Y
IDCJAC0010,010917,2002,02,27,26.0,1,Y
IDCJAC0010,010917,2002,02,28,26.0,1,Y
IDCJAC0010,010917,2002,03,01,28.0,1,Y
IDCJAC0010,010917,2002,03,02,29.0,1,Y
IDCJAC0010,010917,2002,03,03,34.0,1,Y
IDCJAC0010,010917,2002,03,04,33.0,1,Y
IDCJAC0010,010917,2002,03,05,27.0,1,Y
IDCJAC0010,010917,2002,03,06,28.0,1,Y
IDCJAC0010,010917,2002,03,07,32.0,1,Y
IDCJAC0010,010917,2002,03,08,34.0,1,Y
IDCJAC0010,010917,2002,03,09,33.0,1,Y
IDCJAC0010,010917,2002,03,10,23.0,1,Y
IDCJAC0010,010917,2002,03,11,26.0,1,Y
IDCJAC0010,010917,2002,03,12,34.0,1,Y
IDCJAC0010,010917,2002,03,13,31.0,1,Y
IDCJAC0010,010917,2002,03,14,37.0,1,Y
IDCJAC0010,010917,2002,03,15,33.0,1,Y
IDCJAC0010,010917,2002,03,16,30.0,1,Y
IDCJAC0010,010917,2002,03,17,23.0,1,Y
IDCJAC0010,010917,2002,03,18,24.0,1,Y
IDCJAC0010,010917,2002,03,19,30.0,1,Y
IDCJAC0010,010917,2002,03,20,37.0,1,Y
IDCJAC0010,010917,2002,03,21,35.0,1,Y
IDCJAC0010,010917,2002,03,22,26.0,1,Y
IDCJAC0010,010917,2002,03,23,24.0,1,Y
IDCJAC0010,010917,2002,03,24,25.0,1,Y
IDCJAC0010,010917,2002,03,25,28.0,1,Y
IDCJAC0010,010917,2002,03,26,28.0,1,Y
IDCJAC0010,010917,2002,03,27,28.0,1,Y
IDCJAC0010,010917,2002,03,28,27.0,1,Y
IDCJAC0010,010917,2002,03,29,32.0,1,Y
IDCJAC0010,010917,2002,03,30,30.0,1,Y
IDCJAC0010,010917,2002,03,31,27.0,1,Y
IDCJAC0010,010917,2002,04,01,29.0,1,Y
IDCJAC0010,010917,2002,04,02,22.0,1,Y
IDCJAC0010,010917,2002,04,03,21.0,1,Y
IDCJAC0010,010917,2002,04,04,22.0,1,Y
IDCJAC0010,010917,2002,04,05,23.0,1,Y
IDCJAC0010,010917,2002,04,06,27.0,1,Y
IDCJAC0010,010917,2002,04,07,26.0,1,Y
IDCJAC0010,010917,2002,04,08,23.0,1,Y
IDCJAC0010,010917,2002,04,09,22.0,1,Y
IDCJAC0010,010917,2002,04,10,25.0,1,Y
IDCJAC0010,010917,2002,04,11,25.0,1,Y
IDCJAC0010,010917,2002,04,12,24.0,1,Y
IDCJAC0010,010917,2002,04,13,26.0,1,Y
IDCJAC0010,010917,2002,04,14,34.0,1,Y
IDCJAC0010,010917,2002,04,15,31.0,1,Y
IDCJAC0010,010917,2002,04,16,19.0,1,Y
IDCJAC0010,010917,2002,04,17,22.0,1,Y
IDCJAC0010,010917,2002,04,18,21.0,1,Y
IDCJAC0010,010917,2002,04,19,21.0,1,Y
IDCJAC0010,010917,2002,04,20,25.0,1,Y
IDCJAC0010,010917,2002,04,21,26.0,1,Y
IDCJAC0010,010917,2002,04,22,22.8,1,Y
IDCJAC0010,010917,2002,04,23,18.0,1,Y
IDCJAC0010,010917,2002,04,24,20.0,1,Y
IDCJAC0010,010917,2002,04,25,25.0,1,Y
IDCJAC0010,010917,2002,04,26,,,
IDCJAC0010,010917,2002,04,27,0.0,,Y
IDCJAC0010,010917,2002,04,28,20.9,,Y
IDCJAC0010,010917,2002,04,29,24.8,1,Y
IDCJAC0010,010917,2002,04,30,24.1,1,Y
IDCJAC0010,010917,2002,05,01,29.5,1,Y
IDCJAC0010,010917,2002,05,02,27.8,1,Y
IDCJAC0010,010917,2002,05,03,22.4,1,Y
IDCJAC0010,010917,2002,05,04,21.0,1,Y
IDCJAC0010,010917,2002,05,05,28.0,1,Y
IDCJAC0010,010917,2002,05,06,19.0,1,Y
IDCJAC0010,010917,2002,05,07,21.0,1,Y
IDCJAC0010,010917,2002,05,08,21.0,1,Y
IDCJAC0010,010917,2002,05,09,22.0,1,Y
IDCJAC0010,010917,2002,05,10,22.0,1,Y
IDCJAC0010,010917,2002,05,11,16.0,1,Y
IDCJAC0010,010917,2002,05,12,17.0,1,Y
IDCJAC0010,010917,2002,05,13,17.0,1,Y
IDCJAC0010,010917,2002,05,14,21.0,1,Y
IDCJAC0010,010917,2002,05,15,19.0,1,Y
IDCJAC0010,010917,2002,05,16,19.0,1,Y
IDCJAC0010,010917,2002,05,17,19.0,1,Y
IDCJAC0010,010917,2002,05,18,18.0,1,Y
IDCJAC0010,010917,2002,05,19,19.0,1,Y
IDCJAC0010,010917,2002,05,20,20.0,1,Y
IDCJAC0010,010917,2002,05,21,18.0,1,Y
IDCJAC0010,010917,2002,05,22,18.0,1,Y
IDCJAC0010,010917,2002,05,23,20.0,1,Y
IDCJAC0010,010917,2002,05,24,18.0,1,Y
IDCJAC0010,010917,2002,05,25,22.0,1,Y
IDCJAC0010,010917,2002,05,26,26.0,1,Y
IDCJAC0010,010917,2002,05,27,22.0,1,Y
IDCJAC0010,010917,2002,05,28,23.0,1,Y
IDCJAC0010,010917,2002,05,29,19.0,1,Y
IDCJAC0010,010917,2002,05,30,22.0,1,Y
IDCJAC0010,010917,2002,05,31,24.0,1,Y
IDCJAC0010,010917,2002,06,01,20.0,1,Y
IDCJAC0010,010917,2002,06,02,19.0,1,Y
IDCJAC0010,010917,2002,06,03,20.0,1,Y
IDCJAC0010,010917,2002,06,04,17.0,1,Y
IDCJAC0010,010917,2002,06,05,15.0,1,Y
IDCJAC0010,010917,2002,06,06,16.0,1,Y
IDCJAC0010,010917,2002,06,07,15.0,1,Y
IDCJAC0010,010917,2002,06,08,15.0,1,Y
IDCJAC0010,010917,2002,06,09,17.0,1,Y
IDCJAC0010,010917,2002,06,10,21.0,1,Y
IDCJAC0010,010917,2002,06,11,18.0,1,Y
IDCJAC0010,010917,2002,06,12,18.0,1,Y
IDCJAC0010,010917,2002,06,13,17.0,1,Y
IDCJAC0010,010917,2002,06,14,15.0,1,Y
IDCJAC0010,010917,2002,06,15,15.0,1,Y
IDCJAC0010,010917,2002,06,16,15.0,1,Y
IDCJAC0010,010917,2002,06,17,19.0,1,Y
IDCJAC0010,010917,2002,06,18,17.0,1,Y
IDCJAC0010,010917,2002,06,19,15.0,1,Y
IDCJAC0010,010917,2002,06,20,15.0,1,Y
IDCJAC0010,010917,2002,06,21,12.0,1,Y
IDCJAC0010,010917,2002,06,22,14.0,1,Y
IDCJAC0010,010917,2002,06,23,17.0,1,Y
IDCJAC0010,010917,2002,06,24,16.0,1,Y
IDCJAC0010,010917,2002,06,25,16.0,1,Y
IDCJAC0010,010917,2002,06,26,17.0,1,Y
IDCJAC0010,010917,2002,06,27,14.0,1,Y
IDCJAC0010,010917,2002,06,28,20.0,1,Y
IDCJAC0010,010917,2002,06,29,17.0,1,Y
IDCJAC0010,010917,2002,06,30,18.0,1,Y
IDCJAC0010,010917,2002,07,01,15.0,1,Y
IDCJAC0010,010917,2002,07,02,17.0,1,Y
IDCJAC0010,010917,2002,07,03,18.0,1,Y
IDCJAC0010,010917,2002,07,04,19.0,1,Y
IDCJAC0010,010917,2002,07,05,16.0,1,Y
IDCJAC0010,010917,2002,07,06,18.0,1,Y
IDCJAC0010,010917,2002,07,07,16.0,1,Y
IDCJAC0010,010917,2002,07,08,16.0,1,Y
IDCJAC0010,010917,2002,07,09,15.0,1,Y
IDCJAC0010,010917,2002,07,10,16.0,1,Y
IDCJAC0010,010917,2002,07,11,16.0,1,Y
IDCJAC0010,010917,2002,07,12,11.0,1,Y
IDCJAC0010,010917,2002,07,13,14.0,1,Y
IDCJAC0010,010917,2002,07,14,17.0,1,Y
IDCJAC0010,010917,2002,07,15,17.0,1,Y
IDCJAC0010,010917,2002,07,16,17.0,1,Y
IDCJAC0010,010917,2002,07,17,22.0,1,Y
IDCJAC0010,010917,2002,07,18,16.0,1,Y
IDCJAC0010,010917,2002,07,19,18.0,1,Y
IDCJAC0010,010917,2002,07,20,18.0,1,Y
IDCJAC0010,010917,2002,07,21,16.0,1,Y
IDCJAC0010,010917,2002,07,22,18.0,1,Y
IDCJAC0010,010917,2002,07,23,17.0,1,Y
IDCJAC0010,010917,2002,07,24,15.0,1,Y
IDCJAC0010,010917,2002,07,25,16.0,1,Y
IDCJAC0010,010917,2002,07,26,17.0,1,Y
IDCJAC0010,010917,2002,07,27,12.0,1,Y
IDCJAC0010,010917,2002,07,28,14.0,1,Y
IDCJAC0010,010917,2002,07,29,16.0,1,Y
IDCJAC0010,010917,2002,07,30,17.0,1,Y
IDCJAC0010,010917,2002,07,31,13.0,1,Y
IDCJAC0010,010917,2002,08,01,15.0,1,Y
IDCJAC0010,010917,2002,08,02,17.0,1,Y
IDCJAC0010,010917,2002,08,03,13.0,1,Y
IDCJAC0010,010917,2002,08,04,13.0,1,Y
IDCJAC0010,010917,2002,08,05,14.0,1,Y
IDCJAC0010,010917,2002,08,06,17.0,1,Y
IDCJAC0010,010917,2002,08,07,20.0,1,Y
IDCJAC0010,010917,2002,08,08,20.0,1,Y
IDCJAC0010,010917,2002,08,09,16.0,1,Y
IDCJAC0010,010917,2002,08,10,13.0,1,Y
IDCJAC0010,010917,2002,08,11,13.0,1,Y
IDCJAC0010,010917,2002,08,12,15.0,1,Y
IDCJAC0010,010917,2002,08,13,16.0,1,Y
IDCJAC0010,010917,2002,08,14,19.0,1,Y
IDCJAC0010,010917,2002,08,15,13.0,1,Y
IDCJAC0010,010917,2002,08,16,13.0,1,Y
IDCJAC0010,010917,2002,08,17,15.0,1,Y
IDCJAC0010,010917,2002,08,18,19.0,1,Y
IDCJAC0010,010917,2002,08,19,20.0,1,Y
IDCJAC0010,010917,2002,08,20,18.0,1,Y
IDCJAC0010,010917,2002,08,21,17.0,1,Y
IDCJAC0010,010917,2002,08,22,17.0,1,Y
IDCJAC0010,010917,2002,08,23,17.0,1,Y
IDCJAC0010,010917,2002,08,24,20.0,1,Y
IDCJAC0010,010917,2002,08,25,17.0,1,Y
IDCJAC0010,010917,2002,08,26,17.0,1,Y
IDCJAC0010,010917,2002,08,27,15.0,1,Y
IDCJAC0010,010917,2002,08,28,17.0,1,Y
IDCJAC0010,010917,2002,08,29,16.0,1,Y
IDCJAC0010,010917,2002,08,30,17.0,1,Y
IDCJAC0010,010917,2002,08,31,17.0,1,Y
IDCJAC0010,010917,2002,09,01,14.0,1,Y
IDCJAC0010,010917,2002,09,02,16.0,1,Y
IDCJAC0010,010917,2002,09,03,17.0,1,Y
IDCJAC0010,010917,2002,09,04,16.0,1,Y
IDCJAC0010,010917,2002,09,05,17.0,1,Y
IDCJAC0010,010917,2002,09,06,17.0,1,Y
IDCJAC0010,010917,2002,09,07,19.0,1,Y
IDCJAC0010,010917,2002,09,08,17.0,1,Y
IDCJAC0010,010917,2002,09,09,17.0,1,Y
IDCJAC0010,010917,2002,09,10,22.0,1,Y
IDCJAC0010,010917,2002,09,11,19.0,1,Y
IDCJAC0010,010917,2002,09,12,19.0,1,Y
IDCJAC0010,010917,2002,09,13,21.0,1,Y
IDCJAC0010,010917,2002,09,14,19.0,1,Y
IDCJAC0010,010917,2002,09,15,13.0,1,Y
IDCJAC0010,010917,2002,09,16,13.0,1,Y
IDCJAC0010,010917,2002,09,17,21.0,1,Y
IDCJAC0010,010917,2002,09,18,24.0,1,Y
IDCJAC0010,010917,2002,09,19,24.0,1,Y
IDCJAC0010,010917,2002,09,20,20.0,1,Y
IDCJAC0010,010917,2002,09,21,18.0,1,Y
IDCJAC0010,010917,2002,09,22,19.0,1,Y
IDCJAC0010,010917,2002,09,23,16.0,1,Y
IDCJAC0010,010917,2002,09,24,16.0,1,Y
IDCJAC0010,010917,2002,09,25,17.0,1,Y
IDCJAC0010,010917,2002,09,26,19.0,1,Y
IDCJAC0010,010917,2002,09,27,16.0,1,Y
IDCJAC0010,010917,2002,09,28,20.0,1,Y
IDCJAC0010,010917,2002,09,29,25.0,1,Y
IDCJAC0010,010917,2002,09,30,22.0,1,Y
IDCJAC0010,010917,2002,10,01,15.0,1,Y
IDCJAC0010,010917,2002,10,02,16.0,1,Y
IDCJAC0010,010917,2002,10,03,19.0,1,Y
IDCJAC0010,010917,2002,10,04,27.0,1,Y
IDCJAC0010,010917,2002,10,05,15.0,1,Y
IDCJAC0010,010917,2002,10,06,15.0,1,Y
IDCJAC0010,010917,2002,10,07,17.0,1,Y
IDCJAC0010,010917,2002,10,08,18.0,1,Y
IDCJAC0010,010917,2002,10,09,23.0,1,Y
IDCJAC0010,010917,2002,10,10,20.0,1,Y
IDCJAC0010,010917,2002,10,11,18.0,1,Y
IDCJAC0010,010917,2002,10,12,20.0,1,Y
IDCJAC0010,010917,2002,10,13,24.0,1,Y
IDCJAC0010,010917,2002,10,14,23.0,1,Y
IDCJAC0010,010917,2002,10,15,23.0,1,Y
IDCJAC0010,010917,2002,10,16,22.0,1,Y
IDCJAC0010,010917,2002,10,17,19.0,1,Y
IDCJAC0010,010917,2002,10,18,19.0,1,Y
IDCJAC0010,010917,2002,10,19,22.0,1,Y
IDCJAC0010,010917,2002,10,20,23.0,1,Y
IDCJAC0010,010917,2002,10,21,25.0,1,Y
IDCJAC0010,010917,2002,10,22,27.0,1,Y
IDCJAC0010,010917,2002,10,23,24.0,1,Y
IDCJAC0010,010917,2002,10,24,23.0,1,Y
IDCJAC0010,010917,2002,10,25,26.0,1,Y
IDCJAC0010,010917,2002,10,26,32.0,1,Y
IDCJAC0010,010917,2002,10,27,27.0,1,Y
IDCJAC0010,010917,2002,10,28,21.0,1,Y
IDCJAC0010,010917,2002,10,29,23.0,1,Y
IDCJAC0010,010917,2002,10,30,26.0,1,Y
IDCJAC0010,010917,2002,10,31,25.0,1,Y
IDCJAC0010,010917,2002,11,01,18.0,1,Y
IDCJAC0010,010917,2002,11,02,21.0,1,Y
IDCJAC0010,010917,2002,11,03,26.0,1,Y
IDCJAC0010,010917,2002,11,04,33.0,1,Y
IDCJAC0010,010917,2002,11,05,32.0,1,Y
IDCJAC0010,010917,2002,11,06,28.0,1,Y
IDCJAC0010,010917,2002,11,07,30.0,1,Y
IDCJAC0010,010917,2002,11,08,34.0,1,Y
IDCJAC0010,010917,2002,11,09,34.0,1,Y
IDCJAC0010,010917,2002,11,10,35.0,1,Y
IDCJAC0010,010917,2002,11,11,22.0,1,Y
IDCJAC0010,010917,2002,11,12,24.0,1,Y
IDCJAC0010,010917,2002,11,13,30.0,1,Y
IDCJAC0010,010917,2002,11,14,35.0,1,Y
IDCJAC0010,010917,2002,11,15,34.0,1,Y
IDCJAC0010,010917,2002,11,16,25.0,1,Y
IDCJAC0010,010917,2002,11,17,29.0,1,Y
IDCJAC0010,010917,2002,11,18,26.0,1,Y
IDCJAC0010,010917,2002,11,19,25.0,1,Y
IDCJAC0010,010917,2002,11,20,29.0,1,Y
IDCJAC0010,010917,2002,11,21,32.0,1,Y
IDCJAC0010,010917,2002,11,22,33.0,1,Y
IDCJAC0010,010917,2002,11,23,24.0,1,Y
IDCJAC0010,010917,2002,11,24,23.0,1,Y
IDCJAC0010,010917,2002,11,25,24.0,1,Y
IDCJAC0010,010917,2002,11,26,29.0,1,Y
IDCJAC0010,010917,2002,11,27,34.0,1,Y
IDCJAC0010,010917,2002,11,28,29.0,1,Y
IDCJAC0010,010917,2002,11,29,29.0,1,Y
IDCJAC0010,010917,2002,11,30,34.0,1,Y
IDCJAC0010,010917,2002,12,01,21.0,1,Y
IDCJAC0010,010917,2002,12,02,22.0,1,Y
IDCJAC0010,010917,2002,12,03,22.0,1,Y
IDCJAC0010,010917,2002,12,04,27.0,1,Y
IDCJAC0010,010917,2002,12,05,33.0,1,Y
IDCJAC0010,010917,2002,12,06,36.0,1,Y
IDCJAC0010,010917,2002,12,07,29.0,1,Y
IDCJAC0010,010917,2002,12,08,25.0,1,Y
IDCJAC0010,010917,2002,12,09,26.0,1,Y
IDCJAC0010,010917,2002,12,10,31.5,1,Y
IDCJAC0010,010917,2002,12,11,37.6,1,Y
IDCJAC0010,010917,2002,12,12,42.5,1,Y
IDCJAC0010,010917,2002,12,13,28.9,1,Y
IDCJAC0010,010917,2002,12,14,27.9,1,Y
IDCJAC0010,010917,2002,12,15,30.6,1,Y
IDCJAC0010,010917,2002,12,16,31.8,1,Y
IDCJAC0010,010917,2002,12,17,33.7,1,Y
IDCJAC0010,010917,2002,12,18,37.8,1,Y
IDCJAC0010,010917,2002,12,19,37.3,1,Y
IDCJAC0010,010917,2002,12,20,43.8,1,Y
IDCJAC0010,010917,2002,12,21,25.4,1,Y
IDCJAC0010,010917,2002,12,22,33.1,1,Y
IDCJAC0010,010917,2002,12,23,34.7,1,Y
IDCJAC0010,010917,2002,12,24,30.6,1,Y
IDCJAC0010,010917,2002,12,25,30.5,1,Y
IDCJAC0010,010917,2002,12,26,37.5,1,Y
IDCJAC0010,010917,2002,12,27,33.3,1,Y
IDCJAC0010,010917,2002,12,28,30.7,1,Y
IDCJAC0010,010917,2002,12,29,28.4,1,Y
IDCJAC0010,010917,2002,12,30,23.0,1,Y
IDCJAC0010,010917,2002,12,31,27.0,1,Y
IDCJAC0010,010917,2003,01,01,33.9,1,Y
IDCJAC0010,010917,2003,01,02,32.9,1,Y
IDCJAC0010,010917,2003,01,03,34.9,1,Y
IDCJAC0010,010917,2003,01,04,36.4,1,Y
IDCJAC0010,010917,2003,01,05,32.5,1,Y
IDCJAC0010,010917,2003,01,06,33.5,1,Y
IDCJAC0010,010917,2003,01,07,30.1,1,Y
IDCJAC0010,010917,2003,01,08,32.7,1,Y
IDCJAC0010,010917,2003,01,09,38.6,1,Y
IDCJAC0010,010917,2003,01,10,39.9,1,Y
IDCJAC0010,010917,2003,01,11,29.3,1,Y
IDCJAC0010,010917,2003,01,12,23.7,1,Y
IDCJAC0010,010917,2003,01,13,26.6,1,Y
IDCJAC0010,010917,2003,01,14,31.0,1,Y
IDCJAC0010,010917,2003,01,15,35.8,1,Y
IDCJAC0010,010917,2003,01,16,39.6,1,Y
IDCJAC0010,010917,2003,01,17,30.6,1,Y
IDCJAC0010,010917,2003,01,18,33.4,1,Y
IDCJAC0010,010917,2003,01,19,27.7,1,Y
IDCJAC0010,010917,2003,01,20,31.0,1,Y
IDCJAC0010,010917,2003,01,21,37.7,1,Y
IDCJAC0010,010917,2003,01,22,41.6,1,Y
IDCJAC0010,010917,2003,01,23,31.0,1,Y
IDCJAC0010,010917,2003,01,24,25.5,1,Y
IDCJAC0010,010917,2003,01,25,27.7,1,Y
IDCJAC0010,010917,2003,01,26,32.2,1,Y
IDCJAC0010,010917,2003,01,27,35.2,1,Y
IDCJAC0010,010917,2003,01,28,36.0,1,Y
IDCJAC0010,010917,2003,01,29,24.7,1,Y
IDCJAC0010,010917,2003,01,30,25.7,1,Y
IDCJAC0010,010917,2003,01,31,30.3,1,Y
IDCJAC0010,010917,2003,02,01,36.6,1,Y
IDCJAC0010,010917,2003,02,02,22.7,1,Y
IDCJAC0010,010917,2003,02,03,25.9,1,Y
IDCJAC0010,010917,2003,02,04,28.6,1,Y
IDCJAC0010,010917,2003,02,05,35.8,1,Y
IDCJAC0010,010917,2003,02,06,31.2,1,Y
IDCJAC0010,010917,2003,02,07,33.0,1,Y
IDCJAC0010,010917,2003,02,08,39.3,1,Y
IDCJAC0010,010917,2003,02,09,40.3,1,Y
IDCJAC0010,010917,2003,02,10,38.2,1,Y
IDCJAC0010,010917,2003,02,11,26.9,1,Y
IDCJAC0010,010917,2003,02,12,26.1,1,Y
IDCJAC0010,010917,2003,02,13,31.5,1,Y
IDCJAC0010,010917,2003,02,14,34.1,1,Y
IDCJAC0010,010917,2003,02,15,32.7,1,Y
IDCJAC0010,010917,2003,02,16,27.2,1,Y
IDCJAC0010,010917,2003,02,17,33.0,1,Y
IDCJAC0010,010917,2003,02,18,31.6,1,Y
IDCJAC0010,010917,2003,02,19,33.8,1,Y
IDCJAC0010,010917,2003,02,20,30.7,1,Y
IDCJAC0010,010917,2003,02,21,37.0,1,Y
IDCJAC0010,010917,2003,02,22,28.1,1,Y
IDCJAC0010,010917,2003,02,23,28.0,1,Y
IDCJAC0010,010917,2003,02,24,30.4,1,Y
IDCJAC0010,010917,2003,02,25,32.3,1,Y
IDCJAC0010,010917,2003,02,26,31.7,1,Y
IDCJAC0010,010917,2003,02,27,26.4,1,Y
IDCJAC0010,010917,2003,02,28,27.7,1,Y
IDCJAC0010,010917,2003,03,01,26.2,1,Y
IDCJAC0010,010917,2003,03,02,27.9,1,Y
IDCJAC0010,010917,2003,03,03,30.3,1,Y
IDCJAC0010,010917,2003,03,04,29.3,1,Y
IDCJAC0010,010917,2003,03,05,32.8,1,Y
IDCJAC0010,010917,2003,03,06,34.3,1,Y
IDCJAC0010,010917,2003,03,07,34.4,1,Y
IDCJAC0010,010917,2003,03,08,37.0,1,Y
IDCJAC0010,010917,2003,03,09,39.5,1,Y
IDCJAC0010,010917,2003,03,10,40.3,1,Y
IDCJAC0010,010917,2003,03,11,35.5,1,Y
IDCJAC0010,010917,2003,03,12,27.8,1,Y
IDCJAC0010,010917,2003,03,13,31.3,1,Y
IDCJAC0010,010917,2003,03,14,36.3,1,Y
IDCJAC0010,010917,2003,03,15,35.5,1,Y
IDCJAC0010,010917,2003,03,16,27.1,1,Y
IDCJAC0010,010917,2003,03,17,23.8,1,Y
IDCJAC0010,010917,2003,03,18,22.1,1,Y
IDCJAC0010,010917,2003,03,19,23.7,1,Y
IDCJAC0010,010917,2003,03,20,30.0,1,Y
IDCJAC0010,010917,2003,03,21,28.8,1,Y
IDCJAC0010,010917,2003,03,22,33.1,1,Y
IDCJAC0010,010917,2003,03,23,26.4,1,Y
IDCJAC0010,010917,2003,03,24,23.2,1,Y
IDCJAC0010,010917,2003,03,25,26.4,1,Y
IDCJAC0010,010917,2003,03,26,30.5,1,Y
IDCJAC0010,010917,2003,03,27,33.2,1,Y
IDCJAC0010,010917,2003,03,28,30.2,1,Y
IDCJAC0010,010917,2003,03,29,24.6,1,Y
IDCJAC0010,010917,2003,03,30,27.1,1,Y
IDCJAC0010,010917,2003,03,31,23.6,1,Y
IDCJAC0010,010917,2003,04,01,19.8,1,Y
IDCJAC0010,010917,2003,04,02,23.1,1,Y
IDCJAC0010,010917,2003,04,03,28.0,1,Y
IDCJAC0010,010917,2003,04,04,28.7,1,Y
IDCJAC0010,010917,2003,04,05,27.9,1,Y
IDCJAC0010,010917,2003,04,06,24.1,1,Y
IDCJAC0010,010917,2003,04,07,19.6,1,Y
IDCJAC0010,010917,2003,04,08,21.3,1,Y
IDCJAC0010,010917,2003,04,09,24.7,1,Y
IDCJAC0010,010917,2003,04,10,19.5,1,Y
IDCJAC0010,010917,2003,04,11,20.2,1,Y
IDCJAC0010,010917,2003,04,12,15.4,1,Y
IDCJAC0010,010917,2003,04,13,19.3,1,Y
IDCJAC0010,010917,2003,04,14,21.0,1,Y
IDCJAC0010,010917,2003,04,15,21.5,1,Y
IDCJAC0010,010917,2003,04,16,29.3,1,Y
IDCJAC0010,010917,2003,04,17,26.6,1,Y
IDCJAC0010,010917,2003,04,18,21.9,1,Y
IDCJAC0010,010917,2003,04,19,23.3,1,Y
IDCJAC0010,010917,2003,04,20,31.6,1,Y
IDCJAC0010,010917,2003,04,21,28.4,1,Y
IDCJAC0010,010917,2003,04,22,29.7,1,Y
IDCJAC0010,010917,2003,04,23,27.3,1,Y
IDCJAC0010,010917,2003,04,24,21.4,1,Y
IDCJAC0010,010917,2003,04,25,23.1,1,Y
IDCJAC0010,010917,2003,04,26,19.1,1,Y
IDCJAC0010,010917,2003,04,27,17.8,1,Y
IDCJAC0010,010917,2003,04,28,19.9,1,Y
IDCJAC0010,010917,2003,04,29,22.9,1,Y
IDCJAC0010,010917,2003,04,30,27.6,1,Y
IDCJAC0010,010917,2003,05,01,28.4,1,Y
IDCJAC0010,010917,2003,05,02,27.7,1,Y
IDCJAC0010,010917,2003,05,03,25.5,1,Y
IDCJAC0010,010917,2003,05,04,24.8,1,Y
IDCJAC0010,010917,2003,05,05,26.8,1,Y
IDCJAC0010,010917,2003,05,06,26.5,1,Y
IDCJAC0010,010917,2003,05,07,26.1,1,Y
IDCJAC0010,010917,2003,05,08,21.9,1,Y
IDCJAC0010,010917,2003,05,09,21.8,1,Y
IDCJAC0010,010917,2003,05,10,21.9,1,Y
IDCJAC0010,010917,2003,05,11,23.6,1,Y
IDCJAC0010,010917,2003,05,12,17.6,1,Y
IDCJAC0010,010917,2003,05,13,19.6,1,Y
IDCJAC0010,010917,2003,05,14,19.9,1,Y
IDCJAC0010,010917,2003,05,15,18.3,1,Y
IDCJAC0010,010917,2003,05,16,18.7,1,Y
IDCJAC0010,010917,2003,05,17,16.0,1,Y
IDCJAC0010,010917,2003,05,18,17.1,1,Y
IDCJAC0010,010917,2003,05,19,15.0,1,Y
IDCJAC0010,010917,2003,05,20,20.5,1,Y
IDCJAC0010,010917,2003,05,21,18.3,1,Y
IDCJAC0010,010917,2003,05,22,18.2,1,Y
IDCJAC0010,010917,2003,05,23,18.8,1,Y
IDCJAC0010,010917,2003,05,24,20.7,1,Y
IDCJAC0010,010917,2003,05,25,21.7,1,Y
IDCJAC0010,010917,2003,05,26,22.2,1,Y
IDCJAC0010,010917,2003,05,27,20.5,1,Y
IDCJAC0010,010917,2003,05,28,22.0,1,Y
IDCJAC0010,010917,2003,05,29,22.0,1,Y
IDCJAC0010,010917,2003,05,30,18.8,1,Y
IDCJAC0010,010917,2003,05,31,13.7,1,Y
IDCJAC0010,010917,2003,06,01,18.0,1,Y
IDCJAC0010,010917,2003,06,02,15.5,1,Y
IDCJAC0010,010917,2003,06,03,15.8,1,Y
IDCJAC0010,010917,2003,06,04,15.5,1,Y
IDCJAC0010,010917,2003,06,05,16.9,1,Y
IDCJAC0010,010917,2003,06,06,16.0,1,Y
IDCJAC0010,010917,2003,06,07,17.9,1,Y
IDCJAC0010,010917,2003,06,08,17.8,1,Y
IDCJAC0010,010917,2003,06,09,18.6,1,Y
IDCJAC0010,010917,2003,06,10,14.9,1,Y
IDCJAC0010,010917,2003,06,11,14.5,1,Y
IDCJAC0010,010917,2003,06,12,15.3,1,Y
IDCJAC0010,010917,2003,06,13,13.9,1,Y
IDCJAC0010,010917,2003,06,14,16.2,1,Y
IDCJAC0010,010917,2003,06,15,15.2,1,Y
IDCJAC0010,010917,2003,06,16,16.9,1,Y
IDCJAC0010,010917,2003,06,17,18.8,1,Y
IDCJAC0010,010917,2003,06,18,18.7,1,Y
IDCJAC0010,010917,2003,06,19,19.2,1,Y
IDCJAC0010,010917,2003,06,20,17.8,1,Y
IDCJAC0010,010917,2003,06,21,19.2,1,Y
IDCJAC0010,010917,2003,06,22,14.3,1,Y
IDCJAC0010,010917,2003,06,23,20.3,1,Y
IDCJAC0010,010917,2003,06,24,20.1,1,Y
IDCJAC0010,010917,2003,06,25,19.5,1,Y
IDCJAC0010,010917,2003,06,26,17.1,1,Y
IDCJAC0010,010917,2003,06,27,14.6,1,Y
IDCJAC0010,010917,2003,06,28,16.2,1,Y
IDCJAC0010,010917,2003,06,29,13.2,1,Y
IDCJAC0010,010917,2003,06,30,15.8,1,Y
IDCJAC0010,010917,2003,07,01,17.4,1,Y
IDCJAC0010,010917,2003,07,02,17.1,1,Y
IDCJAC0010,010917,2003,07,03,16.6,1,Y
IDCJAC0010,010917,2003,07,04,16.8,1,Y
IDCJAC0010,010917,2003,07,05,15.0,1,Y
IDCJAC0010,010917,2003,07,06,17.0,1,Y
IDCJAC0010,010917,2003,07,07,16.2,1,Y
IDCJAC0010,010917,2003,07,08,17.5,1,Y
IDCJAC0010,010917,2003,07,09,18.9,1,Y
IDCJAC0010,010917,2003,07,10,17.5,1,Y
IDCJAC0010,010917,2003,07,11,14.8,1,Y
IDCJAC0010,010917,2003,07,12,14.6,1,Y
IDCJAC0010,010917,2003,07,13,18.7,1,Y
IDCJAC0010,010917,2003,07,14,11.0,1,Y
IDCJAC0010,010917,2003,07,15,13.8,1,Y
IDCJAC0010,010917,2003,07,16,13.5,1,Y
IDCJAC0010,010917,2003,07,17,11.9,1,Y
IDCJAC0010,010917,2003,07,18,15.3,1,Y
IDCJAC0010,010917,2003,07,19,16.8,1,Y
IDCJAC0010,010917,2003,07,20,14.1,1,Y
IDCJAC0010,010917,2003,07,21,14.7,1,Y
IDCJAC0010,010917,2003,07,22,13.3,1,Y
IDCJAC0010,010917,2003,07,23,11.8,1,Y
IDCJAC0010,010917,2003,07,24,16.0,1,Y
IDCJAC0010,010917,2003,07,25,15.5,1,Y
IDCJAC0010,010917,2003,07,26,17.2,1,Y
IDCJAC0010,010917,2003,07,27,16.7,1,Y
IDCJAC0010,010917,2003,07,28,14.0,1,Y
IDCJAC0010,010917,2003,07,29,16.1,1,Y
IDCJAC0010,010917,2003,07,30,17.7,1,Y
IDCJAC0010,010917,2003,07,31,17.8,1,Y
IDCJAC0010,010917,2003,08,01,18.8,1,Y
IDCJAC0010,010917,2003,08,02,18.3,1,Y
IDCJAC0010,010917,2003,08,03,13.3,1,Y
IDCJAC0010,010917,2003,08,04,14.3,1,Y
IDCJAC0010,010917,2003,08,05,14.9,1,Y
IDCJAC0010,010917,2003,08,06,14.0,1,Y
IDCJAC0010,010917,2003,08,07,16.6,1,Y
IDCJAC0010,010917,2003,08,08,15.2,1,Y
IDCJAC0010,010917,2003,08,09,17.8,1,Y
IDCJAC0010,010917,2003,08,10,15.9,1,Y
IDCJAC0010,010917,2003,08,11,14.6,1,Y
IDCJAC0010,010917,2003,08,12,13.9,1,Y
IDCJAC0010,010917,2003,08,13,16.1,1,Y
IDCJAC0010,010917,2003,08,14,15.5,1,Y
IDCJAC0010,010917,2003,08,15,18.5,1,Y
IDCJAC0010,010917,2003,08,16,18.7,1,Y
IDCJAC0010,010917,2003,08,17,17.1,1,Y
IDCJAC0010,010917,2003,08,18,17.7,1,Y
IDCJAC0010,010917,2003,08,19,15.2,1,Y
IDCJAC0010,010917,2003,08,20,13.4,1,Y
IDCJAC0010,010917,2003,08,21,14.4,1,Y
IDCJAC0010,010917,2003,08,22,11.6,1,Y
IDCJAC0010,010917,2003,08,23,14.9,1,Y
IDCJAC0010,010917,2003,08,24,14.5,1,Y
IDCJAC0010,010917,2003,08,25,14.7,1,Y
IDCJAC0010,010917,2003,08,26,17.8,1,Y
IDCJAC0010,010917,2003,08,27,18.9,1,Y
IDCJAC0010,010917,2003,08,28,17.7,1,Y
IDCJAC0010,010917,2003,08,29,14.9,1,Y
IDCJAC0010,010917,2003,08,30,14.5,1,Y
IDCJAC0010,010917,2003,08,31,15.2,1,Y
IDCJAC0010,010917,2003,09,01,20.4,1,Y
IDCJAC0010,010917,2003,09,02,20.9,1,Y
IDCJAC0010,010917,2003,09,03,24.9,1,Y
IDCJAC0010,010917,2003,09,04,17.9,1,Y
IDCJAC0010,010917,2003,09,05,17.4,1,Y
IDCJAC0010,010917,2003,09,06,18.3,1,Y
IDCJAC0010,010917,2003,09,07,17.0,1,Y
IDCJAC0010,010917,2003,09,08,15.2,1,Y
IDCJAC0010,010917,2003,09,09,16.0,1,Y
IDCJAC0010,010917,2003,09,10,14.1,1,Y
IDCJAC0010,010917,2003,09,11,14.7,1,Y
IDCJAC0010,010917,2003,09,12,16.0,1,Y
IDCJAC0010,010917,2003,09,13,15.2,1,Y
IDCJAC0010,010917,2003,09,14,17.2,1,Y
IDCJAC0010,010917,2003,09,15,18.7,1,Y
IDCJAC0010,010917,2003,09,16,20.4,1,Y
IDCJAC0010,010917,2003,09,17,20.6,1,Y
IDCJAC0010,010917,2003,09,18,18.7,1,Y
IDCJAC0010,010917,2003,09,19,18.3,1,Y
IDCJAC0010,010917,2003,09,20,16.4,1,Y
IDCJAC0010,010917,2003,09,21,16.6,1,Y
IDCJAC0010,010917,2003,09,22,14.3,1,Y
IDCJAC0010,010917,2003,09,23,15.8,1,Y
IDCJAC0010,010917,2003,09,24,17.8,1,Y
IDCJAC0010,010917,2003,09,25,15.9,1,Y
IDCJAC0010,010917,2003,09,26,17.3,1,Y
IDCJAC0010,010917,2003,09,27,23.2,1,Y
IDCJAC0010,010917,2003,09,28,19.5,1,Y
IDCJAC0010,010917,2003,09,29,17.1,1,Y
IDCJAC0010,010917,2003,09,30,17.9,1,Y
IDCJAC0010,010917,2003,10,01,15.5,1,Y
IDCJAC0010,010917,2003,10,02,16.4,1,Y
IDCJAC0010,010917,2003,10,03,21.7,1,Y
IDCJAC0010,010917,2003,10,04,19.0,1,Y
IDCJAC0010,010917,2003,10,05,20.4,1,Y
IDCJAC0010,010917,2003,10,06,23.8,1,Y
IDCJAC0010,010917,2003,10,07,20.4,1,Y
IDCJAC0010,010917,2003,10,08,20.9,1,Y
IDCJAC0010,010917,2003,10,09,23.9,1,Y
IDCJAC0010,010917,2003,10,10,28.7,1,Y
IDCJAC0010,010917,2003,10,11,26.4,1,Y
IDCJAC0010,010917,2003,10,12,22.9,1,Y
IDCJAC0010,010917,2003,10,13,17.0,1,Y
IDCJAC0010,010917,2003,10,14,17.7,1,Y
IDCJAC0010,010917,2003,10,15,19.4,1,Y
IDCJAC0010,010917,2003,10,16,22.4,1,Y
IDCJAC0010,010917,2003,10,17,18.3,1,Y
IDCJAC0010,010917,2003,10,18,18.2,1,Y
IDCJAC0010,010917,2003,10,19,20.5,1,Y
IDCJAC0010,010917,2003,10,20,21.2,1,Y
IDCJAC0010,010917,2003,10,21,24.2,1,Y
IDCJAC0010,010917,2003,10,22,24.0,1,Y
IDCJAC0010,010917,2003,10,23,23.6,1,Y
IDCJAC0010,010917,2003,10,24,23.6,1,Y
IDCJAC0010,010917,2003,10,25,28.1,1,Y
IDCJAC0010,010917,2003,10,26,25.9,1,Y
IDCJAC0010,010917,2003,10,27,17.9,1,Y
IDCJAC0010,010917,2003,10,28,21.6,1,Y
IDCJAC0010,010917,2003,10,29,19.4,1,Y
IDCJAC0010,010917,2003,10,30,15.7,1,Y
IDCJAC0010,010917,2003,10,31,20.0,1,Y
IDCJAC0010,010917,2003,11,01,24.3,1,Y
IDCJAC0010,010917,2003,11,02,27.5,1,Y
IDCJAC0010,010917,2003,11,03,31.3,1,Y
IDCJAC0010,010917,2003,11,04,23.2,1,Y
IDCJAC0010,010917,2003,11,05,23.8,1,Y
IDCJAC0010,010917,2003,11,06,29.6,1,Y
IDCJAC0010,010917,2003,11,07,33.9,1,Y
IDCJAC0010,010917,2003,11,08,34.5,1,Y
IDCJAC0010,010917,2003,11,09,29.8,1,Y
IDCJAC0010,010917,2003,11,10,31.6,1,Y
IDCJAC0010,010917,2003,11,11,39.1,1,Y
IDCJAC0010,010917,2003,11,12,40.2,1,Y
IDCJAC0010,010917,2003,11,13,29.0,1,Y
IDCJAC0010,010917,2003,11,14,23.3,1,Y
IDCJAC0010,010917,2003,11,15,21.3,1,Y
IDCJAC0010,010917,2003,11,16,28.2,1,Y
IDCJAC0010,010917,2003,11,17,21.1,1,Y
IDCJAC0010,010917,2003,11,18,17.2,1,Y
IDCJAC0010,010917,2003,11,19,20.0,1,Y
IDCJAC0010,010917,2003,11,20,22.5,1,Y
IDCJAC0010,010917,2003,11,21,26.2,1,Y
IDCJAC0010,010917,2003,11,22,30.7,1,Y
IDCJAC0010,010917,2003,11,23,31.8,1,Y
IDCJAC0010,010917,2003,11,24,22.1,1,Y
IDCJAC0010,010917,2003,11,25,25.1,1,Y
IDCJAC0010,010917,2003,11,26,25.4,1,Y
IDCJAC0010,010917,2003,11,27,26.9,1,Y
IDCJAC0010,010917,2003,11,28,30.0,1,Y
IDCJAC0010,010917,2003,11,29,33.0,1,Y
IDCJAC0010,010917,2003,11,30,29.5,1,Y
IDCJAC0010,010917,2003,12,01,30.4,1,Y
IDCJAC0010,010917,2003,12,02,27.5,1,Y
IDCJAC0010,010917,2003,12,03,26.8,1,Y
IDCJAC0010,010917,2003,12,04,29.4,1,Y
IDCJAC0010,010917,2003,12,05,30.0,1,Y
IDCJAC0010,010917,2003,12,06,31.9,1,Y
IDCJAC0010,010917,2003,12,07,31.3,1,Y
IDCJAC0010,010917,2003,12,08,25.3,1,Y
IDCJAC0010,010917,2003,12,09,24.3,1,Y
IDCJAC0010,010917,2003,12,10,26.0,1,Y
IDCJAC0010,010917,2003,12,11,28.7,1,Y
IDCJAC0010,010917,2003,12,12,30.2,1,Y
IDCJAC0010,010917,2003,12,13,35.8,1,Y
IDCJAC0010,010917,2003,12,14,33.4,1,Y
IDCJAC0010,010917,2003,12,15,25.9,1,Y
IDCJAC0010,010917,2003,12,16,30.5,1,Y
IDCJAC0010,010917,2003,12,17,34.2,1,Y
IDCJAC0010,010917,2003,12,18,29.4,1,Y
IDCJAC0010,010917,2003,12,19,25.4,1,Y
IDCJAC0010,010917,2003,12,20,27.7,1,Y
IDCJAC0010,010917,2003,12,21,29.2,1,Y
IDCJAC0010,010917,2003,12,22,35.8,1,Y
IDCJAC0010,010917,2003,12,23,34.3,1,Y
IDCJAC0010,010917,2003,12,24,34.6,1,Y
IDCJAC0010,010917,2003,12,25,34.2,1,Y
IDCJAC0010,010917,2003,12,26,35.9,1,Y
IDCJAC0010,010917,2003,12,27,40.8,1,Y
IDCJAC0010,010917,2003,12,28,27.2,1,Y
IDCJAC0010,010917,2003,12,29,25.2,1,Y
IDCJAC0010,010917,2003,12,30,27.7,1,Y
IDCJAC0010,010917,2003,12,31,35.2,1,Y
IDCJAC0010,010917,2004,01,01,36.8,1,Y
IDCJAC0010,010917,2004,01,02,33.7,1,Y
IDCJAC0010,010917,2004,01,03,32.4,1,Y
IDCJAC0010,010917,2004,01,04,31.0,1,Y
IDCJAC0010,010917,2004,01,05,21.3,1,Y
IDCJAC0010,010917,2004,01,06,29.5,1,Y
IDCJAC0010,010917,2004,01,07,28.4,1,Y
IDCJAC0010,010917,2004,01,08,30.4,1,Y
IDCJAC0010,010917,2004,01,09,32.6,1,Y
IDCJAC0010,010917,2004,01,10,35.1,1,Y
IDCJAC0010,010917,2004,01,11,39.1,1,Y
IDCJAC0010,010917,2004,01,12,39.6,1,Y
IDCJAC0010,010917,2004,01,13,30.1,1,Y
IDCJAC0010,010917,2004,01,14,33.9,1,Y
IDCJAC0010,010917,2004,01,15,30.9,1,Y
IDCJAC0010,010917,2004,01,16,28.4,1,Y
IDCJAC0010,010917,2004,01,17,32.8,1,Y
IDCJAC0010,010917,2004,01,18,34.5,1,Y
IDCJAC0010,010917,2004,01,19,24.9,1,Y
IDCJAC0010,010917,2004,01,20,27.4,1,Y
IDCJAC0010,010917,2004,01,21,29.0,1,Y
IDCJAC0010,010917,2004,01,22,32.0,1,Y
IDCJAC0010,010917,2004,01,23,34.0,1,Y
IDCJAC0010,010917,2004,01,24,34.5,1,Y
IDCJAC0010,010917,2004,01,25,33.5,1,Y
IDCJAC0010,010917,2004,01,26,33.5,1,Y
IDCJAC0010,010917,2004,01,27,34.8,1,Y
IDCJAC0010,010917,2004,01,28,35.4,1,Y
IDCJAC0010,010917,2004,01,29,31.3,1,Y
IDCJAC0010,010917,2004,01,30,30.8,1,Y
IDCJAC0010,010917,2004,01,31,26.0,1,Y
IDCJAC0010,010917,2004,02,01,30.1,1,Y
IDCJAC0010,010917,2004,02,02,33.2,1,Y
IDCJAC0010,010917,2004,02,03,40.3,1,Y
IDCJAC0010,010917,2004,02,04,33.1,1,Y
IDCJAC0010,010917,2004,02,05,28.8,1,Y
IDCJAC0010,010917,2004,02,06,30.6,1,Y
IDCJAC0010,010917,2004,02,07,34.9,1,Y
IDCJAC0010,010917,2004,02,08,35.5,1,Y
IDCJAC0010,010917,2004,02,09,32.5,1,Y
IDCJAC0010,010917,2004,02,10,33.9,1,Y
IDCJAC0010,010917,2004,02,11,37.0,1,Y
IDCJAC0010,010917,2004,02,12,40.7,1,Y
IDCJAC0010,010917,2004,02,13,30.0,1,Y
IDCJAC0010,010917,2004,02,14,28.0,1,Y
IDCJAC0010,010917,2004,02,15,33.9,1,Y
IDCJAC0010,010917,2004,02,16,36.5,1,Y
IDCJAC0010,010917,2004,02,17,36.8,1,Y
IDCJAC0010,010917,2004,02,18,40.1,1,Y
IDCJAC0010,010917,2004,02,19,30.5,1,Y
IDCJAC0010,010917,2004,02,20,21.6,1,Y
IDCJAC0010,010917,2004,02,21,24.6,1,Y
IDCJAC0010,010917,2004,02,22,25.8,1,Y
IDCJAC0010,010917,2004,02,23,28.5,1,Y
IDCJAC0010,010917,2004,02,24,32.8,1,Y
IDCJAC0010,010917,2004,02,25,36.1,1,Y
IDCJAC0010,010917,2004,02,26,33.0,1,Y
IDCJAC0010,010917,2004,02,27,31.0,1,Y
IDCJAC0010,010917,2004,02,28,30.0,1,Y
IDCJAC0010,010917,2004,02,29,36.7,1,Y
IDCJAC0010,010917,2004,03,01,32.0,1,Y
IDCJAC0010,010917,2004,03,02,25.2,1,Y
IDCJAC0010,010917,2004,03,03,27.2,1,Y
IDCJAC0010,010917,2004,03,04,27.2,1,Y
IDCJAC0010,010917,2004,03,05,24.2,1,Y
IDCJAC0010,010917,2004,03,06,27.1,1,Y
IDCJAC0010,010917,2004,03,07,23.6,1,Y
IDCJAC0010,010917,2004,03,08,21.0,1,Y
IDCJAC0010,010917,2004,03,09,25.0,1,Y
IDCJAC0010,010917,2004,03,10,26.3,1,Y
IDCJAC0010,010917,2004,03,11,27.9,1,Y
IDCJAC0010,010917,2004,03,12,30.2,1,Y
IDCJAC0010,010917,2004,03,13,31.2,1,Y
IDCJAC0010,010917,2004,03,14,32.4,1,Y
IDCJAC0010,010917,2004,03,15,26.8,1,Y
IDCJAC0010,010917,2004,03,16,26.9,1,Y
IDCJAC0010,010917,2004,03,17,30.6,1,Y
IDCJAC0010,010917,2004,03,18,32.6,1,Y
IDCJAC0010,010917,2004,03,19,30.6,1,Y
IDCJAC0010,010917,2004,03,20,29.8,1,Y
IDCJAC0010,010917,2004,03,21,35.8,1,Y
IDCJAC0010,010917,2004,03,22,38.0,1,Y
IDCJAC0010,010917,2004,03,23,37.3,1,Y
IDCJAC0010,010917,2004,03,24,27.2,1,Y
IDCJAC0010,010917,2004,03,25,27.9,1,Y
IDCJAC0010,010917,2004,03,26,36.8,1,Y
IDCJAC0010,010917,2004,03,27,25.0,1,Y
IDCJAC0010,010917,2004,03,28,22.7,1,Y
IDCJAC0010,010917,2004,03,29,27.9,1,Y
IDCJAC0010,010917,2004,03,30,23.7,1,Y
IDCJAC0010,010917,2004,03,31,21.7,1,Y
IDCJAC0010,010917,2004,04,01,23.7,1,Y
IDCJAC0010,010917,2004,04,02,27.0,1,Y
IDCJAC0010,010917,2004,04,03,28.8,1,Y
IDCJAC0010,010917,2004,04,04,30.3,1,Y
IDCJAC0010,010917,2004,04,05,21.7,1,Y
IDCJAC0010,010917,2004,04,06,24.6,1,Y
IDCJAC0010,010917,2004,04,07,30.2,1,Y
IDCJAC0010,010917,2004,04,08,31.9,1,Y
IDCJAC0010,010917,2004,04,09,25.7,1,Y
IDCJAC0010,010917,2004,04,10,27.4,1,Y
IDCJAC0010,010917,2004,04,11,28.9,1,Y
IDCJAC0010,010917,2004,04,12,24.6,1,Y
IDCJAC0010,010917,2004,04,13,20.8,1,Y
IDCJAC0010,010917,2004,04,14,23.5,1,Y
IDCJAC0010,010917,2004,04,15,24.9,1,Y
IDCJAC0010,010917,2004,04,16,28.6,1,Y
IDCJAC0010,010917,2004,04,17,27.0,1,Y
IDCJAC0010,010917,2004,04,18,25.5,1,Y
IDCJAC0010,010917,2004,04,19,21.1,1,Y
IDCJAC0010,010917,2004,04,20,23.0,1,Y
IDCJAC0010,010917,2004,04,21,22.1,1,Y
IDCJAC0010,010917,2004,04,22,19.0,1,Y
IDCJAC0010,010917,2004,04,23,25.6,1,Y
IDCJAC0010,010917,2004,04,24,26.2,1,Y
IDCJAC0010,010917,2004,04,25,27.1,1,Y
IDCJAC0010,010917,2004,04,26,26.3,1,Y
IDCJAC0010,010917,2004,04,27,26.3,1,Y
IDCJAC0010,010917,2004,04,28,27.8,1,Y
IDCJAC0010,010917,2004,04,29,27.1,1,Y
IDCJAC0010,010917,2004,04,30,21.2,1,Y
IDCJAC0010,010917,2004,05,01,18.2,1,Y
IDCJAC0010,010917,2004,05,02,20.7,1,Y
IDCJAC0010,010917,2004,05,03,22.5,1,Y
IDCJAC0010,010917,2004,05,04,22.1,1,Y
IDCJAC0010,010917,2004,05,05,24.5,1,Y
IDCJAC0010,010917,2004,05,06,28.1,1,Y
IDCJAC0010,010917,2004,05,07,21.0,1,Y
IDCJAC0010,010917,2004,05,08,21.2,1,Y
IDCJAC0010,010917,2004,05,09,22.6,1,Y
IDCJAC0010,010917,2004,05,10,20.8,1,Y
IDCJAC0010,010917,2004,05,11,18.9,1,Y
IDCJAC0010,010917,2004,05,12,15.2,1,Y
IDCJAC0010,010917,2004,05,13,14.0,1,Y
IDCJAC0010,010917,2004,05,14,17.3,1,Y
IDCJAC0010,010917,2004,05,15,22.5,1,Y
IDCJAC0010,010917,2004,05,16,16.2,1,Y
IDCJAC0010,010917,2004,05,17,19.2,1,Y
IDCJAC0010,010917,2004,05,18,21.0,1,Y
IDCJAC0010,010917,2004,05,19,20.1,1,Y
IDCJAC0010,010917,2004,05,20,22.8,1,Y
IDCJAC0010,010917,2004,05,21,15.9,1,Y
IDCJAC0010,010917,2004,05,22,15.6,1,Y
IDCJAC0010,010917,2004,05,23,15.7,1,Y
IDCJAC0010,010917,2004,05,24,15.9,1,Y
IDCJAC0010,010917,2004,05,25,16.7,1,Y
IDCJAC0010,010917,2004,05,26,18.2,1,Y
IDCJAC0010,010917,2004,05,27,18.8,1,Y
IDCJAC0010,010917,2004,05,28,19.0,1,Y
IDCJAC0010,010917,2004,05,29,19.6,1,Y
IDCJAC0010,010917,2004,05,30,19.2,1,Y
IDCJAC0010,010917,2004,05,31,11.2,1,Y
IDCJAC0010,010917,2004,06,01,13.7,1,Y
IDCJAC0010,010917,2004,06,02,14.4,1,Y
IDCJAC0010,010917,2004,06,03,15.1,1,Y
IDCJAC0010,010917,2004,06,04,16.6,1,Y
IDCJAC0010,010917,2004,06,05,19.2,1,Y
IDCJAC0010,010917,2004,06,06,19.6,1,Y
IDCJAC0010,010917,2004,06,07,18.1,1,Y
IDCJAC0010,010917,2004,06,08,15.6,1,Y
IDCJAC0010,010917,2004,06,09,17.1,1,Y
IDCJAC0010,010917,2004,06,10,16.9,1,Y
IDCJAC0010,010917,2004,06,11,15.9,1,Y
IDCJAC0010,010917,2004,06,12,15.6,1,Y
IDCJAC0010,010917,2004,06,13,17.6,1,Y
IDCJAC0010,010917,2004,06,14,18.3,1,Y
IDCJAC0010,010917,2004,06,15,20.4,1,Y
IDCJAC0010,010917,2004,06,16,24.0,1,Y
IDCJAC0010,010917,2004,06,17,15.8,1,Y
IDCJAC0010,010917,2004,06,18,15.7,1,Y
IDCJAC0010,010917,2004,06,19,14.5,1,Y
IDCJAC0010,010917,2004,06,20,16.4,1,Y
IDCJAC0010,010917,2004,06,21,20.9,1,Y
IDCJAC0010,010917,2004,06,22,19.5,1,Y
IDCJAC0010,010917,2004,06,23,16.3,1,Y
IDCJAC0010,010917,2004,06,24,16.5,1,Y
IDCJAC0010,010917,2004,06,25,17.7,1,Y
IDCJAC0010,010917,2004,06,26,19.6,1,Y
IDCJAC0010,010917,2004,06,27,19.9,1,Y
IDCJAC0010,010917,2004,06,28,17.1,1,Y
IDCJAC0010,010917,2004,06,29,16.7,1,Y
IDCJAC0010,010917,2004,06,30,14.3,1,Y
IDCJAC0010,010917,2004,07,01,14.0,1,Y
IDCJAC0010,010917,2004,07,02,11.8,1,Y
IDCJAC0010,010917,2004,07,03,13.8,1,Y
IDCJAC0010,010917,2004,07,04,15.4,1,Y
IDCJAC0010,010917,2004,07,05,14.7,1,Y
IDCJAC0010,010917,2004,07,06,19.4,1,Y
IDCJAC0010,010917,2004,07,07,16.7,1,Y
IDCJAC0010,010917,2004,07,08,16.3,1,Y
IDCJAC0010,010917,2004,07,09,14.6,1,Y
IDCJAC0010,010917,2004,07,10,12.0,1,Y
IDCJAC0010,010917,2004,07,11,14.7,1,Y
IDCJAC0010,010917,2004,07,12,15.5,1,Y
IDCJAC0010,010917,2004,07,13,13.2,1,Y
IDCJAC0010,010917,2004,07,14,15.7,1,Y
IDCJAC0010,010917,2004,07,15,14.2,1,Y
IDCJAC0010,010917,2004,07,16,13.5,1,Y
IDCJAC0010,010917,2004,07,17,15.2,1,Y
IDCJAC0010,010917,2004,07,18,14.3,1,Y
IDCJAC0010,010917,2004,07,19,16.0,1,Y
IDCJAC0010,010917,2004,07,20,12.3,1,Y
IDCJAC0010,010917,2004,07,21,17.3,1,Y
IDCJAC0010,010917,2004,07,22,17.7,1,Y
IDCJAC0010,010917,2004,07,23,14.3,1,Y
IDCJAC0010,010917,2004,07,24,14.0,1,Y
IDCJAC0010,010917,2004,07,25,11.9,1,Y
IDCJAC0010,010917,2004,07,26,14.9,1,Y
IDCJAC0010,010917,2004,07,27,16.3,1,Y
IDCJAC0010,010917,2004,07,28,17.1,1,Y
IDCJAC0010,010917,2004,07,29,18.2,1,Y
IDCJAC0010,010917,2004,07,30,14.7,1,Y
IDCJAC0010,010917,2004,07,31,15.4,1,Y
IDCJAC0010,010917,2004,08,01,14.4,1,Y
IDCJAC0010,010917,2004,08,02,13.3,1,Y
IDCJAC0010,010917,2004,08,03,16.3,1,Y
IDCJAC0010,010917,2004,08,04,17.1,1,Y
IDCJAC0010,010917,2004,08,05,14.6,1,Y
IDCJAC0010,010917,2004,08,06,13.3,1,Y
IDCJAC0010,010917,2004,08,07,16.8,1,Y
IDCJAC0010,010917,2004,08,08,15.9,1,Y
IDCJAC0010,010917,2004,08,09,16.5,1,Y
IDCJAC0010,010917,2004,08,10,17.0,1,Y
IDCJAC0010,010917,2004,08,11,16.1,1,Y
IDCJAC0010,010917,2004,08,12,14.2,1,Y
IDCJAC0010,010917,2004,08,13,17.1,1,Y
IDCJAC0010,010917,2004,08,14,13.3,1,Y
IDCJAC0010,010917,2004,08,15,15.5,1,Y
IDCJAC0010,010917,2004,08,16,16.0,1,Y
IDCJAC0010,010917,2004,08,17,15.1,1,Y
IDCJAC0010,010917,2004,08,18,13.8,1,Y
IDCJAC0010,010917,2004,08,19,15.7,1,Y
IDCJAC0010,010917,2004,08,20,17.0,1,Y
IDCJAC0010,010917,2004,08,21,16.6,1,Y
IDCJAC0010,010917,2004,08,22,15.4,1,Y
IDCJAC0010,010917,2004,08,23,17.3,1,Y
IDCJAC0010,010917,2004,08,24,14.9,1,Y
IDCJAC0010,010917,2004,08,25,13.9,1,Y
IDCJAC0010,010917,2004,08,26,14.9,1,Y
IDCJAC0010,010917,2004,08,27,14.1,1,Y
IDCJAC0010,010917,2004,08,28,10.5,1,Y
IDCJAC0010,010917,2004,08,29,11.4,1,Y
IDCJAC0010,010917,2004,08,30,13.7,1,Y
IDCJAC0010,010917,2004,08,31,14.3,1,Y
IDCJAC0010,010917,2004,09,01,18.9,1,Y
IDCJAC0010,010917,2004,09,02,20.2,1,Y
IDCJAC0010,010917,2004,09,03,20.3,1,Y
IDCJAC0010,010917,2004,09,04,17.2,1,Y
IDCJAC0010,010917,2004,09,05,18.8,1,Y
IDCJAC0010,010917,2004,09,06,12.9,1,Y
IDCJAC0010,010917,2004,09,07,17.3,1,Y
IDCJAC0010,010917,2004,09,08,17.4,1,Y
IDCJAC0010,010917,2004,09,09,13.6,1,Y
IDCJAC0010,010917,2004,09,10,12.8,1,Y
IDCJAC0010,010917,2004,09,11,15.2,1,Y
IDCJAC0010,010917,2004,09,12,18.7,1,Y
IDCJAC0010,010917,2004,09,13,22.8,1,Y
IDCJAC0010,010917,2004,09,14,18.8,1,Y
IDCJAC0010,010917,2004,09,15,17.7,1,Y
IDCJAC0010,010917,2004,09,16,19.0,1,Y
IDCJAC0010,010917,2004,09,17,17.8,1,Y
IDCJAC0010,010917,2004,09,18,20.5,1,Y
IDCJAC0010,010917,2004,09,19,19.1,1,Y
IDCJAC0010,010917,2004,09,20,20.0,1,Y
IDCJAC0010,010917,2004,09,21,14.4,1,Y
IDCJAC0010,010917,2004,09,22,15.0,1,Y
IDCJAC0010,010917,2004,09,23,18.3,1,Y
IDCJAC0010,010917,2004,09,24,21.2,1,Y
IDCJAC0010,010917,2004,09,25,19.5,1,Y
IDCJAC0010,010917,2004,09,26,16.4,1,Y
IDCJAC0010,010917,2004,09,27,17.5,1,Y
IDCJAC0010,010917,2004,09,28,19.0,1,Y
IDCJAC0010,010917,2004,09,29,20.1,1,Y
IDCJAC0010,010917,2004,09,30,18.1,1,Y
IDCJAC0010,010917,2004,10,01,19.0,1,Y
IDCJAC0010,010917,2004,10,02,20.8,1,Y
IDCJAC0010,010917,2004,10,03,23.1,1,Y
IDCJAC0010,010917,2004,10,04,27.5,1,Y
IDCJAC0010,010917,2004,10,05,22.2,1,Y
IDCJAC0010,010917,2004,10,06,16.3,1,Y
IDCJAC0010,010917,2004,10,07,19.3,1,Y
IDCJAC0010,010917,2004,10,08,23.7,1,Y
IDCJAC0010,010917,2004,10,09,20.9,1,Y
IDCJAC0010,010917,2004,10,10,20.7,1,Y
IDCJAC0010,010917,2004,10,11,20.7,1,Y
IDCJAC0010,010917,2004,10,12,17.0,1,Y
IDCJAC0010,010917,2004,10,13,16.6,1,Y
IDCJAC0010,010917,2004,10,14,19.2,1,Y
IDCJAC0010,010917,2004,10,15,23.6,1,Y
IDCJAC0010,010917,2004,10,16,22.5,1,Y
IDCJAC0010,010917,2004,10,17,22.1,1,Y
IDCJAC0010,010917,2004,10,18,29.7,1,Y
IDCJAC0010,010917,2004,10,19,30.3,1,Y
IDCJAC0010,010917,2004,10,20,23.7,1,Y
IDCJAC0010,010917,2004,10,21,19.5,1,Y
IDCJAC0010,010917,2004,10,22,20.8,1,Y
IDCJAC0010,010917,2004,10,23,23.0,1,Y
IDCJAC0010,010917,2004,10,24,27.0,1,Y
IDCJAC0010,010917,2004,10,25,19.3,1,Y
IDCJAC0010,010917,2004,10,26,21.1,1,Y
IDCJAC0010,010917,2004,10,27,25.7,1,Y
IDCJAC0010,010917,2004,10,28,31.9,1,Y
IDCJAC0010,010917,2004,10,29,20.1,1,Y
IDCJAC0010,010917,2004,10,30,21.3,1,Y
IDCJAC0010,010917,2004,10,31,20.6,1,Y
IDCJAC0010,010917,2004,11,01,23.8,1,Y
IDCJAC0010,010917,2004,11,02,24.8,1,Y
IDCJAC0010,010917,2004,11,03,19.9,1,Y
IDCJAC0010,010917,2004,11,04,22.2,1,Y
IDCJAC0010,010917,2004,11,05,22.0,1,Y
IDCJAC0010,010917,2004,11,06,20.7,1,Y
IDCJAC0010,010917,2004,11,07,28.2,1,Y
IDCJAC0010,010917,2004,11,08,30.0,1,Y
IDCJAC0010,010917,2004,11,09,22.0,1,Y
IDCJAC0010,010917,2004,11,10,19.9,1,Y
IDCJAC0010,010917,2004,11,11,22.3,1,Y
IDCJAC0010,010917,2004,11,12,21.7,1,Y
IDCJAC0010,010917,2004,11,13,27.2,1,Y
IDCJAC0010,010917,2004,11,14,30.4,1,Y
IDCJAC0010,010917,2004,11,15,37.8,1,Y
IDCJAC0010,010917,2004,11,16,24.7,1,Y
IDCJAC0010,010917,2004,11,17,18.1,1,Y
IDCJAC0010,010917,2004,11,18,20.7,1,Y
IDCJAC0010,010917,2004,11,19,26.1,1,Y
IDCJAC0010,010917,2004,11,20,30.8,1,Y
IDCJAC0010,010917,2004,11,21,32.7,1,Y
IDCJAC0010,010917,2004,11,22,36.2,1,Y
IDCJAC0010,010917,2004,11,23,35.2,1,Y
IDCJAC0010,010917,2004,11,24,29.9,1,Y
IDCJAC0010,010917,2004,11,25,25.2,1,Y
IDCJAC0010,010917,2004,11,26,25.8,1,Y
IDCJAC0010,010917,2004,11,27,28.5,1,Y
IDCJAC0010,010917,2004,11,28,29.2,1,Y
IDCJAC0010,010917,2004,11,29,22.2,1,Y
IDCJAC0010,010917,2004,11,30,21.9,1,Y
IDCJAC0010,010917,2004,12,01,28.7,1,Y
IDCJAC0010,010917,2004,12,02,29.0,1,Y
IDCJAC0010,010917,2004,12,03,27.0,1,Y
IDCJAC0010,010917,2004,12,04,32.8,1,Y
IDCJAC0010,010917,2004,12,05,24.7,1,Y
IDCJAC0010,010917,2004,12,06,30.0,1,Y
IDCJAC0010,010917,2004,12,07,32.3,1,Y
IDCJAC0010,010917,2004,12,08,34.2,1,Y
IDCJAC0010,010917,2004,12,09,36.3,1,Y
IDCJAC0010,010917,2004,12,10,38.3,1,Y
IDCJAC0010,010917,2004,12,11,30.4,1,Y
IDCJAC0010,010917,2004,12,12,31.0,1,Y
IDCJAC0010,010917,2004,12,13,32.9,1,Y
IDCJAC0010,010917,2004,12,14,40.8,1,Y
IDCJAC0010,010917,2004,12,15,40.4,1,Y
IDCJAC0010,010917,2004,12,16,28.8,1,Y
IDCJAC0010,010917,2004,12,17,27.8,1,Y
IDCJAC0010,010917,2004,12,18,29.6,1,Y
IDCJAC0010,010917,2004,12,19,35.7,1,Y
IDCJAC0010,010917,2004,12,20,39.6,1,Y
IDCJAC0010,010917,2004,12,21,31.8,1,Y
IDCJAC0010,010917,2004,12,22,27.6,1,Y
IDCJAC0010,010917,2004,12,23,27.7,1,Y
IDCJAC0010,010917,2004,12,24,31.4,1,Y
IDCJAC0010,010917,2004,12,25,37.5,1,Y
IDCJAC0010,010917,2004,12,26,35.9,1,Y
IDCJAC0010,010917,2004,12,27,36.9,1,Y
IDCJAC0010,010917,2004,12,28,35.9,1,Y
IDCJAC0010,010917,2004,12,29,30.8,1,Y
IDCJAC0010,010917,2004,12,30,28.0,1,Y
IDCJAC0010,010917,2004,12,31,31.3,1,Y
IDCJAC0010,010917,2005,01,01,36.3,1,Y
IDCJAC0010,010917,2005,01,02,28.6,1,Y
IDCJAC0010,010917,2005,01,03,28.5,1,Y
IDCJAC0010,010917,2005,01,04,29.6,1,Y
IDCJAC0010,010917,2005,01,05,28.8,1,Y
IDCJAC0010,010917,2005,01,06,38.3,1,Y
IDCJAC0010,010917,2005,01,07,31.3,1,Y
IDCJAC0010,010917,2005,01,08,32.3,1,Y
IDCJAC0010,010917,2005,01,09,38.0,1,Y
IDCJAC0010,010917,2005,01,10,30.5,1,Y
IDCJAC0010,010917,2005,01,11,32.4,1,Y
IDCJAC0010,010917,2005,01,12,35.6,1,Y
IDCJAC0010,010917,2005,01,13,28.0,1,Y
IDCJAC0010,010917,2005,01,14,27.2,1,Y
IDCJAC0010,010917,2005,01,15,28.5,1,Y
IDCJAC0010,010917,2005,01,16,30.9,1,Y
IDCJAC0010,010917,2005,01,17,38.3,1,Y
IDCJAC0010,010917,2005,01,18,30.8,1,Y
IDCJAC0010,010917,2005,01,19,28.5,1,Y
IDCJAC0010,010917,2005,01,20,32.1,1,Y
IDCJAC0010,010917,2005,01,21,33.5,1,Y
IDCJAC0010,010917,2005,01,22,35.6,1,Y
IDCJAC0010,010917,2005,01,23,38.8,1,Y
IDCJAC0010,010917,2005,01,24,35.5,1,Y
IDCJAC0010,010917,2005,01,25,31.8,1,Y
IDCJAC0010,010917,2005,01,26,31.4,1,Y
IDCJAC0010,010917,2005,01,27,31.3,1,Y
IDCJAC0010,010917,2005,01,28,31.0,1,Y
IDCJAC0010,010917,2005,01,29,35.1,1,Y
IDCJAC0010,010917,2005,01,30,38.4,1,Y
IDCJAC0010,010917,2005,01,31,32.0,1,Y
IDCJAC0010,010917,2005,02,01,25.6,1,Y
IDCJAC0010,010917,2005,02,02,31.1,1,Y
IDCJAC0010,010917,2005,02,03,35.1,1,Y
IDCJAC0010,010917,2005,02,04,41.7,1,Y
IDCJAC0010,010917,2005,02,05,30.3,1,Y
IDCJAC0010,010917,2005,02,06,27.5,1,Y
IDCJAC0010,010917,2005,02,07,25.2,1,Y
IDCJAC0010,010917,2005,02,08,28.8,1,Y
IDCJAC0010,010917,2005,02,09,33.0,1,Y
IDCJAC0010,010917,2005,02,10,34.4,1,Y
IDCJAC0010,010917,2005,02,11,34.4,1,Y
IDCJAC0010,010917,2005,02,12,34.5,1,Y
IDCJAC0010,010917,2005,02,13,34.1,1,Y
IDCJAC0010,010917,2005,02,14,35.3,1,Y
IDCJAC0010,010917,2005,02,15,35.2,1,Y
IDCJAC0010,010917,2005,02,16,32.4,1,Y
IDCJAC0010,010917,2005,02,17,26.2,1,Y
IDCJAC0010,010917,2005,02,18,27.8,1,Y
IDCJAC0010,010917,2005,02,19,32.8,1,Y
IDCJAC0010,010917,2005,02,20,37.6,1,Y
IDCJAC0010,010917,2005,02,21,27.1,1,Y
IDCJAC0010,010917,2005,02,22,26.8,1,Y
IDCJAC0010,010917,2005,02,23,29.7,1,Y
IDCJAC0010,010917,2005,02,24,34.8,1,Y
IDCJAC0010,010917,2005,02,25,37.6,1,Y
IDCJAC0010,010917,2005,02,26,33.4,1,Y
IDCJAC0010,010917,2005,02,27,27.5,1,Y
IDCJAC0010,010917,2005,02,28,26.5,1,Y
IDCJAC0010,010917,2005,03,01,27.3,1,Y
IDCJAC0010,010917,2005,03,02,29.9,1,Y
IDCJAC0010,010917,2005,03,03,33.8,1,Y
IDCJAC0010,010917,2005,03,04,31.0,1,Y
IDCJAC0010,010917,2005,03,05,27.8,1,Y
IDCJAC0010,010917,2005,03,06,32.3,1,Y
IDCJAC0010,010917,2005,03,07,35.7,1,Y
IDCJAC0010,010917,2005,03,08,32.5,1,Y
IDCJAC0010,010917,2005,03,09,33.7,1,Y
IDCJAC0010,010917,2005,03,10,26.4,1,Y
IDCJAC0010,010917,2005,03,11,29.2,1,Y
IDCJAC0010,010917,2005,03,12,,,
IDCJAC0010,010917,2005,03,13,,,
IDCJAC0010,010917,2005,03,14,,,
IDCJAC0010,010917,2005,03,15,26.9,1,Y
IDCJAC0010,010917,2005,03,16,29.5,1,Y
IDCJAC0010,010917,2005,03,17,34.8,1,Y
IDCJAC0010,010917,2005,03,18,27.5,1,Y
IDCJAC0010,010917,2005,03,19,31.5,1,Y
IDCJAC0010,010917,2005,03,20,36.2,1,Y
IDCJAC0010,010917,2005,03,21,33.5,1,Y
IDCJAC0010,010917,2005,03,22,38.4,1,Y
IDCJAC0010,010917,2005,03,23,40.1,1,Y
IDCJAC0010,010917,2005,03,24,36.8,1,Y
IDCJAC0010,010917,2005,03,25,36.4,1,Y
IDCJAC0010,010917,2005,03,26,21.9,1,Y
IDCJAC0010,010917,2005,03,27,27.0,1,Y
IDCJAC0010,010917,2005,03,28,29.2,1,Y
IDCJAC0010,010917,2005,03,29,30.2,1,Y
IDCJAC0010,010917,2005,03,30,24.2,1,Y
IDCJAC0010,010917,2005,03,31,12.8,1,Y
IDCJAC0010,010917,2005,04,01,15.3,1,Y
IDCJAC0010,010917,2005,04,02,18.9,1,Y
IDCJAC0010,010917,2005,04,03,20.6,1,Y
IDCJAC0010,010917,2005,04,04,26.8,1,Y
IDCJAC0010,010917,2005,04,05,31.3,1,Y
IDCJAC0010,010917,2005,04,06,30.9,1,Y
IDCJAC0010,010917,2005,04,07,29.4,1,Y
IDCJAC0010,010917,2005,04,08,18.7,1,Y
IDCJAC0010,010917,2005,04,09,20.4,1,Y
IDCJAC0010,010917,2005,04,10,23.6,1,Y
IDCJAC0010,010917,2005,04,11,28.2,1,Y
IDCJAC0010,010917,2005,04,12,24.0,1,Y
IDCJAC0010,010917,2005,04,13,20.7,1,Y
IDCJAC0010,010917,2005,04,14,25.1,1,Y
IDCJAC0010,010917,2005,04,15,26.8,1,Y
IDCJAC0010,010917,2005,04,16,22.5,1,Y
IDCJAC0010,010917,2005,04,17,19.5,1,Y
IDCJAC0010,010917,2005,04,18,21.5,1,Y
IDCJAC0010,010917,2005,04,19,26.8,1,Y
IDCJAC0010,010917,2005,04,20,28.7,1,Y
IDCJAC0010,010917,2005,04,21,22.9,1,Y
IDCJAC0010,010917,2005,04,22,27.0,1,Y
IDCJAC0010,010917,2005,04,23,22.3,1,Y
IDCJAC0010,010917,2005,04,24,19.6,1,Y
IDCJAC0010,010917,2005,04,25,24.3,1,Y
IDCJAC0010,010917,2005,04,26,23.0,1,Y
IDCJAC0010,010917,2005,04,27,22.1,1,Y
IDCJAC0010,010917,2005,04,28,20.4,1,Y
IDCJAC0010,010917,2005,04,29,19.6,1,Y
IDCJAC0010,010917,2005,04,30,19.9,1,Y
IDCJAC0010,010917,2005,05,01,,,
IDCJAC0010,010917,2005,05,02,,,
IDCJAC0010,010917,2005,05,03,,,
IDCJAC0010,010917,2005,05,04,,,
IDCJAC0010,010917,2005,05,05,,,
IDCJAC0010,010917,2005,05,06,,,
IDCJAC0010,010917,2005,05,07,,,
IDCJAC0010,010917,2005,05,08,,,
IDCJAC0010,010917,2005,05,09,,,
IDCJAC0010,010917,2005,05,10,,,
IDCJAC0010,010917,2005,05,11,21.8,1,Y
IDCJAC0010,010917,2005,05,12,20.6,1,Y
IDCJAC0010,010917,2005,05,13,20.3,1,Y
IDCJAC0010,010917,2005,05,14,21.6,1,Y
IDCJAC0010,010917,2005,05,15,19.1,1,Y
IDCJAC0010,010917,2005,05,16,18.8,1,Y
IDCJAC0010,010917,2005,05,17,18.8,1,Y
IDCJAC0010,010917,2005,05,18,19.0,1,Y
IDCJAC0010,010917,2005,05,19,19.8,1,Y
IDCJAC0010,010917,2005,05,20,21.0,1,Y
IDCJAC0010,010917,2005,05,21,18.6,1,Y
IDCJAC0010,010917,2005,05,22,20.7,1,Y
IDCJAC0010,010917,2005,05,23,17.1,1,Y
IDCJAC0010,010917,2005,05,24,14.8,1,Y
IDCJAC0010,010917,2005,05,25,19.3,1,Y
IDCJAC0010,010917,2005,05,26,20.9,1,Y
IDCJAC0010,010917,2005,05,27,20.8,1,Y
IDCJAC0010,010917,2005,05,28,20.1,1,Y
IDCJAC0010,010917,2005,05,29,24.6,1,Y
IDCJAC0010,010917,2005,05,30,20.6,1,Y
IDCJAC0010,010917,2005,05,31,17.2,1,Y
IDCJAC0010,010917,2005,06,01,18.6,1,Y
IDCJAC0010,010917,2005,06,02,17.6,1,Y
IDCJAC0010,010917,2005,06,03,19.2,1,Y
IDCJAC0010,010917,2005,06,04,17.2,1,Y
IDCJAC0010,010917,2005,06,05,20.0,1,Y
IDCJAC0010,010917,2005,06,06,16.9,1,Y
IDCJAC0010,010917,2005,06,07,16.4,1,Y
IDCJAC0010,010917,2005,06,08,18.4,1,Y
IDCJAC0010,010917,2005,06,09,12.5,1,Y
IDCJAC0010,010917,2005,06,10,14.8,1,Y
IDCJAC0010,010917,2005,06,11,12.1,1,Y
IDCJAC0010,010917,2005,06,12,11.8,1,Y
IDCJAC0010,010917,2005,06,13,13.4,1,Y
IDCJAC0010,010917,2005,06,14,16.2,1,Y
IDCJAC0010,010917,2005,06,15,15.8,1,Y
IDCJAC0010,010917,2005,06,16,10.8,1,Y
IDCJAC0010,010917,2005,06,17,13.5,1,Y
IDCJAC0010,010917,2005,06,18,13.6,1,Y
IDCJAC0010,010917,2005,06,19,13.3,1,Y
IDCJAC0010,010917,2005,06,20,13.5,1,Y
IDCJAC0010,010917,2005,06,21,14.6,1,Y
IDCJAC0010,010917,2005,06,22,14.7,1,Y
IDCJAC0010,010917,2005,06,23,14.3,1,Y
IDCJAC0010,010917,2005,06,24,15.6,1,Y
IDCJAC0010,010917,2005,06,25,16.0,1,Y
IDCJAC0010,010917,2005,06,26,17.5,1,Y
IDCJAC0010,010917,2005,06,27,17.4,1,Y
IDCJAC0010,010917,2005,06,28,16.5,1,Y
IDCJAC0010,010917,2005,06,29,16.6,1,Y
IDCJAC0010,010917,2005,06,30,15.3,1,Y
IDCJAC0010,010917,2005,07,01,15.0,1,Y
IDCJAC0010,010917,2005,07,02,16.9,1,Y
IDCJAC0010,010917,2005,07,03,17.8,1,Y
IDCJAC0010,010917,2005,07,04,13.7,1,Y
IDCJAC0010,010917,2005,07,05,11.0,1,Y
IDCJAC0010,010917,2005,07,06,10.7,1,Y
IDCJAC0010,010917,2005,07,07,12.2,1,Y
IDCJAC0010,010917,2005,07,08,12.5,1,Y
IDCJAC0010,010917,2005,07,09,14.1,1,Y
IDCJAC0010,010917,2005,07,10,14.2,1,Y
IDCJAC0010,010917,2005,07,11,14.5,1,Y
IDCJAC0010,010917,2005,07,12,13.0,1,Y
IDCJAC0010,010917,2005,07,13,14.8,1,Y
IDCJAC0010,010917,2005,07,14,16.4,1,Y
IDCJAC0010,010917,2005,07,15,17.2,1,Y
IDCJAC0010,010917,2005,07,16,14.0,1,Y
IDCJAC0010,010917,2005,07,17,16.2,1,Y
IDCJAC0010,010917,2005,07,18,17.6,1,Y
IDCJAC0010,010917,2005,07,19,19.0,1,Y
IDCJAC0010,010917,2005,07,20,19.7,1,Y
IDCJAC0010,010917,2005,07,21,14.9,1,Y
IDCJAC0010,010917,2005,07,22,15.9,1,Y
IDCJAC0010,010917,2005,07,23,17.1,1,Y
IDCJAC0010,010917,2005,07,24,18.2,1,Y
IDCJAC0010,010917,2005,07,25,19.3,1,Y
IDCJAC0010,010917,2005,07,26,20.0,1,Y
IDCJAC0010,010917,2005,07,27,20.2,1,Y
IDCJAC0010,010917,2005,07,28,18.6,1,Y
IDCJAC0010,010917,2005,07,29,17.3,1,Y
IDCJAC0010,010917,2005,07,30,17.2,1,Y
IDCJAC0010,010917,2005,07,31,19.0,1,Y
IDCJAC0010,010917,2005,08,01,21.8,1,Y
IDCJAC0010,010917,2005,08,02,13.4,1,Y
IDCJAC0010,010917,2005,08,03,14.4,1,Y
IDCJAC0010,010917,2005,08,04,15.5,1,Y
IDCJAC0010,010917,2005,08,05,16.8,1,Y
IDCJAC0010,010917,2005,08,06,15.8,1,Y
IDCJAC0010,010917,2005,08,07,17.7,1,Y
IDCJAC0010,010917,2005,08,08,19.2,1,Y
IDCJAC0010,010917,2005,08,09,18.0,1,Y
IDCJAC0010,010917,2005,08,10,18.1,1,Y
IDCJAC0010,010917,2005,08,11,18.0,1,Y
IDCJAC0010,010917,2005,08,12,17.2,1,Y
IDCJAC0010,010917,2005,08,13,14.9,1,Y
IDCJAC0010,010917,2005,08,14,14.3,1,Y
IDCJAC0010,010917,2005,08,15,16.0,1,Y
IDCJAC0010,010917,2005,08,16,12.8,1,Y
IDCJAC0010,010917,2005,08,17,11.0,1,Y
IDCJAC0010,010917,2005,08,18,12.7,1,Y
IDCJAC0010,010917,2005,08,19,15.7,1,Y
IDCJAC0010,010917,2005,08,20,16.7,1,Y
IDCJAC0010,010917,2005,08,21,17.1,1,Y
IDCJAC0010,010917,2005,08,22,16.2,1,Y
IDCJAC0010,010917,2005,08,23,16.2,1,Y
IDCJAC0010,010917,2005,08,24,15.8,1,Y
IDCJAC0010,010917,2005,08,25,15.7,1,Y
IDCJAC0010,010917,2005,08,26,14.7,1,Y
IDCJAC0010,010917,2005,08,27,18.8,1,Y
IDCJAC0010,010917,2005,08,28,17.4,1,Y
IDCJAC0010,010917,2005,08,29,15.3,1,Y
IDCJAC0010,010917,2005,08,30,11.7,1,Y
IDCJAC0010,010917,2005,08,31,12.8,1,Y
IDCJAC0010,010917,2005,09,01,15.5,1,Y
IDCJAC0010,010917,2005,09,02,17.8,1,Y
IDCJAC0010,010917,2005,09,03,18.6,1,Y
IDCJAC0010,010917,2005,09,04,18.5,1,Y
IDCJAC0010,010917,2005,09,05,18.4,1,Y
IDCJAC0010,010917,2005,09,06,16.0,1,Y
IDCJAC0010,010917,2005,09,07,16.6,1,Y
IDCJAC0010,010917,2005,09,08,15.0,1,Y
IDCJAC0010,010917,2005,09,09,12.8,1,Y
IDCJAC0010,010917,2005,09,10,12.6,1,Y
IDCJAC0010,010917,2005,09,11,17.9,1,Y
IDCJAC0010,010917,2005,09,12,15.9,1,Y
IDCJAC0010,010917,2005,09,13,17.7,1,Y
IDCJAC0010,010917,2005,09,14,15.6,1,Y
IDCJAC0010,010917,2005,09,15,16.6,1,Y
IDCJAC0010,010917,2005,09,16,21.3,1,Y
IDCJAC0010,010917,2005,09,17,16.2,1,Y
IDCJAC0010,010917,2005,09,18,17.3,1,Y
IDCJAC0010,010917,2005,09,19,24.1,1,Y
IDCJAC0010,010917,2005,09,20,18.4,1,Y
IDCJAC0010,010917,2005,09,21,15.8,1,Y
IDCJAC0010,010917,2005,09,22,17.4,1,Y
IDCJAC0010,010917,2005,09,23,14.5,1,Y
IDCJAC0010,010917,2005,09,24,16.2,1,Y
IDCJAC0010,010917,2005,09,25,18.8,1,Y
IDCJAC0010,010917,2005,09,26,22.6,1,Y
IDCJAC0010,010917,2005,09,27,13.1,1,Y
IDCJAC0010,010917,2005,09,28,16.0,1,Y
IDCJAC0010,010917,2005,09,29,16.3,1,Y
IDCJAC0010,010917,2005,09,30,17.1,1,Y
IDCJAC0010,010917,2005,10,01,18.5,1,Y
IDCJAC0010,010917,2005,10,02,18.9,1,Y
IDCJAC0010,010917,2005,10,03,22.5,1,Y
IDCJAC0010,010917,2005,10,04,16.9,1,Y
IDCJAC0010,010917,2005,10,05,17.0,1,Y
IDCJAC0010,010917,2005,10,06,16.8,1,Y
IDCJAC0010,010917,2005,10,07,18.3,1,Y
IDCJAC0010,010917,2005,10,08,20.0,1,Y
IDCJAC0010,010917,2005,10,09,15.6,1,Y
IDCJAC0010,010917,2005,10,10,15.6,1,Y
IDCJAC0010,010917,2005,10,11,17.7,1,Y
IDCJAC0010,010917,2005,10,12,16.8,1,Y
IDCJAC0010,010917,2005,10,13,16.4,1,Y
IDCJAC0010,010917,2005,10,14,19.8,1,Y
IDCJAC0010,010917,2005,10,15,24.5,1,Y
IDCJAC0010,010917,2005,10,16,20.2,1,Y
IDCJAC0010,010917,2005,10,17,19.4,1,Y
IDCJAC0010,010917,2005,10,18,17.2,1,Y
IDCJAC0010,010917,2005,10,19,20.2,1,Y
IDCJAC0010,010917,2005,10,20,27.5,1,Y
IDCJAC0010,010917,2005,10,21,18.9,1,Y
IDCJAC0010,010917,2005,10,22,21.1,1,Y
IDCJAC0010,010917,2005,10,23,25.5,1,Y
IDCJAC0010,010917,2005,10,24,22.0,1,Y
IDCJAC0010,010917,2005,10,25,16.4,1,Y
IDCJAC0010,010917,2005,10,26,17.3,1,Y
IDCJAC0010,010917,2005,10,27,19.4,1,Y
IDCJAC0010,010917,2005,10,28,22.5,1,Y
IDCJAC0010,010917,2005,10,29,22.3,1,Y
IDCJAC0010,010917,2005,10,30,21.4,1,Y
IDCJAC0010,010917,2005,10,31,18.5,1,Y
IDCJAC0010,010917,2005,11,01,17.4,1,Y
IDCJAC0010,010917,2005,11,02,21.0,1,Y
IDCJAC0010,010917,2005,11,03,21.9,1,Y
IDCJAC0010,010917,2005,11,04,22.1,1,Y
IDCJAC0010,010917,2005,11,05,19.3,1,Y
IDCJAC0010,010917,2005,11,06,23.8,1,Y
IDCJAC0010,010917,2005,11,07,21.5,1,Y
IDCJAC0010,010917,2005,11,08,19.7,1,Y
IDCJAC0010,010917,2005,11,09,20.9,1,Y
IDCJAC0010,010917,2005,11,10,24.1,1,Y
IDCJAC0010,010917,2005,11,11,25.9,1,Y
IDCJAC0010,010917,2005,11,12,28.0,1,Y
IDCJAC0010,010917,2005,11,13,24.3,1,Y
IDCJAC0010,010917,2005,11,14,25.5,1,Y
IDCJAC0010,010917,2005,11,15,34.6,1,Y
IDCJAC0010,010917,2005,11,16,32.1,1,Y
IDCJAC0010,010917,2005,11,17,25.3,1,Y
IDCJAC0010,010917,2005,11,18,26.2,1,Y
IDCJAC0010,010917,2005,11,19,30.1,1,Y
IDCJAC0010,010917,2005,11,20,31.6,1,Y
IDCJAC0010,010917,2005,11,21,27.1,1,Y
IDCJAC0010,010917,2005,11,22,31.7,1,Y
IDCJAC0010,010917,2005,11,23,30.7,1,Y
IDCJAC0010,010917,2005,11,24,32.0,1,Y
IDCJAC0010,010917,2005,11,25,24.3,1,Y
IDCJAC0010,010917,2005,11,26,24.2,1,Y
IDCJAC0010,010917,2005,11,27,30.1,1,Y
IDCJAC0010,010917,2005,11,28,26.2,1,Y
IDCJAC0010,010917,2005,11,29,22.4,1,Y
IDCJAC0010,010917,2005,11,30,22.5,1,Y
IDCJAC0010,010917,2005,12,01,26.1,1,Y
IDCJAC0010,010917,2005,12,02,31.8,1,Y
IDCJAC0010,010917,2005,12,03,23.8,1,Y
IDCJAC0010,010917,2005,12,04,22.4,1,Y
IDCJAC0010,010917,2005,12,05,19.8,1,Y
IDCJAC0010,010917,2005,12,06,19.0,1,Y
IDCJAC0010,010917,2005,12,07,23.3,1,Y
IDCJAC0010,010917,2005,12,08,22.8,1,Y
IDCJAC0010,010917,2005,12,09,26.5,1,Y
IDCJAC0010,010917,2005,12,10,27.7,1,Y
IDCJAC0010,010917,2005,12,11,19.1,1,Y
IDCJAC0010,010917,2005,12,12,21.3,1,Y
IDCJAC0010,010917,2005,12,13,25.7,1,Y
IDCJAC0010,010917,2005,12,14,22.5,1,Y
IDCJAC0010,010917,2005,12,15,24.6,1,Y
IDCJAC0010,010917,2005,12,16,28.1,1,Y
IDCJAC0010,010917,2005,12,17,34.2,1,Y
IDCJAC0010,010917,2005,12,18,39.4,1,Y
IDCJAC0010,010917,2005,12,19,30.3,1,Y
IDCJAC0010,010917,2005,12,20,25.3,1,Y
IDCJAC0010,010917,2005,12,21,28.6,1,Y
IDCJAC0010,010917,2005,12,22,24.7,1,Y
IDCJAC0010,010917,2005,12,23,23.2,1,Y
IDCJAC0010,010917,2005,12,24,28.3,1,Y
IDCJAC0010,010917,2005,12,25,32.8,1,Y
IDCJAC0010,010917,2005,12,26,28.1,1,Y
IDCJAC0010,010917,2005,12,27,27.0,1,Y
IDCJAC0010,010917,2005,12,28,30.8,1,Y
IDCJAC0010,010917,2005,12,29,29.5,1,Y
IDCJAC0010,010917,2005,12,30,26.9,1,Y
IDCJAC0010,010917,2005,12,31,23.2,1,Y
IDCJAC0010,010917,2006,01,01,27.6,1,Y
IDCJAC0010,010917,2006,01,02,29.3,1,Y
IDCJAC0010,010917,2006,01,03,21.0,1,Y
IDCJAC0010,010917,2006,01,04,30.4,1,Y
IDCJAC0010,010917,2006,01,05,33.0,1,Y
IDCJAC0010,010917,2006,01,06,35.6,1,Y
IDCJAC0010,010917,2006,01,07,37.4,1,Y
IDCJAC0010,010917,2006,01,08,31.7,1,Y
IDCJAC0010,010917,2006,01,09,25.8,1,Y
IDCJAC0010,010917,2006,01,10,27.6,1,Y
IDCJAC0010,010917,2006,01,11,31.8,1,Y
IDCJAC0010,010917,2006,01,12,20.9,1,Y
IDCJAC0010,010917,2006,01,13,18.9,1,Y
IDCJAC0010,010917,2006,01,14,27.1,1,Y
IDCJAC0010,010917,2006,01,15,34.0,1,Y
IDCJAC0010,010917,2006,01,16,27.5,1,Y
IDCJAC0010,010917,2006,01,17,33.7,1,Y
IDCJAC0010,010917,2006,01,18,30.3,1,Y
IDCJAC0010,010917,2006,01,19,32.3,1,Y
IDCJAC0010,010917,2006,01,20,36.0,1,Y
IDCJAC0010,010917,2006,01,21,30.8,1,Y
IDCJAC0010,010917,2006,01,22,29.3,1,Y
IDCJAC0010,010917,2006,01,23,32.8,1,Y
IDCJAC0010,010917,2006,01,24,34.0,1,Y
IDCJAC0010,010917,2006,01,25,31.0,1,Y
IDCJAC0010,010917,2006,01,26,26.9,1,Y
IDCJAC0010,010917,2006,01,27,28.9,1,Y
IDCJAC0010,010917,2006,01,28,26.7,1,Y
IDCJAC0010,010917,2006,01,29,22.0,1,Y
IDCJAC0010,010917,2006,01,30,20.2,1,Y
IDCJAC0010,010917,2006,01,31,26.0,1,Y
IDCJAC0010,010917,2006,02,01,27.8,1,Y
IDCJAC0010,010917,2006,02,02,31.8,1,Y
IDCJAC0010,010917,2006,02,03,33.4,1,Y
IDCJAC0010,010917,2006,02,04,35.3,1,Y
IDCJAC0010,010917,2006,02,05,35.7,1,Y
IDCJAC0010,010917,2006,02,06,34.0,1,Y
IDCJAC0010,010917,2006,02,07,32.7,1,Y
IDCJAC0010,010917,2006,02,08,26.8,1,Y
IDCJAC0010,010917,2006,02,09,27.7,1,Y
IDCJAC0010,010917,2006,02,10,33.9,1,Y
IDCJAC0010,010917,2006,02,11,34.8,1,Y
IDCJAC0010,010917,2006,02,12,31.4,1,Y
IDCJAC0010,010917,2006,02,13,35.2,1,Y
IDCJAC0010,010917,2006,02,14,38.1,1,Y
IDCJAC0010,010917,2006,02,15,26.0,1,Y
IDCJAC0010,010917,2006,02,16,26.0,1,Y
IDCJAC0010,010917,2006,02,17,30.7,1,Y
IDCJAC0010,010917,2006,02,18,26.5,1,Y
IDCJAC0010,010917,2006,02,19,29.1,1,Y
IDCJAC0010,010917,2006,02,20,34.6,1,Y
IDCJAC0010,010917,2006,02,21,37.1,1,Y
IDCJAC0010,010917,2006,02,22,35.3,1,Y
IDCJAC0010,010917,2006,02,23,28.0,1,Y
IDCJAC0010,010917,2006,02,24,28.0,1,Y
IDCJAC0010,010917,2006,02,25,29.7,1,Y
IDCJAC0010,010917,2006,02,26,33.8,1,Y
IDCJAC0010,010917,2006,02,27,35.8,1,Y
IDCJAC0010,010917,2006,02,28,34.7,1,Y
IDCJAC0010,010917,2006,03,01,25.1,1,Y
IDCJAC0010,010917,2006,03,02,28.1,1,Y
IDCJAC0010,010917,2006,03,03,34.5,1,Y
IDCJAC0010,010917,2006,03,04,36.6,1,Y
IDCJAC0010,010917,2006,03,05,36.7,1,Y
IDCJAC0010,010917,2006,03,06,33.1,1,Y
IDCJAC0010,010917,2006,03,07,35.3,1,Y
IDCJAC0010,010917,2006,03,08,36.6,1,Y
IDCJAC0010,010917,2006,03,09,36.2,1,Y
IDCJAC0010,010917,2006,03,10,34.2,1,Y
IDCJAC0010,010917,2006,03,11,24.9,1,Y
IDCJAC0010,010917,2006,03,12,26.2,1,Y
IDCJAC0010,010917,2006,03,13,30.2,1,Y
IDCJAC0010,010917,2006,03,14,30.2,1,Y
IDCJAC0010,010917,2006,03,15,29.2,1,Y
IDCJAC0010,010917,2006,03,16,30.7,1,Y
IDCJAC0010,010917,2006,03,17,31.3,1,Y
IDCJAC0010,010917,2006,03,18,31.6,1,Y
IDCJAC0010,010917,2006,03,19,32.0,1,Y
IDCJAC0010,010917,2006,03,20,34.1,1,Y
IDCJAC0010,010917,2006,03,21,35.4,1,Y
IDCJAC0010,010917,2006,03,22,24.9,1,Y
IDCJAC0010,010917,2006,03,23,18.8,1,Y
IDCJAC0010,010917,2006,03,24,21.3,1,Y
IDCJAC0010,010917,2006,03,25,23.0,1,Y
IDCJAC0010,010917,2006,03,26,23.7,1,Y
IDCJAC0010,010917,2006,03,27,28.0,1,Y
IDCJAC0010,010917,2006,03,28,30.3,1,Y
IDCJAC0010,010917,2006,03,29,27.4,1,Y
IDCJAC0010,010917,2006,03,30,27.8,1,Y
IDCJAC0010,010917,2006,03,31,22.6,1,Y
IDCJAC0010,010917,2006,04,01,16.7,1,Y
IDCJAC0010,010917,2006,04,02,23.2,1,Y
IDCJAC0010,010917,2006,04,03,21.0,1,Y
IDCJAC0010,010917,2006,04,04,21.4,1,Y
IDCJAC0010,010917,2006,04,05,21.7,1,Y
IDCJAC0010,010917,2006,04,06,22.4,1,Y
IDCJAC0010,010917,2006,04,07,24.1,1,Y
IDCJAC0010,010917,2006,04,08,29.3,1,Y
IDCJAC0010,010917,2006,04,09,24.2,1,Y
IDCJAC0010,010917,2006,04,10,21.4,1,Y
IDCJAC0010,010917,2006,04,11,20.8,1,Y
IDCJAC0010,010917,2006,04,12,20.3,1,Y
IDCJAC0010,010917,2006,04,13,22.4,1,Y
IDCJAC0010,010917,2006,04,14,23.2,1,Y
IDCJAC0010,010917,2006,04,15,27.9,1,Y
IDCJAC0010,010917,2006,04,16,21.7,1,Y
IDCJAC0010,010917,2006,04,17,18.6,1,Y
IDCJAC0010,010917,2006,04,18,20.1,1,Y
IDCJAC0010,010917,2006,04,19,20.2,1,Y
IDCJAC0010,010917,2006,04,20,23.5,1,Y
IDCJAC0010,010917,2006,04,21,29.1,1,Y
IDCJAC0010,010917,2006,04,22,20.9,1,Y
IDCJAC0010,010917,2006,04,23,22.3,1,Y
IDCJAC0010,010917,2006,04,24,21.4,1,Y
IDCJAC0010,010917,2006,04,25,18.2,1,Y
IDCJAC0010,010917,2006,04,26,17.1,1,Y
IDCJAC0010,010917,2006,04,27,17.9,1,Y
IDCJAC0010,010917,2006,04,28,17.8,1,Y
IDCJAC0010,010917,2006,04,29,20.1,1,Y
IDCJAC0010,010917,2006,04,30,22.3,1,Y
IDCJAC0010,010917,2006,05,01,22.7,1,Y
IDCJAC0010,010917,2006,05,02,20.7,1,Y
IDCJAC0010,010917,2006,05,03,22.5,1,Y
IDCJAC0010,010917,2006,05,04,19.7,1,Y
IDCJAC0010,010917,2006,05,05,21.2,1,Y
IDCJAC0010,010917,2006,05,06,22.8,1,Y
IDCJAC0010,010917,2006,05,07,19.5,1,Y
IDCJAC0010,010917,2006,05,08,23.5,1,Y
IDCJAC0010,010917,2006,05,09,22.2,1,Y
IDCJAC0010,010917,2006,05,10,24.7,1,Y
IDCJAC0010,010917,2006,05,11,26.3,1,Y
IDCJAC0010,010917,2006,05,12,25.9,1,Y
IDCJAC0010,010917,2006,05,13,26.0,1,Y
IDCJAC0010,010917,2006,05,14,24.3,1,Y
IDCJAC0010,010917,2006,05,15,22.0,1,Y
IDCJAC0010,010917,2006,05,16,20.1,1,Y
IDCJAC0010,010917,2006,05,17,20.7,1,Y
IDCJAC0010,010917,2006,05,18,19.4,1,Y
IDCJAC0010,010917,2006,05,19,19.4,1,Y
IDCJAC0010,010917,2006,05,20,19.4,1,Y
IDCJAC0010,010917,2006,05,21,22.4,1,Y
IDCJAC0010,010917,2006,05,22,24.3,1,Y
IDCJAC0010,010917,2006,05,23,17.6,1,Y
IDCJAC0010,010917,2006,05,24,13.7,1,Y
IDCJAC0010,010917,2006,05,25,14.8,1,Y
IDCJAC0010,010917,2006,05,26,17.3,1,Y
IDCJAC0010,010917,2006,05,27,18.6,1,Y
IDCJAC0010,010917,2006,05,28,19.9,1,Y
IDCJAC0010,010917,2006,05,29,14.2,1,Y
IDCJAC0010,010917,2006,05,30,15.7,1,Y
IDCJAC0010,010917,2006,05,31,13.8,1,Y
IDCJAC0010,010917,2006,06,01,16.5,1,Y
IDCJAC0010,010917,2006,06,02,17.0,1,Y
IDCJAC0010,010917,2006,06,03,17.1,1,Y
IDCJAC0010,010917,2006,06,04,18.7,1,Y
IDCJAC0010,010917,2006,06,05,20.8,1,Y
IDCJAC0010,010917,2006,06,06,21.8,1,Y
IDCJAC0010,010917,2006,06,07,16.6,1,Y
IDCJAC0010,010917,2006,06,08,15.1,1,Y
IDCJAC0010,010917,2006,06,09,13.4,1,Y
IDCJAC0010,010917,2006,06,10,16.5,1,Y
IDCJAC0010,010917,2006,06,11,17.5,1,Y
IDCJAC0010,010917,2006,06,12,19.3,1,Y
IDCJAC0010,010917,2006,06,13,19.4,1,Y
IDCJAC0010,010917,2006,06,14,20.4,1,Y
IDCJAC0010,010917,2006,06,15,18.5,1,Y
IDCJAC0010,010917,2006,06,16,16.7,1,Y
IDCJAC0010,010917,2006,06,17,18.3,1,Y
IDCJAC0010,010917,2006,06,18,20.6,1,Y
IDCJAC0010,010917,2006,06,19,21.1,1,Y
IDCJAC0010,010917,2006,06,20,16.9,1,Y
IDCJAC0010,010917,2006,06,21,16.9,1,Y
IDCJAC0010,010917,2006,06,22,16.5,1,Y
IDCJAC0010,010917,2006,06,23,17.6,1,Y
IDCJAC0010,010917,2006,06,24,19.0,1,Y
IDCJAC0010,010917,2006,06,25,21.0,1,Y
IDCJAC0010,010917,2006,06,26,17.7,1,Y
IDCJAC0010,010917,2006,06,27,17.8,1,Y
IDCJAC0010,010917,2006,06,28,14.0,1,Y
IDCJAC0010,010917,2006,06,29,14.9,1,Y
IDCJAC0010,010917,2006,06,30,19.5,1,Y
IDCJAC0010,010917,2006,07,01,16.7,1,Y
IDCJAC0010,010917,2006,07,02,19.1,1,Y
IDCJAC0010,010917,2006,07,03,20.2,1,Y
IDCJAC0010,010917,2006,07,04,15.6,1,Y
IDCJAC0010,010917,2006,07,05,17.1,1,Y
IDCJAC0010,010917,2006,07,06,19.3,1,Y
IDCJAC0010,010917,2006,07,07,19.1,1,Y
IDCJAC0010,010917,2006,07,08,22.3,1,Y
IDCJAC0010,010917,2006,07,09,17.6,1,Y
IDCJAC0010,010917,2006,07,10,14.3,1,Y
IDCJAC0010,010917,2006,07,11,12.3,1,Y
IDCJAC0010,010917,2006,07,12,13.4,1,Y
IDCJAC0010,010917,2006,07,13,15.6,1,Y
IDCJAC0010,010917,2006,07,14,17.9,1,Y
IDCJAC0010,010917,2006,07,15,17.5,1,Y
IDCJAC0010,010917,2006,07,16,16.5,1,Y
IDCJAC0010,010917,2006,07,17,16.7,1,Y
IDCJAC0010,010917,2006,07,18,17.7,1,Y
IDCJAC0010,010917,2006,07,19,18.0,1,Y
IDCJAC0010,010917,2006,07,20,18.4,1,Y
IDCJAC0010,010917,2006,07,21,11.8,1,Y
IDCJAC0010,010917,2006,07,22,13.3,1,Y
IDCJAC0010,010917,2006,07,23,17.3,1,Y
IDCJAC0010,010917,2006,07,24,14.0,1,Y
IDCJAC0010,010917,2006,07,25,15.4,1,Y
IDCJAC0010,010917,2006,07,26,17.5,1,Y
IDCJAC0010,010917,2006,07,27,13.2,1,Y
IDCJAC0010,010917,2006,07,28,13.9,1,Y
IDCJAC0010,010917,2006,07,29,15.9,1,Y
IDCJAC0010,010917,2006,07,30,17.9,1,Y
IDCJAC0010,010917,2006,07,31,16.5,1,Y
IDCJAC0010,010917,2006,08,01,15.5,1,Y
IDCJAC0010,010917,2006,08,02,17.3,1,Y
IDCJAC0010,010917,2006,08,03,20.1,1,Y
IDCJAC0010,010917,2006,08,04,20.2,1,Y
IDCJAC0010,010917,2006,08,05,19.9,1,Y
IDCJAC0010,010917,2006,08,06,22.0,1,Y
IDCJAC0010,010917,2006,08,07,17.8,1,Y
IDCJAC0010,010917,2006,08,08,15.4,1,Y
IDCJAC0010,010917,2006,08,09,16.4,1,Y
IDCJAC0010,010917,2006,08,10,19.1,1,Y
IDCJAC0010,010917,2006,08,11,18.1,1,Y
IDCJAC0010,010917,2006,08,12,18.5,1,Y
IDCJAC0010,010917,2006,08,13,16.3,1,Y
IDCJAC0010,010917,2006,08,14,18.9,1,Y
IDCJAC0010,010917,2006,08,15,14.8,1,Y
IDCJAC0010,010917,2006,08,16,14.3,1,Y
IDCJAC0010,010917,2006,08,17,15.6,1,Y
IDCJAC0010,010917,2006,08,18,19.4,1,Y
IDCJAC0010,010917,2006,08,19,16.7,1,Y
IDCJAC0010,010917,2006,08,20,18.1,1,Y
IDCJAC0010,010917,2006,08,21,19.4,1,Y
IDCJAC0010,010917,2006,08,22,15.8,1,Y
IDCJAC0010,010917,2006,08,23,19.0,1,Y
IDCJAC0010,010917,2006,08,24,19.2,1,Y
IDCJAC0010,010917,2006,08,25,19.3,1,Y
IDCJAC0010,010917,2006,08,26,14.5,1,Y
IDCJAC0010,010917,2006,08,27,17.7,1,Y
IDCJAC0010,010917,2006,08,28,21.2,1,Y
IDCJAC0010,010917,2006,08,29,26.3,1,Y
IDCJAC0010,010917,2006,08,30,23.4,1,Y
IDCJAC0010,010917,2006,08,31,17.1,1,Y
IDCJAC0010,010917,2006,09,01,14.1,1,Y
IDCJAC0010,010917,2006,09,02,15.3,1,Y
IDCJAC0010,010917,2006,09,03,18.2,1,Y
IDCJAC0010,010917,2006,09,04,12.9,1,Y
IDCJAC0010,010917,2006,09,05,13.9,1,Y
IDCJAC0010,010917,2006,09,06,15.5,1,Y
IDCJAC0010,010917,2006,09,07,14.3,1,Y
IDCJAC0010,010917,2006,09,08,14.4,1,Y
IDCJAC0010,010917,2006,09,09,21.2,1,Y
IDCJAC0010,010917,2006,09,10,21.4,1,Y
IDCJAC0010,010917,2006,09,11,16.7,1,Y
IDCJAC0010,010917,2006,09,12,16.3,1,Y
IDCJAC0010,010917,2006,09,13,17.9,1,Y
IDCJAC0010,010917,2006,09,14,23.1,1,Y
IDCJAC0010,010917,2006,09,15,27.2,1,Y
IDCJAC0010,010917,2006,09,16,20.8,1,Y
IDCJAC0010,010917,2006,09,17,19.3,1,Y
IDCJAC0010,010917,2006,09,18,16.9,1,Y
IDCJAC0010,010917,2006,09,19,17.8,1,Y
IDCJAC0010,010917,2006,09,20,19.4,1,Y
IDCJAC0010,010917,2006,09,21,18.2,1,Y
IDCJAC0010,010917,2006,09,22,16.6,1,Y
IDCJAC0010,010917,2006,09,23,18.6,1,Y
IDCJAC0010,010917,2006,09,24,20.6,1,Y
IDCJAC0010,010917,2006,09,25,20.2,1,Y
IDCJAC0010,010917,2006,09,26,19.1,1,Y
IDCJAC0010,010917,2006,09,27,21.1,1,Y
IDCJAC0010,010917,2006,09,28,22.1,1,Y
IDCJAC0010,010917,2006,09,29,30.6,1,Y
IDCJAC0010,010917,2006,09,30,21.2,1,Y
IDCJAC0010,010917,2006,10,01,22.3,1,Y
IDCJAC0010,010917,2006,10,02,27.8,1,Y
IDCJAC0010,010917,2006,10,03,17.8,1,Y
IDCJAC0010,010917,2006,10,04,18.8,1,Y
IDCJAC0010,010917,2006,10,05,24.5,1,Y
IDCJAC0010,010917,2006,10,06,26.8,1,Y
IDCJAC0010,010917,2006,10,07,19.0,1,Y
IDCJAC0010,010917,2006,10,08,20.6,1,Y
IDCJAC0010,010917,2006,10,09,26.2,1,Y
IDCJAC0010,010917,2006,10,10,27.5,1,Y
IDCJAC0010,010917,2006,10,11,17.9,1,Y
IDCJAC0010,010917,2006,10,12,18.2,1,Y
IDCJAC0010,010917,2006,10,13,18.7,1,Y
IDCJAC0010,010917,2006,10,14,21.2,1,Y
IDCJAC0010,010917,2006,10,15,27.4,1,Y
IDCJAC0010,010917,2006,10,16,19.3,1,Y
IDCJAC0010,010917,2006,10,17,20.2,1,Y
IDCJAC0010,010917,2006,10,18,24.7,1,Y
IDCJAC0010,010917,2006,10,19,25.3,1,Y
IDCJAC0010,010917,2006,10,20,27.6,1,Y
IDCJAC0010,010917,2006,10,21,32.9,1,Y
IDCJAC0010,010917,2006,10,22,23.3,1,Y
IDCJAC0010,010917,2006,10,23,23.0,1,Y
IDCJAC0010,010917,2006,10,24,22.8,1,Y
IDCJAC0010,010917,2006,10,25,22.9,1,Y
IDCJAC0010,010917,2006,10,26,25.9,1,Y
IDCJAC0010,010917,2006,10,27,27.6,1,Y
IDCJAC0010,010917,2006,10,28,31.5,1,Y
IDCJAC0010,010917,2006,10,29,28.2,1,Y
IDCJAC0010,010917,2006,10,30,24.2,1,Y
IDCJAC0010,010917,2006,10,31,25.0,1,Y
IDCJAC0010,010917,2006,11,01,23.2,1,Y
IDCJAC0010,010917,2006,11,02,25.2,1,Y
IDCJAC0010,010917,2006,11,03,30.4,1,Y
IDCJAC0010,010917,2006,11,04,27.8,1,Y
IDCJAC0010,010917,2006,11,05,29.7,1,Y
IDCJAC0010,010917,2006,11,06,27.6,1,Y
IDCJAC0010,010917,2006,11,07,27.2,1,Y
IDCJAC0010,010917,2006,11,08,28.0,1,Y
IDCJAC0010,010917,2006,11,09,29.8,1,Y
IDCJAC0010,010917,2006,11,10,23.2,1,Y
IDCJAC0010,010917,2006,11,11,22.5,1,Y
IDCJAC0010,010917,2006,11,12,26.8,1,Y
IDCJAC0010,010917,2006,11,13,32.6,1,Y
IDCJAC0010,010917,2006,11,14,35.8,1,Y
IDCJAC0010,010917,2006,11,15,34.9,1,Y
IDCJAC0010,010917,2006,11,16,25.7,1,Y
IDCJAC0010,010917,2006,11,17,27.1,1,Y
IDCJAC0010,010917,2006,11,18,31.0,1,Y
IDCJAC0010,010917,2006,11,19,30.3,1,Y
IDCJAC0010,010917,2006,11,20,26.6,1,Y
IDCJAC0010,010917,2006,11,21,29.6,1,Y
IDCJAC0010,010917,2006,11,22,35.4,1,Y
IDCJAC0010,010917,2006,11,23,38.2,1,Y
IDCJAC0010,010917,2006,11,24,30.3,1,Y
IDCJAC0010,010917,2006,11,25,29.5,1,Y
IDCJAC0010,010917,2006,11,26,36.4,1,Y
IDCJAC0010,010917,2006,11,27,34.4,1,Y
IDCJAC0010,010917,2006,11,28,26.7,1,Y
IDCJAC0010,010917,2006,11,29,20.2,1,Y
IDCJAC0010,010917,2006,11,30,22.5,1,Y
IDCJAC0010,010917,2006,12,01,23.7,1,Y
IDCJAC0010,010917,2006,12,02,27.7,1,Y
IDCJAC0010,010917,2006,12,03,34.6,1,Y
IDCJAC0010,010917,2006,12,04,31.0,1,Y
IDCJAC0010,010917,2006,12,05,26.9,1,Y
IDCJAC0010,010917,2006,12,06,35.0,1,Y
IDCJAC0010,010917,2006,12,07,29.9,1,Y
IDCJAC0010,010917,2006,12,08,23.9,1,Y
IDCJAC0010,010917,2006,12,09,26.0,1,Y
IDCJAC0010,010917,2006,12,10,28.4,1,Y
IDCJAC0010,010917,2006,12,11,31.6,1,Y
IDCJAC0010,010917,2006,12,12,37.7,1,Y
IDCJAC0010,010917,2006,12,13,33.1,1,Y
IDCJAC0010,010917,2006,12,14,30.2,1,Y
IDCJAC0010,010917,2006,12,15,34.7,1,Y
IDCJAC0010,010917,2006,12,16,39.8,1,Y
IDCJAC0010,010917,2006,12,17,39.8,1,Y
IDCJAC0010,010917,2006,12,18,34.3,1,Y
IDCJAC0010,010917,2006,12,19,32.6,1,Y
IDCJAC0010,010917,2006,12,20,29.5,1,Y
IDCJAC0010,010917,2006,12,21,27.5,1,Y
IDCJAC0010,010917,2006,12,22,28.9,1,Y
IDCJAC0010,010917,2006,12,23,30.7,1,Y
IDCJAC0010,010917,2006,12,24,30.2,1,Y
IDCJAC0010,010917,2006,12,25,31.7,1,Y
IDCJAC0010,010917,2006,12,26,34.9,1,Y
IDCJAC0010,010917,2006,12,27,37.7,1,Y
IDCJAC0010,010917,2006,12,28,36.9,1,Y
IDCJAC0010,010917,2006,12,29,29.3,1,Y
IDCJAC0010,010917,2006,12,30,31.9,1,Y
IDCJAC0010,010917,2006,12,31,36.6,1,Y
IDCJAC0010,010917,2007,01,01,32.8,1,Y
IDCJAC0010,010917,2007,01,02,23.6,1,Y
IDCJAC0010,010917,2007,01,03,16.9,1,Y
IDCJAC0010,010917,2007,01,04,19.2,1,Y
IDCJAC0010,010917,2007,01,05,26.6,1,Y
IDCJAC0010,010917,2007,01,06,28.7,1,Y
IDCJAC0010,010917,2007,01,07,31.5,1,Y
IDCJAC0010,010917,2007,01,08,32.8,1,Y
IDCJAC0010,010917,2007,01,09,25.7,1,Y
IDCJAC0010,010917,2007,01,10,23.4,1,Y
IDCJAC0010,010917,2007,01,11,24.1,1,Y
IDCJAC0010,010917,2007,01,12,33.2,1,Y
IDCJAC0010,010917,2007,01,13,39.7,1,Y
IDCJAC0010,010917,2007,01,14,41.8,1,Y
IDCJAC0010,010917,2007,01,15,27.2,1,Y
IDCJAC0010,010917,2007,01,16,27.4,1,Y
IDCJAC0010,010917,2007,01,17,31.1,1,Y
IDCJAC0010,010917,2007,01,18,28.1,1,Y
IDCJAC0010,010917,2007,01,19,24.8,1,Y
IDCJAC0010,010917,2007,01,20,27.1,1,Y
IDCJAC0010,010917,2007,01,21,32.4,1,Y
IDCJAC0010,010917,2007,01,22,37.7,1,Y
IDCJAC0010,010917,2007,01,23,31.1,1,Y
IDCJAC0010,010917,2007,01,24,32.3,1,Y
IDCJAC0010,010917,2007,01,25,35.8,1,Y
IDCJAC0010,010917,2007,01,26,38.5,1,Y
IDCJAC0010,010917,2007,01,27,37.6,1,Y
IDCJAC0010,010917,2007,01,28,39.7,1,Y
IDCJAC0010,010917,2007,01,29,41.3,1,Y
IDCJAC0010,010917,2007,01,30,33.7,1,Y
IDCJAC0010,010917,2007,01,31,33.3,1,Y
IDCJAC0010,010917,2007,02,01,34.8,1,Y
IDCJAC0010,010917,2007,02,02,39.2,1,Y
IDCJAC0010,010917,2007,02,03,45.1,1,Y
IDCJAC0010,010917,2007,02,04,31.7,1,Y
IDCJAC0010,010917,2007,02,05,29.7,1,Y
IDCJAC0010,010917,2007,02,06,31.0,1,Y
IDCJAC0010,010917,2007,02,07,34.3,1,Y
IDCJAC0010,010917,2007,02,08,32.0,1,Y
IDCJAC0010,010917,2007,02,09,31.4,1,Y
IDCJAC0010,010917,2007,02,10,27.3,1,Y
IDCJAC0010,010917,2007,02,11,34.2,1,Y
IDCJAC0010,010917,2007,02,12,31.3,1,Y
IDCJAC0010,010917,2007,02,13,35.3,1,Y
IDCJAC0010,010917,2007,02,14,35.5,1,Y
IDCJAC0010,010917,2007,02,15,26.2,1,Y
IDCJAC0010,010917,2007,02,16,23.4,1,Y
IDCJAC0010,010917,2007,02,17,23.6,1,Y
IDCJAC0010,010917,2007,02,18,28.7,1,Y
IDCJAC0010,010917,2007,02,19,29.3,1,Y
IDCJAC0010,010917,2007,02,20,33.8,1,Y
IDCJAC0010,010917,2007,02,21,38.2,1,Y
IDCJAC0010,010917,2007,02,22,35.6,1,Y
IDCJAC0010,010917,2007,02,23,30.8,1,Y
IDCJAC0010,010917,2007,02,24,31.2,1,Y
IDCJAC0010,010917,2007,02,25,33.1,1,Y
IDCJAC0010,010917,2007,02,26,27.9,1,Y
IDCJAC0010,010917,2007,02,27,34.7,1,Y
IDCJAC0010,010917,2007,02,28,25.7,1,Y
IDCJAC0010,010917,2007,03,01,21.1,1,Y
IDCJAC0010,010917,2007,03,02,24.2,1,Y
IDCJAC0010,010917,2007,03,03,27.4,1,Y
IDCJAC0010,010917,2007,03,04,31.8,1,Y
IDCJAC0010,010917,2007,03,05,37.3,1,Y
IDCJAC0010,010917,2007,03,06,39.2,1,Y
IDCJAC0010,010917,2007,03,07,39.9,1,Y
IDCJAC0010,010917,2007,03,08,40.8,1,Y
IDCJAC0010,010917,2007,03,09,26.3,1,Y
IDCJAC0010,010917,2007,03,10,24.9,1,Y
IDCJAC0010,010917,2007,03,11,27.5,1,Y
IDCJAC0010,010917,2007,03,12,29.5,1,Y
IDCJAC0010,010917,2007,03,13,31.3,1,Y
IDCJAC0010,010917,2007,03,14,33.0,1,Y
IDCJAC0010,010917,2007,03,15,29.8,1,Y
IDCJAC0010,010917,2007,03,16,30.1,1,Y
IDCJAC0010,010917,2007,03,17,34.2,1,Y
IDCJAC0010,010917,2007,03,18,34.1,1,Y
IDCJAC0010,010917,2007,03,19,33.6,1,Y
IDCJAC0010,010917,2007,03,20,33.7,1,Y
IDCJAC0010,010917,2007,03,21,35.4,1,Y
IDCJAC0010,010917,2007,03,22,25.2,1,Y
IDCJAC0010,010917,2007,03,23,22.1,1,Y
IDCJAC0010,010917,2007,03,24,25.6,1,Y
IDCJAC0010,010917,2007,03,25,28.6,1,Y
IDCJAC0010,010917,2007,03,26,25.2,1,Y
IDCJAC0010,010917,2007,03,27,18.5,1,Y
IDCJAC0010,010917,2007,03,28,19.7,1,Y
IDCJAC0010,010917,2007,03,29,22.9,1,Y
IDCJAC0010,010917,2007,03,30,28.8,1,Y
IDCJAC0010,010917,2007,03,31,26.7,1,Y
IDCJAC0010,010917,2007,04,01,24.3,1,Y
IDCJAC0010,010917,2007,04,02,26.5,1,Y
IDCJAC0010,010917,2007,04,03,30.3,1,Y
IDCJAC0010,010917,2007,04,04,35.3,1,Y
IDCJAC0010,010917,2007,04,05,36.0,1,Y
IDCJAC0010,010917,2007,04,06,33.0,1,Y
IDCJAC0010,010917,2007,04,07,31.9,1,Y
IDCJAC0010,010917,2007,04,08,22.1,1,Y
IDCJAC0010,010917,2007,04,09,20.1,1,Y
IDCJAC0010,010917,2007,04,10,22.8,1,Y
IDCJAC0010,010917,2007,04,11,23.4,1,Y
IDCJAC0010,010917,2007,04,12,27.1,1,Y
IDCJAC0010,010917,2007,04,13,26.2,1,Y
IDCJAC0010,010917,2007,04,14,30.1,1,Y
IDCJAC0010,010917,2007,04,15,25.3,1,Y
IDCJAC0010,010917,2007,04,16,20.9,1,Y
IDCJAC0010,010917,2007,04,17,22.8,1,Y
IDCJAC0010,010917,2007,04,18,21.0,1,Y
IDCJAC0010,010917,2007,04,19,20.7,1,Y
IDCJAC0010,010917,2007,04,20,22.1,1,Y
IDCJAC0010,010917,2007,04,21,23.9,1,Y
IDCJAC0010,010917,2007,04,22,27.0,1,Y
IDCJAC0010,010917,2007,04,23,24.3,1,Y
IDCJAC0010,010917,2007,04,24,22.6,1,Y
IDCJAC0010,010917,2007,04,25,18.2,1,Y
IDCJAC0010,010917,2007,04,26,19.4,1,Y
IDCJAC0010,010917,2007,04,27,20.4,1,Y
IDCJAC0010,010917,2007,04,28,22.6,1,Y
IDCJAC0010,010917,2007,04,29,22.4,1,Y
IDCJAC0010,010917,2007,04,30,19.5,1,Y
IDCJAC0010,010917,2007,05,01,18.3,1,Y
IDCJAC0010,010917,2007,05,02,19.5,1,Y
IDCJAC0010,010917,2007,05,03,19.8,1,Y
IDCJAC0010,010917,2007,05,04,21.8,1,Y
IDCJAC0010,010917,2007,05,05,18.6,1,Y
IDCJAC0010,010917,2007,05,06,20.9,1,Y
IDCJAC0010,010917,2007,05,07,18.5,1,Y
IDCJAC0010,010917,2007,05,08,21.2,1,Y
IDCJAC0010,010917,2007,05,09,23.5,1,Y
IDCJAC0010,010917,2007,05,10,24.4,1,Y
IDCJAC0010,010917,2007,05,11,24.2,1,Y
IDCJAC0010,010917,2007,05,12,22.2,1,Y
IDCJAC0010,010917,2007,05,13,16.3,1,Y
IDCJAC0010,010917,2007,05,14,15.1,1,Y
IDCJAC0010,010917,2007,05,15,17.3,1,Y
IDCJAC0010,010917,2007,05,16,15.6,1,Y
IDCJAC0010,010917,2007,05,17,19.4,1,Y
IDCJAC0010,010917,2007,05,18,16.7,1,Y
IDCJAC0010,010917,2007,05,19,16.7,1,Y
IDCJAC0010,010917,2007,05,20,16.5,1,Y
IDCJAC0010,010917,2007,05,21,16.6,1,Y
IDCJAC0010,010917,2007,05,22,18.6,1,Y
IDCJAC0010,010917,2007,05,23,19.9,1,Y
IDCJAC0010,010917,2007,05,24,20.6,1,Y
IDCJAC0010,010917,2007,05,25,21.0,1,Y
IDCJAC0010,010917,2007,05,26,15.8,1,Y
IDCJAC0010,010917,2007,05,27,15.1,1,Y
IDCJAC0010,010917,2007,05,28,14.8,1,Y
IDCJAC0010,010917,2007,05,29,14.7,1,Y
IDCJAC0010,010917,2007,05,30,16.4,1,Y
IDCJAC0010,010917,2007,05,31,18.2,1,Y
IDCJAC0010,010917,2007,06,01,19.4,1,Y
IDCJAC0010,010917,2007,06,02,19.7,1,Y
IDCJAC0010,010917,2007,06,03,15.5,1,Y
IDCJAC0010,010917,2007,06,04,15.9,1,Y
IDCJAC0010,010917,2007,06,05,16.9,1,Y
IDCJAC0010,010917,2007,06,06,16.5,1,Y
IDCJAC0010,010917,2007,06,07,19.1,1,Y
IDCJAC0010,010917,2007,06,08,17.8,1,Y
IDCJAC0010,010917,2007,06,09,17.1,1,Y
IDCJAC0010,010917,2007,06,10,15.6,1,Y
IDCJAC0010,010917,2007,06,11,15.4,1,Y
IDCJAC0010,010917,2007,06,12,20.7,1,Y
IDCJAC0010,010917,2007,06,13,19.8,1,Y
IDCJAC0010,010917,2007,06,14,17.1,1,Y
IDCJAC0010,010917,2007,06,15,16.6,1,Y
IDCJAC0010,010917,2007,06,16,15.7,1,Y
IDCJAC0010,010917,2007,06,17,14.1,1,Y
IDCJAC0010,010917,2007,06,18,14.1,1,Y
IDCJAC0010,010917,2007,06,19,14.5,1,Y
IDCJAC0010,010917,2007,06,20,12.8,1,Y
IDCJAC0010,010917,2007,06,21,13.7,1,Y
IDCJAC0010,010917,2007,06,22,14.9,1,Y
IDCJAC0010,010917,2007,06,23,12.9,1,Y
IDCJAC0010,010917,2007,06,24,14.9,1,Y
IDCJAC0010,010917,2007,06,25,15.8,1,Y
IDCJAC0010,010917,2007,06,26,18.2,1,Y
IDCJAC0010,010917,2007,06,27,20.4,1,Y
IDCJAC0010,010917,2007,06,28,18.3,1,Y
IDCJAC0010,010917,2007,06,29,18.9,1,Y
IDCJAC0010,010917,2007,06,30,17.2,1,Y
IDCJAC0010,010917,2007,07,01,16.4,1,Y
IDCJAC0010,010917,2007,07,02,16.8,1,Y
IDCJAC0010,010917,2007,07,03,14.3,1,Y
IDCJAC0010,010917,2007,07,04,17.1,1,Y
IDCJAC0010,010917,2007,07,05,17.4,1,Y
IDCJAC0010,010917,2007,07,06,16.6,1,Y
IDCJAC0010,010917,2007,07,07,20.5,1,Y
IDCJAC0010,010917,2007,07,08,19.3,1,Y
IDCJAC0010,010917,2007,07,09,14.4,1,Y
IDCJAC0010,010917,2007,07,10,14.2,1,Y
IDCJAC0010,010917,2007,07,11,16.0,1,Y
IDCJAC0010,010917,2007,07,12,20.1,1,Y
IDCJAC0010,010917,2007,07,13,17.3,1,Y
IDCJAC0010,010917,2007,07,14,17.6,1,Y
IDCJAC0010,010917,2007,07,15,17.7,1,Y
IDCJAC0010,010917,2007,07,16,16.9,1,Y
IDCJAC0010,010917,2007,07,17,15.7,1,Y
IDCJAC0010,010917,2007,07,18,20.4,1,Y
IDCJAC0010,010917,2007,07,19,14.4,1,Y
IDCJAC0010,010917,2007,07,20,17.2,1,Y
IDCJAC0010,010917,2007,07,21,16.6,1,Y
IDCJAC0010,010917,2007,07,22,14.9,1,Y
IDCJAC0010,010917,2007,07,23,16.3,1,Y
IDCJAC0010,010917,2007,07,24,14.2,1,Y
IDCJAC0010,010917,2007,07,25,14.3,1,Y
IDCJAC0010,010917,2007,07,26,16.5,1,Y
IDCJAC0010,010917,2007,07,27,18.9,1,Y
IDCJAC0010,010917,2007,07,28,16.9,1,Y
IDCJAC0010,010917,2007,07,29,18.6,1,Y
IDCJAC0010,010917,2007,07,30,16.3,1,Y
IDCJAC0010,010917,2007,07,31,15.7,1,Y
IDCJAC0010,010917,2007,08,01,14.5,1,Y
IDCJAC0010,010917,2007,08,02,14.8,1,Y
IDCJAC0010,010917,2007,08,03,15.7,1,Y
IDCJAC0010,010917,2007,08,04,17.1,1,Y
IDCJAC0010,010917,2007,08,05,20.3,1,Y
IDCJAC0010,010917,2007,08,06,12.9,1,Y
IDCJAC0010,010917,2007,08,07,15.6,1,Y
IDCJAC0010,010917,2007,08,08,17.6,1,Y
IDCJAC0010,010917,2007,08,09,18.3,1,Y
IDCJAC0010,010917,2007,08,10,12.5,1,Y
IDCJAC0010,010917,2007,08,11,13.8,1,Y
IDCJAC0010,010917,2007,08,12,14.3,1,Y
IDCJAC0010,010917,2007,08,13,17.4,1,Y
IDCJAC0010,010917,2007,08,14,15.3,1,Y
IDCJAC0010,010917,2007,08,15,17.2,1,Y
IDCJAC0010,010917,2007,08,16,14.7,1,Y
IDCJAC0010,010917,2007,08,17,16.4,1,Y
IDCJAC0010,010917,2007,08,18,19.0,1,Y
IDCJAC0010,010917,2007,08,19,19.4,1,Y
IDCJAC0010,010917,2007,08,20,18.3,1,Y
IDCJAC0010,010917,2007,08,21,19.8,1,Y
IDCJAC0010,010917,2007,08,22,20.4,1,Y
IDCJAC0010,010917,2007,08,23,17.6,1,Y
IDCJAC0010,010917,2007,08,24,17.9,1,Y
IDCJAC0010,010917,2007,08,25,18.4,1,Y
IDCJAC0010,010917,2007,08,26,15.7,1,Y
IDCJAC0010,010917,2007,08,27,15.9,1,Y
IDCJAC0010,010917,2007,08,28,17.8,1,Y
IDCJAC0010,010917,2007,08,29,18.9,1,Y
IDCJAC0010,010917,2007,08,30,14.3,1,Y
IDCJAC0010,010917,2007,08,31,15.4,1,Y
IDCJAC0010,010917,2007,09,01,17.8,1,Y
IDCJAC0010,010917,2007,09,02,16.1,1,Y
IDCJAC0010,010917,2007,09,03,22.0,1,Y
IDCJAC0010,010917,2007,09,04,18.3,1,Y
IDCJAC0010,010917,2007,09,05,16.5,1,Y
IDCJAC0010,010917,2007,09,06,18.6,1,Y
IDCJAC0010,010917,2007,09,07,15.5,1,Y
IDCJAC0010,010917,2007,09,08,17.5,1,Y
IDCJAC0010,010917,2007,09,09,17.7,1,Y
IDCJAC0010,010917,2007,09,10,20.3,1,Y
IDCJAC0010,010917,2007,09,11,18.8,1,Y
IDCJAC0010,010917,2007,09,12,14.6,1,Y
IDCJAC0010,010917,2007,09,13,15.9,1,Y
IDCJAC0010,010917,2007,09,14,15.5,1,Y
IDCJAC0010,010917,2007,09,15,16.1,1,Y
IDCJAC0010,010917,2007,09,16,19.1,1,Y
IDCJAC0010,010917,2007,09,17,19.8,1,Y
IDCJAC0010,010917,2007,09,18,17.4,1,Y
IDCJAC0010,010917,2007,09,19,17.7,1,Y
IDCJAC0010,010917,2007,09,20,19.8,1,Y
IDCJAC0010,010917,2007,09,21,20.8,1,Y
IDCJAC0010,010917,2007,09,22,18.3,1,Y
IDCJAC0010,010917,2007,09,23,19.2,1,Y
IDCJAC0010,010917,2007,09,24,15.7,1,Y
IDCJAC0010,010917,2007,09,25,15.8,1,Y
IDCJAC0010,010917,2007,09,26,19.1,1,Y
IDCJAC0010,010917,2007,09,27,19.3,1,Y
IDCJAC0010,010917,2007,09,28,21.2,1,Y
IDCJAC0010,010917,2007,09,29,23.3,1,Y
IDCJAC0010,010917,2007,09,30,20.9,1,Y
IDCJAC0010,010917,2007,10,01,20.2,1,Y
IDCJAC0010,010917,2007,10,02,19.1,1,Y
IDCJAC0010,010917,2007,10,03,23.1,1,Y
IDCJAC0010,010917,2007,10,04,24.2,1,Y
IDCJAC0010,010917,2007,10,05,22.2,1,Y
IDCJAC0010,010917,2007,10,06,21.7,1,Y
IDCJAC0010,010917,2007,10,07,22.6,1,Y
IDCJAC0010,010917,2007,10,08,19.2,1,Y
IDCJAC0010,010917,2007,10,09,19.9,1,Y
IDCJAC0010,010917,2007,10,10,18.0,1,Y
IDCJAC0010,010917,2007,10,11,19.0,1,Y
IDCJAC0010,010917,2007,10,12,23.4,1,Y
IDCJAC0010,010917,2007,10,13,27.4,1,Y
IDCJAC0010,010917,2007,10,14,26.2,1,Y
IDCJAC0010,010917,2007,10,15,22.4,1,Y
IDCJAC0010,010917,2007,10,16,27.6,1,Y
IDCJAC0010,010917,2007,10,17,19.9,1,Y
IDCJAC0010,010917,2007,10,18,18.3,1,Y
IDCJAC0010,010917,2007,10,19,25.5,1,Y
IDCJAC0010,010917,2007,10,20,19.1,1,Y
IDCJAC0010,010917,2007,10,21,18.9,1,Y
IDCJAC0010,010917,2007,10,22,19.9,1,Y
IDCJAC0010,010917,2007,10,23,23.1,1,Y
IDCJAC0010,010917,2007,10,24,27.5,1,Y
IDCJAC0010,010917,2007,10,25,28.1,1,Y
IDCJAC0010,010917,2007,10,26,19.1,1,Y
IDCJAC0010,010917,2007,10,27,14.3,1,Y
IDCJAC0010,010917,2007,10,28,17.0,1,Y
IDCJAC0010,010917,2007,10,29,18.5,1,Y
IDCJAC0010,010917,2007,10,30,20.5,1,Y
IDCJAC0010,010917,2007,10,31,22.2,1,Y
IDCJAC0010,010917,2007,11,01,21.9,1,Y
IDCJAC0010,010917,2007,11,02,21.4,1,Y
IDCJAC0010,010917,2007,11,03,23.2,1,Y
IDCJAC0010,010917,2007,11,04,26.5,1,Y
IDCJAC0010,010917,2007,11,05,31.8,1,Y
IDCJAC0010,010917,2007,11,06,25.5,1,Y
IDCJAC0010,010917,2007,11,07,26.3,1,Y
IDCJAC0010,010917,2007,11,08,27.8,1,Y
IDCJAC0010,010917,2007,11,09,27.1,1,Y
IDCJAC0010,010917,2007,11,10,29.2,1,Y
IDCJAC0010,010917,2007,11,11,33.6,1,Y
IDCJAC0010,010917,2007,11,12,39.1,1,Y
IDCJAC0010,010917,2007,11,13,36.6,1,Y
IDCJAC0010,010917,2007,11,14,34.6,1,Y
IDCJAC0010,010917,2007,11,15,32.5,1,Y
IDCJAC0010,010917,2007,11,16,29.9,1,Y
IDCJAC0010,010917,2007,11,17,30.9,1,Y
IDCJAC0010,010917,2007,11,18,23.5,1,Y
IDCJAC0010,010917,2007,11,19,21.7,1,Y
IDCJAC0010,010917,2007,11,20,22.9,1,Y
IDCJAC0010,010917,2007,11,21,29.4,1,Y
IDCJAC0010,010917,2007,11,22,34.4,1,Y
IDCJAC0010,010917,2007,11,23,37.3,1,Y
IDCJAC0010,010917,2007,11,24,39.1,1,Y
IDCJAC0010,010917,2007,11,25,34.1,1,Y
IDCJAC0010,010917,2007,11,26,30.4,1,Y
IDCJAC0010,010917,2007,11,27,28.9,1,Y
IDCJAC0010,010917,2007,11,28,34.0,1,Y
IDCJAC0010,010917,2007,11,29,28.3,1,Y
IDCJAC0010,010917,2007,11,30,23.5,1,Y
IDCJAC0010,010917,2007,12,01,21.5,1,Y
IDCJAC0010,010917,2007,12,02,24.6,1,Y
IDCJAC0010,010917,2007,12,03,25.3,1,Y
IDCJAC0010,010917,2007,12,04,28.4,1,Y
IDCJAC0010,010917,2007,12,05,22.5,1,Y
IDCJAC0010,010917,2007,12,06,20.6,1,Y
IDCJAC0010,010917,2007,12,07,24.0,1,Y
IDCJAC0010,010917,2007,12,08,25.0,1,Y
IDCJAC0010,010917,2007,12,09,27.3,1,Y
IDCJAC0010,010917,2007,12,10,32.0,1,Y
IDCJAC0010,010917,2007,12,11,31.5,1,Y
IDCJAC0010,010917,2007,12,12,27.9,1,Y
IDCJAC0010,010917,2007,12,13,26.7,1,Y
IDCJAC0010,010917,2007,12,14,21.5,1,Y
IDCJAC0010,010917,2007,12,15,22.3,1,Y
IDCJAC0010,010917,2007,12,16,15.3,1,Y
IDCJAC0010,010917,2007,12,17,20.7,1,Y
IDCJAC0010,010917,2007,12,18,26.4,1,Y
IDCJAC0010,010917,2007,12,19,27.6,1,Y
IDCJAC0010,010917,2007,12,20,26.2,1,Y
IDCJAC0010,010917,2007,12,21,25.0,1,Y
IDCJAC0010,010917,2007,12,22,27.3,1,Y
IDCJAC0010,010917,2007,12,23,31.8,1,Y
IDCJAC0010,010917,2007,12,24,33.7,1,Y
IDCJAC0010,010917,2007,12,25,38.5,1,Y
IDCJAC0010,010917,2007,12,26,43.6,1,Y
IDCJAC0010,010917,2007,12,27,41.1,1,Y
IDCJAC0010,010917,2007,12,28,32.1,1,Y
IDCJAC0010,010917,2007,12,29,34.1,1,Y
IDCJAC0010,010917,2007,12,30,35.1,1,Y
IDCJAC0010,010917,2007,12,31,30.4,1,Y
IDCJAC0010,010917,2008,01,01,32.8,1,Y
IDCJAC0010,010917,2008,01,02,34.3,1,Y
IDCJAC0010,010917,2008,01,03,35.2,1,Y
IDCJAC0010,010917,2008,01,04,33.5,1,Y
IDCJAC0010,010917,2008,01,05,30.6,1,Y
IDCJAC0010,010917,2008,01,06,32.6,1,Y
IDCJAC0010,010917,2008,01,07,37.2,1,Y
IDCJAC0010,010917,2008,01,08,40.2,1,Y
IDCJAC0010,010917,2008,01,09,29.5,1,Y
IDCJAC0010,010917,2008,01,10,26.8,1,Y
IDCJAC0010,010917,2008,01,11,28.6,1,Y
IDCJAC0010,010917,2008,01,12,31.0,1,Y
IDCJAC0010,010917,2008,01,13,33.2,1,Y
IDCJAC0010,010917,2008,01,14,36.6,1,Y
IDCJAC0010,010917,2008,01,15,32.0,1,Y
IDCJAC0010,010917,2008,01,16,34.2,1,Y
IDCJAC0010,010917,2008,01,17,40.3,1,Y
IDCJAC0010,010917,2008,01,18,34.4,1,Y
IDCJAC0010,010917,2008,01,19,27.3,1,Y
IDCJAC0010,010917,2008,01,20,29.2,1,Y
IDCJAC0010,010917,2008,01,21,29.4,1,Y
IDCJAC0010,010917,2008,01,22,31.4,1,Y
IDCJAC0010,010917,2008,01,23,34.5,1,Y
IDCJAC0010,010917,2008,01,24,37.7,1,Y
IDCJAC0010,010917,2008,01,25,38.3,1,Y
IDCJAC0010,010917,2008,01,26,37.0,1,Y
IDCJAC0010,010917,2008,01,27,37.8,1,Y
IDCJAC0010,010917,2008,01,28,34.4,1,Y
IDCJAC0010,010917,2008,01,29,33.1,1,Y
IDCJAC0010,010917,2008,01,30,29.1,1,Y
IDCJAC0010,010917,2008,01,31,30.1,1,Y
IDCJAC0010,010917,2008,02,01,33.5,1,Y
IDCJAC0010,010917,2008,02,02,33.5,1,Y
IDCJAC0010,010917,2008,02,03,36.8,1,Y
IDCJAC0010,010917,2008,02,04,31.9,1,Y
IDCJAC0010,010917,2008,02,05,33.5,1,Y
IDCJAC0010,010917,2008,02,06,34.4,1,Y
IDCJAC0010,010917,2008,02,07,25.8,1,Y
IDCJAC0010,010917,2008,02,08,23.9,1,Y
IDCJAC0010,010917,2008,02,09,30.0,1,Y
IDCJAC0010,010917,2008,02,10,32.6,1,Y
IDCJAC0010,010917,2008,02,11,34.8,1,Y
IDCJAC0010,010917,2008,02,12,32.9,1,Y
IDCJAC0010,010917,2008,02,13,32.8,1,Y
IDCJAC0010,010917,2008,02,14,38.4,1,Y
IDCJAC0010,010917,2008,02,15,29.8,1,Y
IDCJAC0010,010917,2008,02,16,30.7,1,Y
IDCJAC0010,010917,2008,02,17,28.9,1,Y
IDCJAC0010,010917,2008,02,18,28.5,1,Y
IDCJAC0010,010917,2008,02,19,25.4,1,Y
IDCJAC0010,010917,2008,02,20,23.8,1,Y
IDCJAC0010,010917,2008,02,21,27.0,1,Y
IDCJAC0010,010917,2008,02,22,25.3,1,Y
IDCJAC0010,010917,2008,02,23,27.6,1,Y
IDCJAC0010,010917,2008,02,24,30.0,1,Y
IDCJAC0010,010917,2008,02,25,32.9,1,Y
IDCJAC0010,010917,2008,02,26,37.4,1,Y
IDCJAC0010,010917,2008,02,27,33.7,1,Y
IDCJAC0010,010917,2008,02,28,40.5,1,Y
IDCJAC0010,010917,2008,02,29,40.3,1,Y
IDCJAC0010,010917,2008,03,01,37.3,1,Y
IDCJAC0010,010917,2008,03,02,30.8,1,Y
IDCJAC0010,010917,2008,03,03,30.2,1,Y
IDCJAC0010,010917,2008,03,04,35.2,1,Y
IDCJAC0010,010917,2008,03,05,37.7,1,Y
IDCJAC0010,010917,2008,03,06,33.3,1,Y
IDCJAC0010,010917,2008,03,07,30.1,1,Y
IDCJAC0010,010917,2008,03,08,27.3,1,Y
IDCJAC0010,010917,2008,03,09,29.9,1,Y
IDCJAC0010,010917,2008,03,10,32.2,1,Y
IDCJAC0010,010917,2008,03,11,35.1,1,Y
IDCJAC0010,010917,2008,03,12,38.0,1,Y
IDCJAC0010,010917,2008,03,13,23.3,1,Y
IDCJAC0010,010917,2008,03,14,25.7,1,Y
IDCJAC0010,010917,2008,03,15,27.8,1,Y
IDCJAC0010,010917,2008,03,16,27.8,1,Y
IDCJAC0010,010917,2008,03,17,27.5,1,Y
IDCJAC0010,010917,2008,03,18,28.8,1,Y
IDCJAC0010,010917,2008,03,19,30.7,1,Y
IDCJAC0010,010917,2008,03,20,28.4,1,Y
IDCJAC0010,010917,2008,03,21,31.5,1,Y
IDCJAC0010,010917,2008,03,22,29.5,1,Y
IDCJAC0010,010917,2008,03,23,23.4,1,Y
IDCJAC0010,010917,2008,03,24,23.1,1,Y
IDCJAC0010,010917,2008,03,25,25.3,1,Y
IDCJAC0010,010917,2008,03,26,26.4,1,Y
IDCJAC0010,010917,2008,03,27,29.3,1,Y
IDCJAC0010,010917,2008,03,28,29.8,1,Y
IDCJAC0010,010917,2008,03,29,25.7,1,Y
IDCJAC0010,010917,2008,03,30,25.3,1,Y
IDCJAC0010,010917,2008,03,31,16.5,1,Y
IDCJAC0010,010917,2008,04,01,21.6,1,Y
IDCJAC0010,010917,2008,04,02,20.7,1,Y
IDCJAC0010,010917,2008,04,03,22.9,1,Y
IDCJAC0010,010917,2008,04,04,28.5,1,Y
IDCJAC0010,010917,2008,04,05,21.0,1,Y
IDCJAC0010,010917,2008,04,06,26.2,1,Y
IDCJAC0010,010917,2008,04,07,24.8,1,Y
IDCJAC0010,010917,2008,04,08,23.5,1,Y
IDCJAC0010,010917,2008,04,09,24.8,1,Y
IDCJAC0010,010917,2008,04,10,21.5,1,Y
IDCJAC0010,010917,2008,04,11,21.8,1,Y
IDCJAC0010,010917,2008,04,12,24.9,1,Y
IDCJAC0010,010917,2008,04,13,27.4,1,Y
IDCJAC0010,010917,2008,04,14,29.7,1,Y
IDCJAC0010,010917,2008,04,15,27.9,1,Y
IDCJAC0010,010917,2008,04,16,29.6,1,Y
IDCJAC0010,010917,2008,04,17,16.5,1,Y
IDCJAC0010,010917,2008,04,18,21.4,1,Y
IDCJAC0010,010917,2008,04,19,15.9,1,Y
IDCJAC0010,010917,2008,04,20,17.0,1,Y
IDCJAC0010,010917,2008,04,21,16.5,1,Y
IDCJAC0010,010917,2008,04,22,20.9,1,Y
IDCJAC0010,010917,2008,04,23,19.6,1,Y
IDCJAC0010,010917,2008,04,24,20.1,1,Y
IDCJAC0010,010917,2008,04,25,20.8,1,Y
IDCJAC0010,010917,2008,04,26,18.7,1,Y
IDCJAC0010,010917,2008,04,27,16.5,1,Y
IDCJAC0010,010917,2008,04,28,22.8,1,Y
IDCJAC0010,010917,2008,04,29,20.5,1,Y
IDCJAC0010,010917,2008,04,30,19.2,1,Y
IDCJAC0010,010917,2008,05,01,19.0,1,Y
IDCJAC0010,010917,2008,05,02,22.7,1,Y
IDCJAC0010,010917,2008,05,03,19.3,1,Y
IDCJAC0010,010917,2008,05,04,20.0,1,Y
IDCJAC0010,010917,2008,05,05,20.3,1,Y
IDCJAC0010,010917,2008,05,06,24.4,1,Y
IDCJAC0010,010917,2008,05,07,26.7,1,Y
IDCJAC0010,010917,2008,05,08,24.9,1,Y
IDCJAC0010,010917,2008,05,09,24.4,1,Y
IDCJAC0010,010917,2008,05,10,22.4,1,Y
IDCJAC0010,010917,2008,05,11,22.2,1,Y
IDCJAC0010,010917,2008,05,12,22.5,1,Y
IDCJAC0010,010917,2008,05,13,19.3,1,Y
IDCJAC0010,010917,2008,05,14,15.7,1,Y
IDCJAC0010,010917,2008,05,15,19.3,1,Y
IDCJAC0010,010917,2008,05,16,16.4,1,Y
IDCJAC0010,010917,2008,05,17,15.2,1,Y
IDCJAC0010,010917,2008,05,18,20.3,1,Y
IDCJAC0010,010917,2008,05,19,19.1,1,Y
IDCJAC0010,010917,2008,05,20,20.7,1,Y
IDCJAC0010,010917,2008,05,21,20.9,1,Y
IDCJAC0010,010917,2008,05,22,15.9,1,Y
IDCJAC0010,010917,2008,05,23,15.7,1,Y
IDCJAC0010,010917,2008,05,24,19.1,1,Y
IDCJAC0010,010917,2008,05,25,18.0,1,Y
IDCJAC0010,010917,2008,05,26,20.7,1,Y
IDCJAC0010,010917,2008,05,27,23.9,1,Y
IDCJAC0010,010917,2008,05,28,21.9,1,Y
IDCJAC0010,010917,2008,05,29,17.8,1,Y
IDCJAC0010,010917,2008,05,30,21.0,1,Y
IDCJAC0010,010917,2008,05,31,18.3,1,Y
IDCJAC0010,010917,2008,06,01,19.9,1,Y
IDCJAC0010,010917,2008,06,02,17.4,1,Y
IDCJAC0010,010917,2008,06,03,19.2,1,Y
IDCJAC0010,010917,2008,06,04,16.2,1,Y
IDCJAC0010,010917,2008,06,05,17.0,1,Y
IDCJAC0010,010917,2008,06,06,17.8,1,Y
IDCJAC0010,010917,2008,06,07,17.2,1,Y
IDCJAC0010,010917,2008,06,08,18.4,1,Y
IDCJAC0010,010917,2008,06,09,15.1,1,Y
IDCJAC0010,010917,2008,06,10,14.8,1,Y
IDCJAC0010,010917,2008,06,11,17.8,1,Y
IDCJAC0010,010917,2008,06,12,17.6,1,Y
IDCJAC0010,010917,2008,06,13,17.7,1,Y
IDCJAC0010,010917,2008,06,14,20.0,1,Y
IDCJAC0010,010917,2008,06,15,15.4,1,Y
IDCJAC0010,010917,2008,06,16,12.6,1,Y
IDCJAC0010,010917,2008,06,17,15.0,1,Y
IDCJAC0010,010917,2008,06,18,15.4,1,Y
IDCJAC0010,010917,2008,06,19,16.3,1,Y
IDCJAC0010,010917,2008,06,20,16.9,1,Y
IDCJAC0010,010917,2008,06,21,16.6,1,Y
IDCJAC0010,010917,2008,06,22,17.1,1,Y
IDCJAC0010,010917,2008,06,23,19.4,1,Y
IDCJAC0010,010917,2008,06,24,20.2,1,Y
IDCJAC0010,010917,2008,06,25,16.2,1,Y
IDCJAC0010,010917,2008,06,26,11.8,1,Y
IDCJAC0010,010917,2008,06,27,15.7,1,Y
IDCJAC0010,010917,2008,06,28,14.9,1,Y
IDCJAC0010,010917,2008,06,29,14.9,1,Y
IDCJAC0010,010917,2008,06,30,15.3,1,Y
IDCJAC0010,010917,2008,07,01,14.8,1,Y
IDCJAC0010,010917,2008,07,02,16.5,1,Y
IDCJAC0010,010917,2008,07,03,17.8,1,Y
IDCJAC0010,010917,2008,07,04,16.7,1,Y
IDCJAC0010,010917,2008,07,05,14.4,1,Y
IDCJAC0010,010917,2008,07,06,13.6,1,Y
IDCJAC0010,010917,2008,07,07,14.7,1,Y
IDCJAC0010,010917,2008,07,08,17.9,1,Y
IDCJAC0010,010917,2008,07,09,14.6,1,Y
IDCJAC0010,010917,2008,07,10,15.7,1,Y
IDCJAC0010,010917,2008,07,11,15.2,1,Y
IDCJAC0010,010917,2008,07,12,14.9,1,Y
IDCJAC0010,010917,2008,07,13,17.6,1,Y
IDCJAC0010,010917,2008,07,14,16.6,1,Y
IDCJAC0010,010917,2008,07,15,15.4,1,Y
IDCJAC0010,010917,2008,07,16,13.4,1,Y
IDCJAC0010,010917,2008,07,17,14.4,1,Y
IDCJAC0010,010917,2008,07,18,11.4,1,Y
IDCJAC0010,010917,2008,07,19,12.3,1,Y
IDCJAC0010,010917,2008,07,20,13.5,1,Y
IDCJAC0010,010917,2008,07,21,13.5,1,Y
IDCJAC0010,010917,2008,07,22,15.1,1,Y
IDCJAC0010,010917,2008,07,23,16.5,1,Y
IDCJAC0010,010917,2008,07,24,17.3,1,Y
IDCJAC0010,010917,2008,07,25,14.5,1,Y
IDCJAC0010,010917,2008,07,26,15.9,1,Y
IDCJAC0010,010917,2008,07,27,17.1,1,Y
IDCJAC0010,010917,2008,07,28,14.6,1,Y
IDCJAC0010,010917,2008,07,29,14.4,1,Y
IDCJAC0010,010917,2008,07,30,13.6,1,Y
IDCJAC0010,010917,2008,07,31,12.3,1,Y
IDCJAC0010,010917,2008,08,01,13.7,1,Y
IDCJAC0010,010917,2008,08,02,14.3,1,Y
IDCJAC0010,010917,2008,08,03,14.1,1,Y
IDCJAC0010,010917,2008,08,04,15.5,1,Y
IDCJAC0010,010917,2008,08,05,16.8,1,Y
IDCJAC0010,010917,2008,08,06,18.0,1,Y
IDCJAC0010,010917,2008,08,07,13.3,1,Y
IDCJAC0010,010917,2008,08,08,13.7,1,Y
IDCJAC0010,010917,2008,08,09,14.5,1,Y
IDCJAC0010,010917,2008,08,10,15.1,1,Y
IDCJAC0010,010917,2008,08,11,15.7,1,Y
IDCJAC0010,010917,2008,08,12,15.0,1,Y
IDCJAC0010,010917,2008,08,13,15.5,1,Y
IDCJAC0010,010917,2008,08,14,16.4,1,Y
IDCJAC0010,010917,2008,08,15,18.0,1,Y
IDCJAC0010,010917,2008,08,16,19.6,1,Y
IDCJAC0010,010917,2008,08,17,20.7,1,Y
IDCJAC0010,010917,2008,08,18,19.7,1,Y
IDCJAC0010,010917,2008,08,19,13.9,1,Y
IDCJAC0010,010917,2008,08,20,14.1,1,Y
IDCJAC0010,010917,2008,08,21,12.5,1,Y
IDCJAC0010,010917,2008,08,22,14.4,1,Y
IDCJAC0010,010917,2008,08,23,17.4,1,Y
IDCJAC0010,010917,2008,08,24,20.4,1,Y
IDCJAC0010,010917,2008,08,25,17.0,1,Y
IDCJAC0010,010917,2008,08,26,16.3,1,Y
IDCJAC0010,010917,2008,08,27,19.7,1,Y
IDCJAC0010,010917,2008,08,28,19.2,1,Y
IDCJAC0010,010917,2008,08,29,17.0,1,Y
IDCJAC0010,010917,2008,08,30,13.8,1,Y
IDCJAC0010,010917,2008,08,31,15.1,1,Y
IDCJAC0010,010917,2008,09,01,16.4,1,Y
IDCJAC0010,010917,2008,09,02,20.4,1,Y
IDCJAC0010,010917,2008,09,03,23.0,1,Y
IDCJAC0010,010917,2008,09,04,17.9,1,Y
IDCJAC0010,010917,2008,09,05,18.1,1,Y
IDCJAC0010,010917,2008,09,06,15.3,1,Y
IDCJAC0010,010917,2008,09,07,17.0,1,Y
IDCJAC0010,010917,2008,09,08,19.0,1,Y
IDCJAC0010,010917,2008,09,09,21.0,1,Y
IDCJAC0010,010917,2008,09,10,16.9,1,Y
IDCJAC0010,010917,2008,09,11,17.4,1,Y
IDCJAC0010,010917,2008,09,12,18.1,1,Y
IDCJAC0010,010917,2008,09,13,15.8,1,Y
IDCJAC0010,010917,2008,09,14,17.7,1,Y
IDCJAC0010,010917,2008,09,15,16.4,1,Y
IDCJAC0010,010917,2008,09,16,23.0,1,Y
IDCJAC0010,010917,2008,09,17,19.2,1,Y
IDCJAC0010,010917,2008,09,18,18.8,1,Y
IDCJAC0010,010917,2008,09,19,18.0,1,Y
IDCJAC0010,010917,2008,09,20,20.0,1,Y
IDCJAC0010,010917,2008,09,21,15.0,1,Y
IDCJAC0010,010917,2008,09,22,15.2,1,Y
IDCJAC0010,010917,2008,09,23,20.6,1,Y
IDCJAC0010,010917,2008,09,24,25.6,1,Y
IDCJAC0010,010917,2008,09,25,13.8,1,Y
IDCJAC0010,010917,2008,09,26,15.2,1,Y
IDCJAC0010,010917,2008,09,27,16.3,1,Y
IDCJAC0010,010917,2008,09,28,21.1,1,Y
IDCJAC0010,010917,2008,09,29,23.9,1,Y
IDCJAC0010,010917,2008,09,30,19.7,1,Y
IDCJAC0010,010917,2008,10,01,18.3,1,Y
IDCJAC0010,010917,2008,10,02,17.8,1,Y
IDCJAC0010,010917,2008,10,03,17.1,1,Y
IDCJAC0010,010917,2008,10,04,17.7,1,Y
IDCJAC0010,010917,2008,10,05,15.0,1,Y
IDCJAC0010,010917,2008,10,06,16.3,1,Y
IDCJAC0010,010917,2008,10,07,19.5,1,Y
IDCJAC0010,010917,2008,10,08,23.7,1,Y
IDCJAC0010,010917,2008,10,09,22.7,1,Y
IDCJAC0010,010917,2008,10,10,24.3,1,Y
IDCJAC0010,010917,2008,10,11,19.7,1,Y
IDCJAC0010,010917,2008,10,12,19.0,1,Y
IDCJAC0010,010917,2008,10,13,20.3,1,Y
IDCJAC0010,010917,2008,10,14,25.6,1,Y
IDCJAC0010,010917,2008,10,15,32.5,1,Y
IDCJAC0010,010917,2008,10,16,22.6,1,Y
IDCJAC0010,010917,2008,10,17,23.3,1,Y
IDCJAC0010,010917,2008,10,18,25.2,1,Y
IDCJAC0010,010917,2008,10,19,29.9,1,Y
IDCJAC0010,010917,2008,10,20,32.0,1,Y
IDCJAC0010,010917,2008,10,21,31.8,1,Y
IDCJAC0010,010917,2008,10,22,31.7,1,Y
IDCJAC0010,010917,2008,10,23,27.7,1,Y
IDCJAC0010,010917,2008,10,24,20.6,1,Y
IDCJAC0010,010917,2008,10,25,20.8,1,Y
IDCJAC0010,010917,2008,10,26,24.1,1,Y
IDCJAC0010,010917,2008,10,27,25.9,1,Y
IDCJAC0010,010917,2008,10,28,27.5,1,Y
IDCJAC0010,010917,2008,10,29,23.0,1,Y
IDCJAC0010,010917,2008,10,30,19.2,1,Y
IDCJAC0010,010917,2008,10,31,19.8,1,Y
IDCJAC0010,010917,2008,11,01,22.5,1,Y
IDCJAC0010,010917,2008,11,02,28.4,1,Y
IDCJAC0010,010917,2008,11,03,18.3,1,Y
IDCJAC0010,010917,2008,11,04,20.6,1,Y
IDCJAC0010,010917,2008,11,05,17.3,1,Y
IDCJAC0010,010917,2008,11,06,19.6,1,Y
IDCJAC0010,010917,2008,11,07,19.2,1,Y
IDCJAC0010,010917,2008,11,08,28.1,1,Y
IDCJAC0010,010917,2008,11,09,32.6,1,Y
IDCJAC0010,010917,2008,11,10,30.4,1,Y
IDCJAC0010,010917,2008,11,11,19.9,1,Y
IDCJAC0010,010917,2008,11,12,23.4,1,Y
IDCJAC0010,010917,2008,11,13,22.1,1,Y
IDCJAC0010,010917,2008,11,14,23.4,1,Y
IDCJAC0010,010917,2008,11,15,23.7,1,Y
IDCJAC0010,010917,2008,11,16,25.0,1,Y
IDCJAC0010,010917,2008,11,17,24.8,1,Y
IDCJAC0010,010917,2008,11,18,25.9,1,Y
IDCJAC0010,010917,2008,11,19,31.0,1,Y
IDCJAC0010,010917,2008,11,20,26.7,1,Y
IDCJAC0010,010917,2008,11,21,26.7,1,Y
IDCJAC0010,010917,2008,11,22,26.3,1,Y
IDCJAC0010,010917,2008,11,23,22.6,1,Y
IDCJAC0010,010917,2008,11,24,21.9,1,Y
IDCJAC0010,010917,2008,11,25,24.7,1,Y
IDCJAC0010,010917,2008,11,26,23.1,1,Y
IDCJAC0010,010917,2008,11,27,24.6,1,Y
IDCJAC0010,010917,2008,11,28,25.6,1,Y
IDCJAC0010,010917,2008,11,29,27.6,1,Y
IDCJAC0010,010917,2008,11,30,27.2,1,Y
IDCJAC0010,010917,2008,12,01,28.7,1,Y
IDCJAC0010,010917,2008,12,02,33.1,1,Y
IDCJAC0010,010917,2008,12,03,24.6,1,Y
IDCJAC0010,010917,2008,12,04,24.4,1,Y
IDCJAC0010,010917,2008,12,05,24.6,1,Y
IDCJAC0010,010917,2008,12,06,27.1,1,Y
IDCJAC0010,010917,2008,12,07,33.0,1,Y
IDCJAC0010,010917,2008,12,08,23.6,1,Y
IDCJAC0010,010917,2008,12,09,22.0,1,Y
IDCJAC0010,010917,2008,12,10,22.1,1,Y
IDCJAC0010,010917,2008,12,11,26.5,1,Y
IDCJAC0010,010917,2008,12,12,28.6,1,Y
IDCJAC0010,010917,2008,12,13,33.3,1,Y
IDCJAC0010,010917,2008,12,14,37.4,1,Y
IDCJAC0010,010917,2008,12,15,30.2,1,Y
IDCJAC0010,010917,2008,12,16,27.6,1,Y
IDCJAC0010,010917,2008,12,17,28.5,1,Y
IDCJAC0010,010917,2008,12,18,30.9,1,Y
IDCJAC0010,010917,2008,12,19,35.8,1,Y
IDCJAC0010,010917,2008,12,20,23.4,1,Y
IDCJAC0010,010917,2008,12,21,23.6,1,Y
IDCJAC0010,010917,2008,12,22,30.0,1,Y
IDCJAC0010,010917,2008,12,23,31.0,1,Y
IDCJAC0010,010917,2008,12,24,32.2,1,Y
IDCJAC0010,010917,2008,12,25,31.9,1,Y
IDCJAC0010,010917,2008,12,26,30.4,1,Y
IDCJAC0010,010917,2008,12,27,33.5,1,Y
IDCJAC0010,010917,2008,12,28,33.0,1,Y
IDCJAC0010,010917,2008,12,29,35.7,1,Y
IDCJAC0010,010917,2008,12,30,37.8,1,Y
IDCJAC0010,010917,2008,12,31,34.1,1,Y
IDCJAC0010,010917,2009,01,01,36.0,1,Y
IDCJAC0010,010917,2009,01,02,39.9,1,Y
IDCJAC0010,010917,2009,01,03,33.3,1,Y
IDCJAC0010,010917,2009,01,04,34.9,1,Y
IDCJAC0010,010917,2009,01,05,37.9,1,Y
IDCJAC0010,010917,2009,01,06,35.0,1,Y
IDCJAC0010,010917,2009,01,07,33.9,1,Y
IDCJAC0010,010917,2009,01,08,35.9,1,Y
IDCJAC0010,010917,2009,01,09,36.7,1,Y
IDCJAC0010,010917,2009,01,10,36.2,1,Y
IDCJAC0010,010917,2009,01,11,40.1,1,Y
IDCJAC0010,010917,2009,01,12,30.9,1,Y
IDCJAC0010,010917,2009,01,13,28.0,1,Y
IDCJAC0010,010917,2009,01,14,30.7,1,Y
IDCJAC0010,010917,2009,01,15,36.7,1,Y
IDCJAC0010,010917,2009,01,16,43.5,1,Y
IDCJAC0010,010917,2009,01,17,32.4,1,Y
IDCJAC0010,010917,2009,01,18,29.9,1,Y
IDCJAC0010,010917,2009,01,19,27.6,1,Y
IDCJAC0010,010917,2009,01,20,31.2,1,Y
IDCJAC0010,010917,2009,01,21,31.2,1,Y
IDCJAC0010,010917,2009,01,22,31.4,1,Y
IDCJAC0010,010917,2009,01,23,30.7,1,Y
IDCJAC0010,010917,2009,01,24,35.3,1,Y
IDCJAC0010,010917,2009,01,25,38.8,1,Y
IDCJAC0010,010917,2009,01,26,38.4,1,Y
IDCJAC0010,010917,2009,01,27,30.4,1,Y
IDCJAC0010,010917,2009,01,28,26.7,1,Y
IDCJAC0010,010917,2009,01,29,21.0,1,Y
IDCJAC0010,010917,2009,01,30,30.5,1,Y
IDCJAC0010,010917,2009,01,31,33.5,1,Y
IDCJAC0010,010917,2009,02,01,37.7,1,Y
IDCJAC0010,010917,2009,02,02,40.4,1,Y
IDCJAC0010,010917,2009,02,03,38.6,1,Y
IDCJAC0010,010917,2009,02,04,30.6,1,Y
IDCJAC0010,010917,2009,02,05,32.1,1,Y
IDCJAC0010,010917,2009,02,06,28.6,1,Y
IDCJAC0010,010917,2009,02,07,26.7,1,Y
IDCJAC0010,010917,2009,02,08,30.4,1,Y
IDCJAC0010,010917,2009,02,09,31.9,1,Y
IDCJAC0010,010917,2009,02,10,33.4,1,Y
IDCJAC0010,010917,2009,02,11,36.6,1,Y
IDCJAC0010,010917,2009,02,12,39.8,1,Y
IDCJAC0010,010917,2009,02,13,21.8,1,Y
IDCJAC0010,010917,2009,02,14,26.7,1,Y
IDCJAC0010,010917,2009,02,15,37.2,1,Y
IDCJAC0010,010917,2009,02,16,30.9,1,Y
IDCJAC0010,010917,2009,02,17,29.4,1,Y
IDCJAC0010,010917,2009,02,18,29.3,1,Y
IDCJAC0010,010917,2009,02,19,30.8,1,Y
IDCJAC0010,010917,2009,02,20,32.8,1,Y
IDCJAC0010,010917,2009,02,21,37.1,1,Y
IDCJAC0010,010917,2009,02,22,31.3,1,Y
IDCJAC0010,010917,2009,02,23,32.3,1,Y
IDCJAC0010,010917,2009,02,24,26.4,1,Y
IDCJAC0010,010917,2009,02,25,23.6,1,Y
IDCJAC0010,010917,2009,02,26,24.0,1,Y
IDCJAC0010,010917,2009,02,27,28.8,1,Y
IDCJAC0010,010917,2009,02,28,33.5,1,Y
IDCJAC0010,010917,2009,03,01,32.4,1,Y
IDCJAC0010,010917,2009,03,02,23.0,1,Y
IDCJAC0010,010917,2009,03,03,22.7,1,Y
IDCJAC0010,010917,2009,03,04,27.3,1,Y
IDCJAC0010,010917,2009,03,05,31.2,1,Y
IDCJAC0010,010917,2009,03,06,31.8,1,Y
IDCJAC0010,010917,2009,03,07,28.0,1,Y
IDCJAC0010,010917,2009,03,08,32.1,1,Y
IDCJAC0010,010917,2009,03,09,35.1,1,Y
IDCJAC0010,010917,2009,03,10,37.2,1,Y
IDCJAC0010,010917,2009,03,11,31.9,1,Y
IDCJAC0010,010917,2009,03,12,23.8,1,Y
IDCJAC0010,010917,2009,03,13,25.1,1,Y
IDCJAC0010,010917,2009,03,14,27.1,1,Y
IDCJAC0010,010917,2009,03,15,34.1,1,Y
IDCJAC0010,010917,2009,03,16,37.5,1,Y
IDCJAC0010,010917,2009,03,17,26.5,1,Y
IDCJAC0010,010917,2009,03,18,24.7,1,Y
IDCJAC0010,010917,2009,03,19,28.1,1,Y
IDCJAC0010,010917,2009,03,20,25.3,1,Y
IDCJAC0010,010917,2009,03,21,23.3,1,Y
IDCJAC0010,010917,2009,03,22,25.2,1,Y
IDCJAC0010,010917,2009,03,23,26.2,1,Y
IDCJAC0010,010917,2009,03,24,26.2,1,Y
IDCJAC0010,010917,2009,03,25,26.1,1,Y
IDCJAC0010,010917,2009,03,26,31.5,1,Y
IDCJAC0010,010917,2009,03,27,38.2,1,Y
IDCJAC0010,010917,2009,03,28,29.4,1,Y
IDCJAC0010,010917,2009,03,29,22.7,1,Y
IDCJAC0010,010917,2009,03,30,23.1,1,Y
IDCJAC0010,010917,2009,03,31,22.5,1,Y
IDCJAC0010,010917,2009,04,01,21.4,1,Y
IDCJAC0010,010917,2009,04,02,22.3,1,Y
IDCJAC0010,010917,2009,04,03,24.6,1,Y
IDCJAC0010,010917,2009,04,04,26.1,1,Y
IDCJAC0010,010917,2009,04,05,25.0,1,Y
IDCJAC0010,010917,2009,04,06,26.4,1,Y
IDCJAC0010,010917,2009,04,07,28.6,1,Y
IDCJAC0010,010917,2009,04,08,31.6,1,Y
IDCJAC0010,010917,2009,04,09,30.0,1,Y
IDCJAC0010,010917,2009,04,10,31.0,1,Y
IDCJAC0010,010917,2009,04,11,33.7,1,Y
IDCJAC0010,010917,2009,04,12,31.4,1,Y
IDCJAC0010,010917,2009,04,13,28.2,1,Y
IDCJAC0010,010917,2009,04,14,25.1,1,Y
IDCJAC0010,010917,2009,04,15,23.8,1,Y
IDCJAC0010,010917,2009,04,16,25.6,1,Y
IDCJAC0010,010917,2009,04,17,29.8,1,Y
IDCJAC0010,010917,2009,04,18,29.6,1,Y
IDCJAC0010,010917,2009,04,19,29.6,1,Y
IDCJAC0010,010917,2009,04,20,29.8,1,Y
IDCJAC0010,010917,2009,04,21,30.3,1,Y
IDCJAC0010,010917,2009,04,22,20.1,1,Y
IDCJAC0010,010917,2009,04,23,18.4,1,Y
IDCJAC0010,010917,2009,04,24,23.7,1,Y
IDCJAC0010,010917,2009,04,25,22.8,1,Y
IDCJAC0010,010917,2009,04,26,25.2,1,Y
IDCJAC0010,010917,2009,04,27,27.4,1,Y
IDCJAC0010,010917,2009,04,28,25.4,1,Y
IDCJAC0010,010917,2009,04,29,27.0,1,Y
IDCJAC0010,010917,2009,04,30,21.2,1,Y
IDCJAC0010,010917,2009,05,01,21.2,1,Y
IDCJAC0010,010917,2009,05,02,25.4,1,Y
IDCJAC0010,010917,2009,05,03,25.6,1,Y
IDCJAC0010,010917,2009,05,04,25.5,1,Y
IDCJAC0010,010917,2009,05,05,25.7,1,Y
IDCJAC0010,010917,2009,05,06,24.2,1,Y
IDCJAC0010,010917,2009,05,07,23.9,1,Y
IDCJAC0010,010917,2009,05,08,22.6,1,Y
IDCJAC0010,010917,2009,05,09,23.8,1,Y
IDCJAC0010,010917,2009,05,10,21.9,1,Y
IDCJAC0010,010917,2009,05,11,24.1,1,Y
IDCJAC0010,010917,2009,05,12,21.4,1,Y
IDCJAC0010,010917,2009,05,13,21.2,1,Y
IDCJAC0010,010917,2009,05,14,22.5,1,Y
IDCJAC0010,010917,2009,05,15,23.1,1,Y
IDCJAC0010,010917,2009,05,16,22.8,1,Y
IDCJAC0010,010917,2009,05,17,24.8,1,Y
IDCJAC0010,010917,2009,05,18,23.9,1,Y
IDCJAC0010,010917,2009,05,19,21.2,1,Y
IDCJAC0010,010917,2009,05,20,24.3,1,Y
IDCJAC0010,010917,2009,05,21,,,
IDCJAC0010,010917,2009,05,22,12.8,1,Y
IDCJAC0010,010917,2009,05,23,14.3,1,Y
IDCJAC0010,010917,2009,05,24,16.0,1,Y
IDCJAC0010,010917,2009,05,25,16.5,1,Y
IDCJAC0010,010917,2009,05,26,19.4,1,Y
IDCJAC0010,010917,2009,05,27,20.4,1,Y
IDCJAC0010,010917,2009,05,28,20.1,1,Y
IDCJAC0010,010917,2009,05,29,20.9,1,Y
IDCJAC0010,010917,2009,05,30,21.7,1,Y
IDCJAC0010,010917,2009,05,31,22.8,1,Y
IDCJAC0010,010917,2009,06,01,21.8,1,Y
IDCJAC0010,010917,2009,06,02,21.8,1,Y
IDCJAC0010,010917,2009,06,03,18.0,1,Y
IDCJAC0010,010917,2009,06,04,15.8,1,Y
IDCJAC0010,010917,2009,06,05,18.2,1,Y
IDCJAC0010,010917,2009,06,06,17.7,1,Y
IDCJAC0010,010917,2009,06,07,16.4,1,Y
IDCJAC0010,010917,2009,06,08,17.6,1,Y
IDCJAC0010,010917,2009,06,09,19.2,1,Y
IDCJAC0010,010917,2009,06,10,21.1,1,Y
IDCJAC0010,010917,2009,06,11,14.0,1,Y
IDCJAC0010,010917,2009,06,12,14.5,1,Y
IDCJAC0010,010917,2009,06,13,14.7,1,Y
IDCJAC0010,010917,2009,06,14,18.4,1,Y
IDCJAC0010,010917,2009,06,15,18.9,1,Y
IDCJAC0010,010917,2009,06,16,19.0,1,Y
IDCJAC0010,010917,2009,06,17,19.4,1,Y
IDCJAC0010,010917,2009,06,18,18.1,1,Y
IDCJAC0010,010917,2009,06,19,14.2,1,Y
IDCJAC0010,010917,2009,06,20,15.1,1,Y
IDCJAC0010,010917,2009,06,21,13.1,1,Y
IDCJAC0010,010917,2009,06,22,12.8,1,Y
IDCJAC0010,010917,2009,06,23,11.6,1,Y
IDCJAC0010,010917,2009,06,24,15.1,1,Y
IDCJAC0010,010917,2009,06,25,16.8,1,Y
IDCJAC0010,010917,2009,06,26,14.7,1,Y
IDCJAC0010,010917,2009,06,27,15.4,1,Y
IDCJAC0010,010917,2009,06,28,15.8,1,Y
IDCJAC0010,010917,2009,06,29,13.2,1,Y
IDCJAC0010,010917,2009,06,30,13.4,1,Y
IDCJAC0010,010917,2009,07,01,16.3,1,Y
IDCJAC0010,010917,2009,07,02,12.9,1,Y
IDCJAC0010,010917,2009,07,03,13.8,1,Y
IDCJAC0010,010917,2009,07,04,14.6,1,Y
IDCJAC0010,010917,2009,07,05,17.3,1,Y
IDCJAC0010,010917,2009,07,06,16.0,1,Y
IDCJAC0010,010917,2009,07,07,15.2,1,Y
IDCJAC0010,010917,2009,07,08,16.2,1,Y
IDCJAC0010,010917,2009,07,09,17.3,1,Y
IDCJAC0010,010917,2009,07,10,15.1,1,Y
IDCJAC0010,010917,2009,07,11,14.9,1,Y
IDCJAC0010,010917,2009,07,12,13.8,1,Y
IDCJAC0010,010917,2009,07,13,13.9,1,Y
IDCJAC0010,010917,2009,07,14,13.9,1,Y
IDCJAC0010,010917,2009,07,15,17.9,1,Y
IDCJAC0010,010917,2009,07,16,14.0,1,Y
IDCJAC0010,010917,2009,07,17,15.9,1,Y
IDCJAC0010,010917,2009,07,18,16.7,1,Y
IDCJAC0010,010917,2009,07,19,13.0,1,Y
IDCJAC0010,010917,2009,07,20,11.5,1,Y
IDCJAC0010,010917,2009,07,21,,,
IDCJAC0010,010917,2009,07,22,13.7,1,Y
IDCJAC0010,010917,2009,07,23,13.6,1,Y
IDCJAC0010,010917,2009,07,24,13.1,1,Y
IDCJAC0010,010917,2009,07,25,11.9,1,Y
IDCJAC0010,010917,2009,07,26,13.3,1,Y
IDCJAC0010,010917,2009,07,27,13.4,1,Y
IDCJAC0010,010917,2009,07,28,14.0,1,Y
IDCJAC0010,010917,2009,07,29,,,
IDCJAC0010,010917,2009,07,30,,,
IDCJAC0010,010917,2009,07,31,20.4,1,Y
IDCJAC0010,010917,2009,08,01,19.8,1,Y
IDCJAC0010,010917,2009,08,02,16.3,1,Y
IDCJAC0010,010917,2009,08,03,18.4,1,Y
IDCJAC0010,010917,2009,08,04,18.9,1,Y
IDCJAC0010,010917,2009,08,05,17.6,1,Y
IDCJAC0010,010917,2009,08,06,16.6,1,Y
IDCJAC0010,010917,2009,08,07,19.6,1,Y
IDCJAC0010,010917,2009,08,08,19.3,1,Y
IDCJAC0010,010917,2009,08,09,15.9,1,Y
IDCJAC0010,010917,2009,08,10,19.2,1,Y
IDCJAC0010,010917,2009,08,11,15.3,1,Y
IDCJAC0010,010917,2009,08,12,17.2,1,Y
IDCJAC0010,010917,2009,08,13,17.1,1,Y
IDCJAC0010,010917,2009,08,14,16.6,1,Y
IDCJAC0010,010917,2009,08,15,11.6,1,Y
IDCJAC0010,010917,2009,08,16,16.1,1,Y
IDCJAC0010,010917,2009,08,17,18.0,1,Y
IDCJAC0010,010917,2009,08,18,17.7,1,Y
IDCJAC0010,010917,2009,08,19,17.5,1,Y
IDCJAC0010,010917,2009,08,20,16.7,1,Y
IDCJAC0010,010917,2009,08,21,14.4,1,Y
IDCJAC0010,010917,2009,08,22,15.6,1,Y
IDCJAC0010,010917,2009,08,23,13.7,1,Y
IDCJAC0010,010917,2009,08,24,16.1,1,Y
IDCJAC0010,010917,2009,08,25,15.7,1,Y
IDCJAC0010,010917,2009,08,26,18.7,1,Y
IDCJAC0010,010917,2009,08,27,15.3,1,Y
IDCJAC0010,010917,2009,08,28,11.8,1,Y
IDCJAC0010,010917,2009,08,29,14.5,1,Y
IDCJAC0010,010917,2009,08,30,15.7,1,Y
IDCJAC0010,010917,2009,08,31,16.8,1,Y
IDCJAC0010,010917,2009,09,01,17.1,1,Y
IDCJAC0010,010917,2009,09,02,14.5,1,Y
IDCJAC0010,010917,2009,09,03,14.2,1,Y
IDCJAC0010,010917,2009,09,04,19.5,1,Y
IDCJAC0010,010917,2009,09,05,13.8,1,Y
IDCJAC0010,010917,2009,09,06,17.3,1,Y
IDCJAC0010,010917,2009,09,07,18.2,1,Y
IDCJAC0010,010917,2009,09,08,17.3,1,Y
IDCJAC0010,010917,2009,09,09,17.8,1,Y
IDCJAC0010,010917,2009,09,10,16.9,1,Y
IDCJAC0010,010917,2009,09,11,15.7,1,Y
IDCJAC0010,010917,2009,09,12,14.0,1,Y
IDCJAC0010,010917,2009,09,13,17.1,1,Y
IDCJAC0010,010917,2009,09,14,17.6,1,Y
IDCJAC0010,010917,2009,09,15,16.3,1,Y
IDCJAC0010,010917,2009,09,16,17.2,1,Y
IDCJAC0010,010917,2009,09,17,16.8,1,Y
IDCJAC0010,010917,2009,09,18,15.6,1,Y
IDCJAC0010,010917,2009,09,19,17.0,1,Y
IDCJAC0010,010917,2009,09,20,16.1,1,Y
IDCJAC0010,010917,2009,09,21,12.6,1,Y
IDCJAC0010,010917,2009,09,22,16.8,1,Y
IDCJAC0010,010917,2009,09,23,19.7,1,Y
IDCJAC0010,010917,2009,09,24,17.2,1,Y
IDCJAC0010,010917,2009,09,25,14.5,1,Y
IDCJAC0010,010917,2009,09,26,16.3,1,Y
IDCJAC0010,010917,2009,09,27,23.7,1,Y
IDCJAC0010,010917,2009,09,28,16.2,1,Y
IDCJAC0010,010917,2009,09,29,13.7,1,Y
IDCJAC0010,010917,2009,09,30,14.1,1,Y
IDCJAC0010,010917,2009,10,01,18.0,1,Y
IDCJAC0010,010917,2009,10,02,20.8,1,Y
IDCJAC0010,010917,2009,10,03,19.4,1,Y
IDCJAC0010,010917,2009,10,04,18.0,1,Y
IDCJAC0010,010917,2009,10,05,20.2,1,Y
IDCJAC0010,010917,2009,10,06,19.6,1,Y
IDCJAC0010,010917,2009,10,07,19.1,1,Y
IDCJAC0010,010917,2009,10,08,23.4,1,Y
IDCJAC0010,010917,2009,10,09,26.3,1,Y
IDCJAC0010,010917,2009,10,10,20.6,1,Y
IDCJAC0010,010917,2009,10,11,16.0,1,Y
IDCJAC0010,010917,2009,10,12,19.3,1,Y
IDCJAC0010,010917,2009,10,13,20.2,1,Y
IDCJAC0010,010917,2009,10,14,19.7,1,Y
IDCJAC0010,010917,2009,10,15,22.4,1,Y
IDCJAC0010,010917,2009,10,16,26.5,1,Y
IDCJAC0010,010917,2009,10,17,32.5,1,Y
IDCJAC0010,010917,2009,10,18,29.5,1,Y
IDCJAC0010,010917,2009,10,19,23.6,1,Y
IDCJAC0010,010917,2009,10,20,20.2,1,Y
IDCJAC0010,010917,2009,10,21,24.7,1,Y
IDCJAC0010,010917,2009,10,22,23.4,1,Y
IDCJAC0010,010917,2009,10,23,21.0,1,Y
IDCJAC0010,010917,2009,10,24,21.2,1,Y
IDCJAC0010,010917,2009,10,25,30.1,1,Y
IDCJAC0010,010917,2009,10,26,26.6,1,Y
IDCJAC0010,010917,2009,10,27,28.4,1,Y
IDCJAC0010,010917,2009,10,28,22.3,1,Y
IDCJAC0010,010917,2009,10,29,22.5,1,Y
IDCJAC0010,010917,2009,10,30,26.9,1,Y
IDCJAC0010,010917,2009,10,31,23.3,1,Y
IDCJAC0010,010917,2009,11,01,21.7,1,Y
IDCJAC0010,010917,2009,11,02,24.0,1,Y
IDCJAC0010,010917,2009,11,03,27.9,1,Y
IDCJAC0010,010917,2009,11,04,30.6,1,Y
IDCJAC0010,010917,2009,11,05,30.9,1,Y
IDCJAC0010,010917,2009,11,06,32.2,1,Y
IDCJAC0010,010917,2009,11,07,24.5,1,Y
IDCJAC0010,010917,2009,11,08,25.2,1,Y
IDCJAC0010,010917,2009,11,09,30.8,1,Y
IDCJAC0010,010917,2009,11,10,36.8,1,Y
IDCJAC0010,010917,2009,11,11,36.6,1,Y
IDCJAC0010,010917,2009,11,12,26.5,1,Y
IDCJAC0010,010917,2009,11,13,27.8,1,Y
IDCJAC0010,010917,2009,11,14,24.8,1,Y
IDCJAC0010,010917,2009,11,15,33.2,1,Y
IDCJAC0010,010917,2009,11,16,27.1,1,Y
IDCJAC0010,010917,2009,11,17,23.2,1,Y
IDCJAC0010,010917,2009,11,18,19.1,1,Y
IDCJAC0010,010917,2009,11,19,20.4,1,Y
IDCJAC0010,010917,2009,11,20,21.3,1,Y
IDCJAC0010,010917,2009,11,21,23.4,1,Y
IDCJAC0010,010917,2009,11,22,28.0,1,Y
IDCJAC0010,010917,2009,11,23,34.1,1,Y
IDCJAC0010,010917,2009,11,24,36.6,1,Y
IDCJAC0010,010917,2009,11,25,25.9,1,Y
IDCJAC0010,010917,2009,11,26,22.7,1,Y
IDCJAC0010,010917,2009,11,27,25.3,1,Y
IDCJAC0010,010917,2009,11,28,30.3,1,Y
IDCJAC0010,010917,2009,11,29,34.2,1,Y
IDCJAC0010,010917,2009,11,30,32.2,1,Y
IDCJAC0010,010917,2009,12,01,26.3,1,Y
IDCJAC0010,010917,2009,12,02,25.0,1,Y
IDCJAC0010,010917,2009,12,03,28.8,1,Y
IDCJAC0010,010917,2009,12,04,35.8,1,Y
IDCJAC0010,010917,2009,12,05,38.9,1,Y
IDCJAC0010,010917,2009,12,06,32.0,1,Y
IDCJAC0010,010917,2009,12,07,27.5,1,Y
IDCJAC0010,010917,2009,12,08,29.0,1,Y
IDCJAC0010,010917,2009,12,09,27.5,1,Y
IDCJAC0010,010917,2009,12,10,27.8,1,Y
IDCJAC0010,010917,2009,12,11,31.4,1,Y
IDCJAC0010,010917,2009,12,12,35.9,1,Y
IDCJAC0010,010917,2009,12,13,40.0,1,Y
IDCJAC0010,010917,2009,12,14,37.6,1,Y
IDCJAC0010,010917,2009,12,15,30.8,1,Y
IDCJAC0010,010917,2009,12,16,24.2,1,Y
IDCJAC0010,010917,2009,12,17,27.1,1,Y
IDCJAC0010,010917,2009,12,18,32.8,1,Y
IDCJAC0010,010917,2009,12,19,36.8,1,Y
IDCJAC0010,010917,2009,12,20,37.7,1,Y
IDCJAC0010,010917,2009,12,21,34.6,1,Y
IDCJAC0010,010917,2009,12,22,35.2,1,Y
IDCJAC0010,010917,2009,12,23,28.3,1,Y
IDCJAC0010,010917,2009,12,24,31.6,1,Y
IDCJAC0010,010917,2009,12,25,35.4,1,Y
IDCJAC0010,010917,2009,12,26,38.5,1,Y
IDCJAC0010,010917,2009,12,27,34.7,1,Y
IDCJAC0010,010917,2009,12,28,39.1,1,Y
IDCJAC0010,010917,2009,12,29,39.7,1,Y
IDCJAC0010,010917,2009,12,30,27.4,1,Y
IDCJAC0010,010917,2009,12,31,29.7,1,Y
IDCJAC0010,010917,2010,01,01,30.3,1,Y
IDCJAC0010,010917,2010,01,02,34.4,1,Y
IDCJAC0010,010917,2010,01,03,39.5,1,Y
IDCJAC0010,010917,2010,01,04,32.7,1,Y
IDCJAC0010,010917,2010,01,05,38.1,1,Y
IDCJAC0010,010917,2010,01,06,39.8,1,Y
IDCJAC0010,010917,2010,01,07,33.6,1,Y
IDCJAC0010,010917,2010,01,08,,,
IDCJAC0010,010917,2010,01,09,38.5,1,Y
IDCJAC0010,010917,2010,01,10,29.7,1,Y
IDCJAC0010,010917,2010,01,11,26.6,1,Y
IDCJAC0010,010917,2010,01,12,29.6,1,Y
IDCJAC0010,010917,2010,01,13,36.0,1,Y
IDCJAC0010,010917,2010,01,14,40.1,1,Y
IDCJAC0010,010917,2010,01,15,32.9,1,Y
IDCJAC0010,010917,2010,01,16,32.9,1,Y
IDCJAC0010,010917,2010,01,17,40.1,1,Y
IDCJAC0010,010917,2010,01,18,43.6,1,Y
IDCJAC0010,010917,2010,01,19,42.1,1,Y
IDCJAC0010,010917,2010,01,20,30.2,1,Y
IDCJAC0010,010917,2010,01,21,29.0,1,Y
IDCJAC0010,010917,2010,01,22,31.2,1,Y
IDCJAC0010,010917,2010,01,23,37.2,1,Y
IDCJAC0010,010917,2010,01,24,38.5,1,Y
IDCJAC0010,010917,2010,01,25,29.8,1,Y
IDCJAC0010,010917,2010,01,26,31.8,1,Y
IDCJAC0010,010917,2010,01,27,33.6,1,Y
IDCJAC0010,010917,2010,01,28,34.3,1,Y
IDCJAC0010,010917,2010,01,29,38.1,1,Y
IDCJAC0010,010917,2010,01,30,33.4,1,Y
IDCJAC0010,010917,2010,01,31,29.1,1,Y
IDCJAC0010,010917,2010,02,01,37.4,1,Y
IDCJAC0010,010917,2010,02,02,31.2,1,Y
IDCJAC0010,010917,2010,02,03,25.1,1,Y
IDCJAC0010,010917,2010,02,04,27.1,1,Y
IDCJAC0010,010917,2010,02,05,33.8,1,Y
IDCJAC0010,010917,2010,02,06,28.3,1,Y
IDCJAC0010,010917,2010,02,07,31.2,1,Y
IDCJAC0010,010917,2010,02,08,37.9,1,Y
IDCJAC0010,010917,2010,02,09,41.3,1,Y
IDCJAC0010,010917,2010,02,10,35.6,1,Y
IDCJAC0010,010917,2010,02,11,35.6,1,Y
IDCJAC0010,010917,2010,02,12,32.8,1,Y
IDCJAC0010,010917,2010,02,13,32.4,1,Y
IDCJAC0010,010917,2010,02,14,36.6,1,Y
IDCJAC0010,010917,2010,02,15,39.9,1,Y
IDCJAC0010,010917,2010,02,16,31.5,1,Y
IDCJAC0010,010917,2010,02,17,33.3,1,Y
IDCJAC0010,010917,2010,02,18,40.5,1,Y
IDCJAC0010,010917,2010,02,19,33.2,1,Y
IDCJAC0010,010917,2010,02,20,33.1,1,Y
IDCJAC0010,010917,2010,02,21,29.7,1,Y
IDCJAC0010,010917,2010,02,22,32.2,1,Y
IDCJAC0010,010917,2010,02,23,34.4,1,Y
IDCJAC0010,010917,2010,02,24,36.8,1,Y
IDCJAC0010,010917,2010,02,25,39.1,1,Y
IDCJAC0010,010917,2010,02,26,31.8,1,Y
IDCJAC0010,010917,2010,02,27,34.8,1,Y
IDCJAC0010,010917,2010,02,28,33.5,1,Y
IDCJAC0010,010917,2010,03,01,36.8,1,Y
IDCJAC0010,010917,2010,03,02,39.4,1,Y
IDCJAC0010,010917,2010,03,03,32.2,1,Y
IDCJAC0010,010917,2010,03,04,26.7,1,Y
IDCJAC0010,010917,2010,03,05,24.4,1,Y
IDCJAC0010,010917,2010,03,06,26.9,1,Y
IDCJAC0010,010917,2010,03,07,29.8,1,Y
IDCJAC0010,010917,2010,03,08,28.6,1,Y
IDCJAC0010,010917,2010,03,09,29.5,1,Y
IDCJAC0010,010917,2010,03,10,30.9,1,Y
IDCJAC0010,010917,2010,03,11,36.1,1,Y
IDCJAC0010,010917,2010,03,12,38.0,1,Y
IDCJAC0010,010917,2010,03,13,34.8,1,Y
IDCJAC0010,010917,2010,03,14,31.8,1,Y
IDCJAC0010,010917,2010,03,15,30.7,1,Y
IDCJAC0010,010917,2010,03,16,24.6,1,Y
IDCJAC0010,010917,2010,03,17,27.4,1,Y
IDCJAC0010,010917,2010,03,18,30.3,1,Y
IDCJAC0010,010917,2010,03,19,24.9,1,Y
IDCJAC0010,010917,2010,03,20,29.3,1,Y
IDCJAC0010,010917,2010,03,21,29.2,1,Y
IDCJAC0010,010917,2010,03,22,29.5,1,Y
IDCJAC0010,010917,2010,03,23,,,
IDCJAC0010,010917,2010,03,24,,,
IDCJAC0010,010917,2010,03,25,,,
IDCJAC0010,010917,2010,03,26,,,
IDCJAC0010,010917,2010,03,27,26.9,1,Y
IDCJAC0010,010917,2010,03,28,24.2,1,Y
IDCJAC0010,010917,2010,03,29,,,
IDCJAC0010,010917,2010,03,30,,,
IDCJAC0010,010917,2010,03,31,24.5,1,Y
IDCJAC0010,010917,2010,04,01,27.5,1,Y
IDCJAC0010,010917,2010,04,02,29.0,1,Y
IDCJAC0010,010917,2010,04,03,23.4,1,Y
IDCJAC0010,010917,2010,04,04,22.1,1,Y
IDCJAC0010,010917,2010,04,05,22.4,1,Y
IDCJAC0010,010917,2010,04,06,23.6,1,Y
IDCJAC0010,010917,2010,04,07,27.7,1,Y
IDCJAC0010,010917,2010,04,08,28.1,1,Y
IDCJAC0010,010917,2010,04,09,23.7,1,Y
IDCJAC0010,010917,2010,04,10,21.6,1,Y
IDCJAC0010,010917,2010,04,11,27.8,1,Y
IDCJAC0010,010917,2010,04,12,16.5,1,Y
IDCJAC0010,010917,2010,04,13,23.1,1,Y
IDCJAC0010,010917,2010,04,14,23.5,1,Y
IDCJAC0010,010917,2010,04,15,21.5,1,Y
IDCJAC0010,010917,2010,04,16,24.1,1,Y
IDCJAC0010,010917,2010,04,17,24.3,1,Y
IDCJAC0010,010917,2010,04,18,30.7,1,Y
IDCJAC0010,010917,2010,04,19,31.9,1,Y
IDCJAC0010,010917,2010,04,20,,,
IDCJAC0010,010917,2010,04,21,,,
IDCJAC0010,010917,2010,04,22,,,
IDCJAC0010,010917,2010,04,23,21.7,1,Y
IDCJAC0010,010917,2010,04,24,22.4,1,Y
IDCJAC0010,010917,2010,04,25,26.5,1,Y
IDCJAC0010,010917,2010,04,26,22.2,1,Y
IDCJAC0010,010917,2010,04,27,24.9,1,Y
IDCJAC0010,010917,2010,04,28,28.0,1,Y
IDCJAC0010,010917,2010,04,29,31.3,1,Y
IDCJAC0010,010917,2010,04,30,23.9,1,Y
IDCJAC0010,010917,2010,05,01,20.8,1,Y
IDCJAC0010,010917,2010,05,02,22.9,1,Y
IDCJAC0010,010917,2010,05,03,22.0,1,Y
IDCJAC0010,010917,2010,05,04,19.7,1,Y
IDCJAC0010,010917,2010,05,05,23.3,1,Y
IDCJAC0010,010917,2010,05,06,25.5,1,Y
IDCJAC0010,010917,2010,05,07,27.3,1,Y
IDCJAC0010,010917,2010,05,08,29.8,1,Y
IDCJAC0010,010917,2010,05,09,20.4,1,Y
IDCJAC0010,010917,2010,05,10,17.6,1,Y
IDCJAC0010,010917,2010,05,11,19.8,1,Y
IDCJAC0010,010917,2010,05,12,24.4,1,Y
IDCJAC0010,010917,2010,05,13,11.9,1,Y
IDCJAC0010,010917,2010,05,14,16.4,1,Y
IDCJAC0010,010917,2010,05,15,16.3,1,Y
IDCJAC0010,010917,2010,05,16,17.9,1,Y
IDCJAC0010,010917,2010,05,17,19.9,1,Y
IDCJAC0010,010917,2010,05,18,24.6,1,Y
IDCJAC0010,010917,2010,05,19,23.5,1,Y
IDCJAC0010,010917,2010,05,20,25.5,1,Y
IDCJAC0010,010917,2010,05,21,22.2,1,Y
IDCJAC0010,010917,2010,05,22,17.5,1,Y
IDCJAC0010,010917,2010,05,23,15.7,1,Y
IDCJAC0010,010917,2010,05,24,17.3,1,Y
IDCJAC0010,010917,2010,05,25,16.1,1,Y
IDCJAC0010,010917,2010,05,26,20.5,1,Y
IDCJAC0010,010917,2010,05,27,17.5,1,Y
IDCJAC0010,010917,2010,05,28,18.3,1,Y
IDCJAC0010,010917,2010,05,29,18.3,1,Y
IDCJAC0010,010917,2010,05,30,21.6,1,Y
IDCJAC0010,010917,2010,05,31,19.6,1,Y
IDCJAC0010,010917,2010,06,01,16.7,1,Y
IDCJAC0010,010917,2010,06,02,19.6,1,Y
IDCJAC0010,010917,2010,06,03,19.2,1,Y
IDCJAC0010,010917,2010,06,04,19.4,1,Y
IDCJAC0010,010917,2010,06,05,18.7,1,Y
IDCJAC0010,010917,2010,06,06,19.4,1,Y
IDCJAC0010,010917,2010,06,07,18.5,1,Y
IDCJAC0010,010917,2010,06,08,14.5,1,Y
IDCJAC0010,010917,2010,06,09,15.0,1,Y
IDCJAC0010,010917,2010,06,10,16.4,1,Y
IDCJAC0010,010917,2010,06,11,17.6,1,Y
IDCJAC0010,010917,2010,06,12,20.2,1,Y
IDCJAC0010,010917,2010,06,13,21.2,1,Y
IDCJAC0010,010917,2010,06,14,17.7,1,Y
IDCJAC0010,010917,2010,06,15,13.6,1,Y
IDCJAC0010,010917,2010,06,16,16.2,1,Y
IDCJAC0010,010917,2010,06,17,16.7,1,Y
IDCJAC0010,010917,2010,06,18,19.0,1,Y
IDCJAC0010,010917,2010,06,19,18.5,1,Y
IDCJAC0010,010917,2010,06,20,18.5,1,Y
IDCJAC0010,010917,2010,06,21,18.3,1,Y
IDCJAC0010,010917,2010,06,22,18.1,1,Y
IDCJAC0010,010917,2010,06,23,14.0,1,Y
IDCJAC0010,010917,2010,06,24,12.1,1,Y
IDCJAC0010,010917,2010,06,25,14.1,1,Y
IDCJAC0010,010917,2010,06,26,15.1,1,Y
IDCJAC0010,010917,2010,06,27,16.4,1,Y
IDCJAC0010,010917,2010,06,28,13.2,1,Y
IDCJAC0010,010917,2010,06,29,14.1,1,Y
IDCJAC0010,010917,2010,06,30,14.0,1,Y
IDCJAC0010,010917,2010,07,01,15.5,1,Y
IDCJAC0010,010917,2010,07,02,13.6,1,Y
IDCJAC0010,010917,2010,07,03,12.7,1,Y
IDCJAC0010,010917,2010,07,04,12.8,1,Y
IDCJAC0010,010917,2010,07,05,14.2,1,Y
IDCJAC0010,010917,2010,07,06,13.9,1,Y
IDCJAC0010,010917,2010,07,07,17.9,1,Y
IDCJAC0010,010917,2010,07,08,16.4,1,Y
IDCJAC0010,010917,2010,07,09,11.8,1,Y
IDCJAC0010,010917,2010,07,10,14.9,1,Y
IDCJAC0010,010917,2010,07,11,16.0,1,Y
IDCJAC0010,010917,2010,07,12,11.1,1,Y
IDCJAC0010,010917,2010,07,13,15.9,1,Y
IDCJAC0010,010917,2010,07,14,16.0,1,Y
IDCJAC0010,010917,2010,07,15,17.5,1,Y
IDCJAC0010,010917,2010,07,16,18.4,1,Y
IDCJAC0010,010917,2010,07,17,15.0,1,Y
IDCJAC0010,010917,2010,07,18,16.1,1,Y
IDCJAC0010,010917,2010,07,19,14.3,1,Y
IDCJAC0010,010917,2010,07,20,14.7,1,Y
IDCJAC0010,010917,2010,07,21,16.9,1,Y
IDCJAC0010,010917,2010,07,22,16.4,1,Y
IDCJAC0010,010917,2010,07,23,17.1,1,Y
IDCJAC0010,010917,2010,07,24,15.8,1,Y
IDCJAC0010,010917,2010,07,25,20.2,1,Y
IDCJAC0010,010917,2010,07,26,17.6,1,Y
IDCJAC0010,010917,2010,07,27,16.7,1,Y
IDCJAC0010,010917,2010,07,28,15.9,1,Y
IDCJAC0010,010917,2010,07,29,15.5,1,Y
IDCJAC0010,010917,2010,07,30,15.3,1,Y
IDCJAC0010,010917,2010,07,31,18.0,1,Y
IDCJAC0010,010917,2010,08,01,18.0,1,Y
IDCJAC0010,010917,2010,08,02,21.7,1,Y
IDCJAC0010,010917,2010,08,03,20.5,1,Y
IDCJAC0010,010917,2010,08,04,20.1,1,Y
IDCJAC0010,010917,2010,08,05,20.4,1,Y
IDCJAC0010,010917,2010,08,06,14.5,1,Y
IDCJAC0010,010917,2010,08,07,15.7,1,Y
IDCJAC0010,010917,2010,08,08,14.2,1,Y
IDCJAC0010,010917,2010,08,09,15.1,1,Y
IDCJAC0010,010917,2010,08,10,17.4,1,Y
IDCJAC0010,010917,2010,08,11,19.0,1,Y
IDCJAC0010,010917,2010,08,12,15.0,1,Y
IDCJAC0010,010917,2010,08,13,15.8,1,Y
IDCJAC0010,010917,2010,08,14,16.0,1,Y
IDCJAC0010,010917,2010,08,15,17.1,1,Y
IDCJAC0010,010917,2010,08,16,16.0,1,Y
IDCJAC0010,010917,2010,08,17,17.3,1,Y
IDCJAC0010,010917,2010,08,18,13.6,1,Y
IDCJAC0010,010917,2010,08,19,14.9,1,Y
IDCJAC0010,010917,2010,08,20,14.6,1,Y
IDCJAC0010,010917,2010,08,21,15.8,1,Y
IDCJAC0010,010917,2010,08,22,14.5,1,Y
IDCJAC0010,010917,2010,08,23,17.4,1,Y
IDCJAC0010,010917,2010,08,24,12.1,1,Y
IDCJAC0010,010917,2010,08,25,14.2,1,Y
IDCJAC0010,010917,2010,08,26,14.3,1,Y
IDCJAC0010,010917,2010,08,27,17.9,1,Y
IDCJAC0010,010917,2010,08,28,22.9,1,Y
IDCJAC0010,010917,2010,08,29,20.8,1,Y
IDCJAC0010,010917,2010,08,30,16.6,1,Y
IDCJAC0010,010917,2010,08,31,16.3,1,Y
IDCJAC0010,010917,2010,09,01,14.4,1,Y
IDCJAC0010,010917,2010,09,02,,,
IDCJAC0010,010917,2010,09,03,17.8,1,Y
IDCJAC0010,010917,2010,09,04,18.6,1,Y
IDCJAC0010,010917,2010,09,05,19.9,1,Y
IDCJAC0010,010917,2010,09,06,20.7,1,Y
IDCJAC0010,010917,2010,09,07,19.0,1,Y
IDCJAC0010,010917,2010,09,08,14.5,1,Y
IDCJAC0010,010917,2010,09,09,15.6,1,Y
IDCJAC0010,010917,2010,09,10,17.6,1,Y
IDCJAC0010,010917,2010,09,11,16.4,1,Y
IDCJAC0010,010917,2010,09,12,13.8,1,Y
IDCJAC0010,010917,2010,09,13,14.8,1,Y
IDCJAC0010,010917,2010,09,14,17.7,1,Y
IDCJAC0010,010917,2010,09,15,19.2,1,Y
IDCJAC0010,010917,2010,09,16,20.4,1,Y
IDCJAC0010,010917,2010,09,17,17.9,1,Y
IDCJAC0010,010917,2010,09,18,16.0,1,Y
IDCJAC0010,010917,2010,09,19,19.7,1,Y
IDCJAC0010,010917,2010,09,20,20.8,1,Y
IDCJAC0010,010917,2010,09,21,22.6,1,Y
IDCJAC0010,010917,2010,09,22,24.1,1,Y
IDCJAC0010,010917,2010,09,23,27.2,1,Y
IDCJAC0010,010917,2010,09,24,25.4,1,Y
IDCJAC0010,010917,2010,09,25,25.5,1,Y
IDCJAC0010,010917,2010,09,26,22.4,1,Y
IDCJAC0010,010917,2010,09,27,19.6,1,Y
IDCJAC0010,010917,2010,09,28,23.4,1,Y
IDCJAC0010,010917,2010,09,29,26.4,1,Y
IDCJAC0010,010917,2010,09,30,24.1,1,Y
IDCJAC0010,010917,2010,10,01,26.0,1,Y
IDCJAC0010,010917,2010,10,02,20.7,1,Y
IDCJAC0010,010917,2010,10,03,21.0,1,Y
IDCJAC0010,010917,2010,10,04,23.8,1,Y
IDCJAC0010,010917,2010,10,05,22.1,1,Y
IDCJAC0010,010917,2010,10,06,21.1,1,Y
IDCJAC0010,010917,2010,10,07,25.3,1,Y
IDCJAC0010,010917,2010,10,08,29.1,1,Y
IDCJAC0010,010917,2010,10,09,30.9,1,Y
IDCJAC0010,010917,2010,10,10,21.3,1,Y
IDCJAC0010,010917,2010,10,11,17.8,1,Y
IDCJAC0010,010917,2010,10,12,22.6,1,Y
IDCJAC0010,010917,2010,10,13,25.4,1,Y
IDCJAC0010,010917,2010,10,14,18.9,1,Y
IDCJAC0010,010917,2010,10,15,21.0,1,Y
IDCJAC0010,010917,2010,10,16,23.9,1,Y
IDCJAC0010,010917,2010,10,17,27.5,1,Y
IDCJAC0010,010917,2010,10,18,,,
IDCJAC0010,010917,2010,10,19,,,
IDCJAC0010,010917,2010,10,20,,,
IDCJAC0010,010917,2010,10,21,17.9,1,Y
IDCJAC0010,010917,2010,10,22,21.6,1,Y
IDCJAC0010,010917,2010,10,23,24.6,1,Y
IDCJAC0010,010917,2010,10,24,27.4,1,Y
IDCJAC0010,010917,2010,10,25,28.2,1,Y
IDCJAC0010,010917,2010,10,26,32.0,1,Y
IDCJAC0010,010917,2010,10,27,26.7,1,Y
IDCJAC0010,010917,2010,10,28,19.9,1,Y
IDCJAC0010,010917,2010,10,29,20.0,1,Y
IDCJAC0010,010917,2010,10,30,22.8,1,Y
IDCJAC0010,010917,2010,10,31,26.1,1,Y
IDCJAC0010,010917,2010,11,01,28.5,1,Y
IDCJAC0010,010917,2010,11,02,31.7,1,Y
IDCJAC0010,010917,2010,11,03,35.2,1,Y
IDCJAC0010,010917,2010,11,04,30.1,1,Y
IDCJAC0010,010917,2010,11,05,22.5,1,Y
IDCJAC0010,010917,2010,11,06,24.9,1,Y
IDCJAC0010,010917,2010,11,07,25.4,1,Y
IDCJAC0010,010917,2010,11,08,31.7,1,Y
IDCJAC0010,010917,2010,11,09,27.8,1,Y
IDCJAC0010,010917,2010,11,10,22.7,1,Y
IDCJAC0010,010917,2010,11,11,22.7,1,Y
IDCJAC0010,010917,2010,11,12,19.5,1,Y
IDCJAC0010,010917,2010,11,13,24.2,1,Y
IDCJAC0010,010917,2010,11,14,25.2,1,Y
IDCJAC0010,010917,2010,11,15,26.5,1,Y
IDCJAC0010,010917,2010,11,16,29.8,1,Y
IDCJAC0010,010917,2010,11,17,33.6,1,Y
IDCJAC0010,010917,2010,11,18,35.3,1,Y
IDCJAC0010,010917,2010,11,19,37.5,1,Y
IDCJAC0010,010917,2010,11,20,36.3,1,Y
IDCJAC0010,010917,2010,11,21,32.1,1,Y
IDCJAC0010,010917,2010,11,22,26.4,1,Y
IDCJAC0010,010917,2010,11,23,26.5,1,Y
IDCJAC0010,010917,2010,11,24,29.7,1,Y
IDCJAC0010,010917,2010,11,25,31.7,1,Y
IDCJAC0010,010917,2010,11,26,26.5,1,Y
IDCJAC0010,010917,2010,11,27,29.7,1,Y
IDCJAC0010,010917,2010,11,28,33.6,1,Y
IDCJAC0010,010917,2010,11,29,35.1,1,Y
IDCJAC0010,010917,2010,11,30,36.8,1,Y
IDCJAC0010,010917,2010,12,01,26.9,1,Y
IDCJAC0010,010917,2010,12,02,26.4,1,Y
IDCJAC0010,010917,2010,12,03,22.6,1,Y
IDCJAC0010,010917,2010,12,04,22.7,1,Y
IDCJAC0010,010917,2010,12,05,24.5,1,Y
IDCJAC0010,010917,2010,12,06,23.5,1,Y
IDCJAC0010,010917,2010,12,07,23.8,1,Y
IDCJAC0010,010917,2010,12,08,24.1,1,Y
IDCJAC0010,010917,2010,12,09,25.1,1,Y
IDCJAC0010,010917,2010,12,10,27.5,1,Y
IDCJAC0010,010917,2010,12,11,29.9,1,Y
IDCJAC0010,010917,2010,12,12,36.1,1,Y
IDCJAC0010,010917,2010,12,13,32.3,1,Y
IDCJAC0010,010917,2010,12,14,27.4,1,Y
IDCJAC0010,010917,2010,12,15,28.9,1,Y
IDCJAC0010,010917,2010,12,16,30.7,1,Y
IDCJAC0010,010917,2010,12,17,29.0,1,Y
IDCJAC0010,010917,2010,12,18,28.4,1,Y
IDCJAC0010,010917,2010,12,19,29.4,1,Y
IDCJAC0010,010917,2010,12,20,24.2,1,Y
IDCJAC0010,010917,2010,12,21,32.7,1,Y
IDCJAC0010,010917,2010,12,22,31.4,1,Y
IDCJAC0010,010917,2010,12,23,30.5,1,Y
IDCJAC0010,010917,2010,12,24,39.1,1,Y
IDCJAC0010,010917,2010,12,25,36.9,1,Y
IDCJAC0010,010917,2010,12,26,32.1,1,Y
IDCJAC0010,010917,2010,12,27,39.8,1,Y
IDCJAC0010,010917,2010,12,28,31.9,1,Y
IDCJAC0010,010917,2010,12,29,33.1,1,Y
IDCJAC0010,010917,2010,12,30,36.9,1,Y
IDCJAC0010,010917,2010,12,31,34.1,1,Y
IDCJAC0010,010917,2011,01,01,33.3,1,Y
IDCJAC0010,010917,2011,01,02,37.6,1,Y
IDCJAC0010,010917,2011,01,03,35.6,1,Y
IDCJAC0010,010917,2011,01,04,38.6,1,Y
IDCJAC0010,010917,2011,01,05,34.3,1,Y
IDCJAC0010,010917,2011,01,06,27.8,1,Y
IDCJAC0010,010917,2011,01,07,26.9,1,Y
IDCJAC0010,010917,2011,01,08,30.8,1,Y
IDCJAC0010,010917,2011,01,09,35.2,1,Y
IDCJAC0010,010917,2011,01,10,33.8,1,Y
IDCJAC0010,010917,2011,01,11,32.5,1,Y
IDCJAC0010,010917,2011,01,12,34.5,1,Y
IDCJAC0010,010917,2011,01,13,39.8,1,Y
IDCJAC0010,010917,2011,01,14,27.3,1,Y
IDCJAC0010,010917,2011,01,15,29.7,1,Y
IDCJAC0010,010917,2011,01,16,34.2,1,Y
IDCJAC0010,010917,2011,01,17,38.0,1,Y
IDCJAC0010,010917,2011,01,18,33.6,1,Y
IDCJAC0010,010917,2011,01,19,36.8,1,Y
IDCJAC0010,010917,2011,01,20,29.6,1,Y
IDCJAC0010,010917,2011,01,21,34.1,1,Y
IDCJAC0010,010917,2011,01,22,39.4,1,Y
IDCJAC0010,010917,2011,01,23,21.5,1,Y
IDCJAC0010,010917,2011,01,24,17.8,1,Y
IDCJAC0010,010917,2011,01,25,26.3,1,Y
IDCJAC0010,010917,2011,01,26,32.7,1,Y
IDCJAC0010,010917,2011,01,27,36.8,1,Y
IDCJAC0010,010917,2011,01,28,42.4,1,Y
IDCJAC0010,010917,2011,01,29,39.4,1,Y
IDCJAC0010,010917,2011,01,30,37.8,1,Y
IDCJAC0010,010917,2011,01,31,24.5,1,Y
IDCJAC0010,010917,2011,02,01,29.7,1,Y
IDCJAC0010,010917,2011,02,02,32.4,1,Y
IDCJAC0010,010917,2011,02,03,35.8,1,Y
IDCJAC0010,010917,2011,02,04,32.7,1,Y
IDCJAC0010,010917,2011,02,05,25.5,1,Y
IDCJAC0010,010917,2011,02,06,27.5,1,Y
IDCJAC0010,010917,2011,02,07,29.4,1,Y
IDCJAC0010,010917,2011,02,08,27.5,1,Y
IDCJAC0010,010917,2011,02,09,33.1,1,Y
IDCJAC0010,010917,2011,02,10,30.3,1,Y
IDCJAC0010,010917,2011,02,11,29.1,1,Y
IDCJAC0010,010917,2011,02,12,28.0,1,Y
IDCJAC0010,010917,2011,02,13,30.3,1,Y
IDCJAC0010,010917,2011,02,14,30.7,1,Y
IDCJAC0010,010917,2011,02,15,36.5,1,Y
IDCJAC0010,010917,2011,02,16,34.6,1,Y
IDCJAC0010,010917,2011,02,17,29.8,1,Y
IDCJAC0010,010917,2011,02,18,31.8,1,Y
IDCJAC0010,010917,2011,02,19,32.4,1,Y
IDCJAC0010,010917,2011,02,20,27.8,1,Y
IDCJAC0010,010917,2011,02,21,33.8,1,Y
IDCJAC0010,010917,2011,02,22,33.7,1,Y
IDCJAC0010,010917,2011,02,23,32.8,1,Y
IDCJAC0010,010917,2011,02,24,34.5,1,Y
IDCJAC0010,010917,2011,02,25,38.2,1,Y
IDCJAC0010,010917,2011,02,26,40.0,1,Y
IDCJAC0010,010917,2011,02,27,38.1,1,Y
IDCJAC0010,010917,2011,02,28,34.6,1,Y
IDCJAC0010,010917,2011,03,01,31.8,1,Y
IDCJAC0010,010917,2011,03,02,30.9,1,Y
IDCJAC0010,010917,2011,03,03,31.3,1,Y
IDCJAC0010,010917,2011,03,04,35.4,1,Y
IDCJAC0010,010917,2011,03,05,31.3,1,Y
IDCJAC0010,010917,2011,03,06,28.9,1,Y
IDCJAC0010,010917,2011,03,07,27.9,1,Y
IDCJAC0010,010917,2011,03,08,30.0,1,Y
IDCJAC0010,010917,2011,03,09,33.1,1,Y
IDCJAC0010,010917,2011,03,10,37.3,1,Y
IDCJAC0010,010917,2011,03,11,28.5,1,Y
IDCJAC0010,010917,2011,03,12,25.6,1,Y
IDCJAC0010,010917,2011,03,13,27.2,1,Y
IDCJAC0010,010917,2011,03,14,32.4,1,Y
IDCJAC0010,010917,2011,03,15,32.2,1,Y
IDCJAC0010,010917,2011,03,16,30.3,1,Y
IDCJAC0010,010917,2011,03,17,30.4,1,Y
IDCJAC0010,010917,2011,03,18,32.0,1,Y
IDCJAC0010,010917,2011,03,19,30.6,1,Y
IDCJAC0010,010917,2011,03,20,26.5,1,Y
IDCJAC0010,010917,2011,03,21,28.0,1,Y
IDCJAC0010,010917,2011,03,22,32.5,1,Y
IDCJAC0010,010917,2011,03,23,34.2,1,Y
IDCJAC0010,010917,2011,03,24,32.4,1,Y
IDCJAC0010,010917,2011,03,25,33.8,1,Y
IDCJAC0010,010917,2011,03,26,32.9,1,Y
IDCJAC0010,010917,2011,03,27,32.6,1,Y
IDCJAC0010,010917,2011,03,28,32.7,1,Y
IDCJAC0010,010917,2011,03,29,29.1,1,Y
IDCJAC0010,010917,2011,03,30,29.2,1,Y
IDCJAC0010,010917,2011,03,31,29.7,1,Y
IDCJAC0010,010917,2011,04,01,28.5,1,Y
IDCJAC0010,010917,2011,04,02,27.4,1,Y
IDCJAC0010,010917,2011,04,03,28.8,1,Y
IDCJAC0010,010917,2011,04,04,31.1,1,Y
IDCJAC0010,010917,2011,04,05,33.6,1,Y
IDCJAC0010,010917,2011,04,06,34.1,1,Y
IDCJAC0010,010917,2011,04,07,22.3,1,Y
IDCJAC0010,010917,2011,04,08,20.8,1,Y
IDCJAC0010,010917,2011,04,09,22.6,1,Y
IDCJAC0010,010917,2011,04,10,25.5,1,Y
IDCJAC0010,010917,2011,04,11,24.0,1,Y
IDCJAC0010,010917,2011,04,12,24.8,1,Y
IDCJAC0010,010917,2011,04,13,24.0,1,Y
IDCJAC0010,010917,2011,04,14,24.5,1,Y
IDCJAC0010,010917,2011,04,15,28.2,1,Y
IDCJAC0010,010917,2011,04,16,32.7,1,Y
IDCJAC0010,010917,2011,04,17,26.0,1,Y
IDCJAC0010,010917,2011,04,18,22.1,1,Y
IDCJAC0010,010917,2011,04,19,22.8,1,Y
IDCJAC0010,010917,2011,04,20,23.1,1,Y
IDCJAC0010,010917,2011,04,21,25.5,1,Y
IDCJAC0010,010917,2011,04,22,28.1,1,Y
IDCJAC0010,010917,2011,04,23,29.6,1,Y
IDCJAC0010,010917,2011,04,24,25.3,1,Y
IDCJAC0010,010917,2011,04,25,24.7,1,Y
IDCJAC0010,010917,2011,04,26,26.2,1,Y
IDCJAC0010,010917,2011,04,27,20.5,1,Y
IDCJAC0010,010917,2011,04,28,19.5,1,Y
IDCJAC0010,010917,2011,04,29,20.7,1,Y
IDCJAC0010,010917,2011,04,30,21.8,1,Y
IDCJAC0010,010917,2011,05,01,23.1,1,Y
IDCJAC0010,010917,2011,05,02,22.9,1,Y
IDCJAC0010,010917,2011,05,03,24.2,1,Y
IDCJAC0010,010917,2011,05,04,24.6,1,Y
IDCJAC0010,010917,2011,05,05,24.6,1,Y
IDCJAC0010,010917,2011,05,06,20.3,1,Y
IDCJAC0010,010917,2011,05,07,22.3,1,Y
IDCJAC0010,010917,2011,05,08,26.5,1,Y
IDCJAC0010,010917,2011,05,09,23.3,1,Y
IDCJAC0010,010917,2011,05,10,22.4,1,Y
IDCJAC0010,010917,2011,05,11,20.4,1,Y
IDCJAC0010,010917,2011,05,12,20.8,1,Y
IDCJAC0010,010917,2011,05,13,20.2,1,Y
IDCJAC0010,010917,2011,05,14,19.9,1,Y
IDCJAC0010,010917,2011,05,15,19.4,1,Y
IDCJAC0010,010917,2011,05,16,21.8,1,Y
IDCJAC0010,010917,2011,05,17,22.9,1,Y
IDCJAC0010,010917,2011,05,18,19.7,1,Y
IDCJAC0010,010917,2011,05,19,22.2,1,Y
IDCJAC0010,010917,2011,05,20,17.0,1,Y
IDCJAC0010,010917,2011,05,21,15.1,1,Y
IDCJAC0010,010917,2011,05,22,18.2,1,Y
IDCJAC0010,010917,2011,05,23,17.2,1,Y
IDCJAC0010,010917,2011,05,24,18.3,1,Y
IDCJAC0010,010917,2011,05,25,16.7,1,Y
IDCJAC0010,010917,2011,05,26,17.2,1,Y
IDCJAC0010,010917,2011,05,27,19.2,1,Y
IDCJAC0010,010917,2011,05,28,23.1,1,Y
IDCJAC0010,010917,2011,05,29,25.0,1,Y
IDCJAC0010,010917,2011,05,30,20.1,1,Y
IDCJAC0010,010917,2011,05,31,19.8,1,Y
IDCJAC0010,010917,2011,06,01,19.3,1,Y
IDCJAC0010,010917,2011,06,02,17.1,1,Y
IDCJAC0010,010917,2011,06,03,15.6,1,Y
IDCJAC0010,010917,2011,06,04,14.7,1,Y
IDCJAC0010,010917,2011,06,05,15.9,1,Y
IDCJAC0010,010917,2011,06,06,16.4,1,Y
IDCJAC0010,010917,2011,06,07,15.5,1,Y
IDCJAC0010,010917,2011,06,08,17.8,1,Y
IDCJAC0010,010917,2011,06,09,17.3,1,Y
IDCJAC0010,010917,2011,06,10,17.4,1,Y
IDCJAC0010,010917,2011,06,11,16.9,1,Y
IDCJAC0010,010917,2011,06,12,17.4,1,Y
IDCJAC0010,010917,2011,06,13,15.2,1,Y
IDCJAC0010,010917,2011,06,14,12.9,1,Y
IDCJAC0010,010917,2011,06,15,16.3,1,Y
IDCJAC0010,010917,2011,06,16,17.8,1,Y
IDCJAC0010,010917,2011,06,17,17.3,1,Y
IDCJAC0010,010917,2011,06,18,18.1,1,Y
IDCJAC0010,010917,2011,06,19,18.0,1,Y
IDCJAC0010,010917,2011,06,20,18.7,1,Y
IDCJAC0010,010917,2011,06,21,17.5,1,Y
IDCJAC0010,010917,2011,06,22,18.3,1,Y
IDCJAC0010,010917,2011,06,23,18.8,1,Y
IDCJAC0010,010917,2011,06,24,20.8,1,Y
IDCJAC0010,010917,2011,06,25,16.9,1,Y
IDCJAC0010,010917,2011,06,26,17.9,1,Y
IDCJAC0010,010917,2011,06,27,20.2,1,Y
IDCJAC0010,010917,2011,06,28,13.8,1,Y
IDCJAC0010,010917,2011,06,29,14.9,1,Y
IDCJAC0010,010917,2011,06,30,15.3,1,Y
IDCJAC0010,010917,2011,07,01,15.6,1,Y
IDCJAC0010,010917,2011,07,02,13.2,1,Y
IDCJAC0010,010917,2011,07,03,13.2,1,Y
IDCJAC0010,010917,2011,07,04,12.8,1,Y
IDCJAC0010,010917,2011,07,05,13.5,1,Y
IDCJAC0010,010917,2011,07,06,14.1,1,Y
IDCJAC0010,010917,2011,07,07,11.8,1,Y
IDCJAC0010,010917,2011,07,08,13.8,1,Y
IDCJAC0010,010917,2011,07,09,13.6,1,Y
IDCJAC0010,010917,2011,07,10,11.9,1,Y
IDCJAC0010,010917,2011,07,11,9.9,1,Y
IDCJAC0010,010917,2011,07,12,12.5,1,Y
IDCJAC0010,010917,2011,07,13,16.8,1,Y
IDCJAC0010,010917,2011,07,14,18.1,1,Y
IDCJAC0010,010917,2011,07,15,16.8,1,Y
IDCJAC0010,010917,2011,07,16,14.8,1,Y
IDCJAC0010,010917,2011,07,17,15.0,1,Y
IDCJAC0010,010917,2011,07,18,15.7,1,Y
IDCJAC0010,010917,2011,07,19,15.1,1,Y
IDCJAC0010,010917,2011,07,20,16.2,1,Y
IDCJAC0010,010917,2011,07,21,16.8,1,Y
IDCJAC0010,010917,2011,07,22,16.7,1,Y
IDCJAC0010,010917,2011,07,23,14.8,1,Y
IDCJAC0010,010917,2011,07,24,18.6,1,Y
IDCJAC0010,010917,2011,07,25,16.1,1,Y
IDCJAC0010,010917,2011,07,26,18.2,1,Y
IDCJAC0010,010917,2011,07,27,19.2,1,Y
IDCJAC0010,010917,2011,07,28,17.9,1,Y
IDCJAC0010,010917,2011,07,29,17.1,1,Y
IDCJAC0010,010917,2011,07,30,17.5,1,Y
IDCJAC0010,010917,2011,07,31,17.8,1,Y
IDCJAC0010,010917,2011,08,01,18.0,1,Y
IDCJAC0010,010917,2011,08,02,18.3,1,Y
IDCJAC0010,010917,2011,08,03,14.4,1,Y
IDCJAC0010,010917,2011,08,04,14.3,1,Y
IDCJAC0010,010917,2011,08,05,13.1,1,Y
IDCJAC0010,010917,2011,08,06,15.8,1,Y
IDCJAC0010,010917,2011,08,07,19.1,1,Y
IDCJAC0010,010917,2011,08,08,16.9,1,Y
IDCJAC0010,010917,2011,08,09,16.2,1,Y
IDCJAC0010,010917,2011,08,10,16.1,1,Y
IDCJAC0010,010917,2011,08,11,15.7,1,Y
IDCJAC0010,010917,2011,08,12,17.4,1,Y
IDCJAC0010,010917,2011,08,13,21.2,1,Y
IDCJAC0010,010917,2011,08,14,16.3,1,Y
IDCJAC0010,010917,2011,08,15,17.5,1,Y
IDCJAC0010,010917,2011,08,16,14.9,1,Y
IDCJAC0010,010917,2011,08,17,15.7,1,Y
IDCJAC0010,010917,2011,08,18,16.6,1,Y
IDCJAC0010,010917,2011,08,19,19.2,1,Y
IDCJAC0010,010917,2011,08,20,21.6,1,Y
IDCJAC0010,010917,2011,08,21,25.0,1,Y
IDCJAC0010,010917,2011,08,22,16.6,1,Y
IDCJAC0010,010917,2011,08,23,18.3,1,Y
IDCJAC0010,010917,2011,08,24,16.4,1,Y
IDCJAC0010,010917,2011,08,25,15.7,1,Y
IDCJAC0010,010917,2011,08,26,16.5,1,Y
IDCJAC0010,010917,2011,08,27,18.5,1,Y
IDCJAC0010,010917,2011,08,28,18.2,1,Y
IDCJAC0010,010917,2011,08,29,19.6,1,Y
IDCJAC0010,010917,2011,08,30,17.7,1,Y
IDCJAC0010,010917,2011,08,31,18.3,1,Y
IDCJAC0010,010917,2011,09,01,20.6,1,Y
IDCJAC0010,010917,2011,09,02,15.8,1,Y
IDCJAC0010,010917,2011,09,03,15.3,1,Y
IDCJAC0010,010917,2011,09,04,18.3,1,Y
IDCJAC0010,010917,2011,09,05,17.4,1,Y
IDCJAC0010,010917,2011,09,06,16.4,1,Y
IDCJAC0010,010917,2011,09,07,15.6,1,Y
IDCJAC0010,010917,2011,09,08,16.3,1,Y
IDCJAC0010,010917,2011,09,09,17.1,1,Y
IDCJAC0010,010917,2011,09,10,17.7,1,Y
IDCJAC0010,010917,2011,09,11,20.9,1,Y
IDCJAC0010,010917,2011,09,12,23.8,1,Y
IDCJAC0010,010917,2011,09,13,19.2,1,Y
IDCJAC0010,010917,2011,09,14,21.6,1,Y
IDCJAC0010,010917,2011,09,15,19.2,1,Y
IDCJAC0010,010917,2011,09,16,19.7,1,Y
IDCJAC0010,010917,2011,09,17,18.5,1,Y
IDCJAC0010,010917,2011,09,18,14.8,1,Y
IDCJAC0010,010917,2011,09,19,16.9,1,Y
IDCJAC0010,010917,2011,09,20,19.2,1,Y
IDCJAC0010,010917,2011,09,21,15.5,1,Y
IDCJAC0010,010917,2011,09,22,14.4,1,Y
IDCJAC0010,010917,2011,09,23,17.1,1,Y
IDCJAC0010,010917,2011,09,24,21.1,1,Y
IDCJAC0010,010917,2011,09,25,20.6,1,Y
IDCJAC0010,010917,2011,09,26,15.3,1,Y
IDCJAC0010,010917,2011,09,27,12.3,1,Y
IDCJAC0010,010917,2011,09,28,17.6,1,Y
IDCJAC0010,010917,2011,09,29,18.4,1,Y
IDCJAC0010,010917,2011,09,30,19.0,1,Y
IDCJAC0010,010917,2011,10,01,23.4,1,Y
IDCJAC0010,010917,2011,10,02,19.1,1,Y
IDCJAC0010,010917,2011,10,03,19.9,1,Y
IDCJAC0010,010917,2011,10,04,18.9,1,Y
IDCJAC0010,010917,2011,10,05,21.3,1,Y
IDCJAC0010,010917,2011,10,06,22.2,1,Y
IDCJAC0010,010917,2011,10,07,22.9,1,Y
IDCJAC0010,010917,2011,10,08,22.7,1,Y
IDCJAC0010,010917,2011,10,09,21.2,1,Y
IDCJAC0010,010917,2011,10,10,22.0,1,Y
IDCJAC0010,010917,2011,10,11,25.1,1,Y
IDCJAC0010,010917,2011,10,12,20.9,1,Y
IDCJAC0010,010917,2011,10,13,19.3,1,Y
IDCJAC0010,010917,2011,10,14,21.3,1,Y
IDCJAC0010,010917,2011,10,15,23.9,1,Y
IDCJAC0010,010917,2011,10,16,32.1,1,Y
IDCJAC0010,010917,2011,10,17,22.6,1,Y
IDCJAC0010,010917,2011,10,18,19.8,1,Y
IDCJAC0010,010917,2011,10,19,17.8,1,Y
IDCJAC0010,010917,2011,10,20,21.8,1,Y
IDCJAC0010,010917,2011,10,21,26.7,1,Y
IDCJAC0010,010917,2011,10,22,24.6,1,Y
IDCJAC0010,010917,2011,10,23,19.8,1,Y
IDCJAC0010,010917,2011,10,24,18.3,1,Y
IDCJAC0010,010917,2011,10,25,16.4,1,Y
IDCJAC0010,010917,2011,10,26,19.9,1,Y
IDCJAC0010,010917,2011,10,27,23.4,1,Y
IDCJAC0010,010917,2011,10,28,20.5,1,Y
IDCJAC0010,010917,2011,10,29,21.0,1,Y
IDCJAC0010,010917,2011,10,30,22.7,1,Y
IDCJAC0010,010917,2011,10,31,25.7,1,Y
IDCJAC0010,010917,2011,11,01,27.4,1,Y
IDCJAC0010,010917,2011,11,02,30.3,1,Y
IDCJAC0010,010917,2011,11,03,28.3,1,Y
IDCJAC0010,010917,2011,11,04,22.7,1,Y
IDCJAC0010,010917,2011,11,05,19.9,1,Y
IDCJAC0010,010917,2011,11,06,20.9,1,Y
IDCJAC0010,010917,2011,11,07,21.9,1,Y
IDCJAC0010,010917,2011,11,08,17.9,1,Y
IDCJAC0010,010917,2011,11,09,20.9,1,Y
IDCJAC0010,010917,2011,11,10,23.7,1,Y
IDCJAC0010,010917,2011,11,11,25.3,1,Y
IDCJAC0010,010917,2011,11,12,24.3,1,Y
IDCJAC0010,010917,2011,11,13,23.3,1,Y
IDCJAC0010,010917,2011,11,14,23.7,1,Y
IDCJAC0010,010917,2011,11,15,24.7,1,Y
IDCJAC0010,010917,2011,11,16,26.3,1,Y
IDCJAC0010,010917,2011,11,17,23.0,1,Y
IDCJAC0010,010917,2011,11,18,21.9,1,Y
IDCJAC0010,010917,2011,11,19,23.4,1,Y
IDCJAC0010,010917,2011,11,20,26.6,1,Y
IDCJAC0010,010917,2011,11,21,27.4,1,Y
IDCJAC0010,010917,2011,11,22,29.7,1,Y
IDCJAC0010,010917,2011,11,23,33.7,1,Y
IDCJAC0010,010917,2011,11,24,35.1,1,Y
IDCJAC0010,010917,2011,11,25,32.6,1,Y
IDCJAC0010,010917,2011,11,26,23.2,1,Y
IDCJAC0010,010917,2011,11,27,23.7,1,Y
IDCJAC0010,010917,2011,11,28,22.7,1,Y
IDCJAC0010,010917,2011,11,29,22.7,1,Y
IDCJAC0010,010917,2011,11,30,25.7,1,Y
IDCJAC0010,010917,2011,12,01,29.8,1,Y
IDCJAC0010,010917,2011,12,02,31.2,1,Y
IDCJAC0010,010917,2011,12,03,33.6,1,Y
IDCJAC0010,010917,2011,12,04,34.8,1,Y
IDCJAC0010,010917,2011,12,05,32.9,1,Y
IDCJAC0010,010917,2011,12,06,21.7,1,Y
IDCJAC0010,010917,2011,12,07,25.3,1,Y
IDCJAC0010,010917,2011,12,08,24.8,1,Y
IDCJAC0010,010917,2011,12,09,24.8,1,Y
IDCJAC0010,010917,2011,12,10,28.5,1,Y
IDCJAC0010,010917,2011,12,11,30.9,1,Y
IDCJAC0010,010917,2011,12,12,22.0,1,Y
IDCJAC0010,010917,2011,12,13,19.1,1,Y
IDCJAC0010,010917,2011,12,14,22.8,1,Y
IDCJAC0010,010917,2011,12,15,23.3,1,Y
IDCJAC0010,010917,2011,12,16,25.0,1,Y
IDCJAC0010,010917,2011,12,17,29.1,1,Y
IDCJAC0010,010917,2011,12,18,26.8,1,Y
IDCJAC0010,010917,2011,12,19,26.0,1,Y
IDCJAC0010,010917,2011,12,20,31.1,1,Y
IDCJAC0010,010917,2011,12,21,35.6,1,Y
IDCJAC0010,010917,2011,12,22,33.5,1,Y
IDCJAC0010,010917,2011,12,23,29.5,1,Y
IDCJAC0010,010917,2011,12,24,28.1,1,Y
IDCJAC0010,010917,2011,12,25,28.5,1,Y
IDCJAC0010,010917,2011,12,26,29.8,1,Y
IDCJAC0010,010917,2011,12,27,33.1,1,Y
IDCJAC0010,010917,2011,12,28,36.1,1,Y
IDCJAC0010,010917,2011,12,29,38.9,1,Y
IDCJAC0010,010917,2011,12,30,36.9,1,Y
IDCJAC0010,010917,2011,12,31,29.7,1,Y
IDCJAC0010,010917,2012,01,01,25.0,1,Y
IDCJAC0010,010917,2012,01,02,27.2,1,Y
IDCJAC0010,010917,2012,01,03,29.3,1,Y
IDCJAC0010,010917,2012,01,04,26.9,1,Y
IDCJAC0010,010917,2012,01,05,30.6,1,Y
IDCJAC0010,010917,2012,01,06,25.3,1,Y
IDCJAC0010,010917,2012,01,07,24.8,1,Y
IDCJAC0010,010917,2012,01,08,25.6,1,Y
IDCJAC0010,010917,2012,01,09,29.5,1,Y
IDCJAC0010,010917,2012,01,10,30.9,1,Y
IDCJAC0010,010917,2012,01,11,32.9,1,Y
IDCJAC0010,010917,2012,01,12,34.2,1,Y
IDCJAC0010,010917,2012,01,13,33.3,1,Y
IDCJAC0010,010917,2012,01,14,31.0,1,Y
IDCJAC0010,010917,2012,01,15,33.4,1,Y
IDCJAC0010,010917,2012,01,16,28.0,1,Y
IDCJAC0010,010917,2012,01,17,29.7,1,Y
IDCJAC0010,010917,2012,01,18,35.0,1,Y
IDCJAC0010,010917,2012,01,19,35.8,1,Y
IDCJAC0010,010917,2012,01,20,34.8,1,Y
IDCJAC0010,010917,2012,01,21,37.8,1,Y
IDCJAC0010,010917,2012,01,22,36.2,1,Y
IDCJAC0010,010917,2012,01,23,33.7,1,Y
IDCJAC0010,010917,2012,01,24,35.5,1,Y
IDCJAC0010,010917,2012,01,25,37.8,1,Y
IDCJAC0010,010917,2012,01,26,38.9,1,Y
IDCJAC0010,010917,2012,01,27,39.2,1,Y
IDCJAC0010,010917,2012,01,28,39.7,1,Y
IDCJAC0010,010917,2012,01,29,28.4,1,Y
IDCJAC0010,010917,2012,01,30,28.6,1,Y
IDCJAC0010,010917,2012,01,31,32.2,1,Y
IDCJAC0010,010917,2012,02,01,38.6,1,Y
IDCJAC0010,010917,2012,02,02,31.5,1,Y
IDCJAC0010,010917,2012,02,03,19.2,1,
IDCJAC0010,010917,2012,02,04,23.2,1,Y
IDCJAC0010,010917,2012,02,05,25.0,1,Y
IDCJAC0010,010917,2012,02,06,27.7,1,Y
IDCJAC0010,010917,2012,02,07,31.8,1,Y
IDCJAC0010,010917,2012,02,08,32.8,1,Y
IDCJAC0010,010917,2012,02,09,33.8,1,Y
IDCJAC0010,010917,2012,02,10,35.8,1,Y
IDCJAC0010,010917,2012,02,11,30.7,1,Y
IDCJAC0010,010917,2012,02,12,27.5,1,Y
IDCJAC0010,010917,2012,02,13,30.0,1,Y
IDCJAC0010,010917,2012,02,14,34.0,1,Y
IDCJAC0010,010917,2012,02,15,36.6,1,Y
IDCJAC0010,010917,2012,02,16,34.7,1,Y
IDCJAC0010,010917,2012,02,17,32.2,1,Y
IDCJAC0010,010917,2012,02,18,30.1,1,Y
IDCJAC0010,010917,2012,02,19,31.6,1,Y
IDCJAC0010,010917,2012,02,20,34.3,1,Y
IDCJAC0010,010917,2012,02,21,37.2,1,Y
IDCJAC0010,010917,2012,02,22,40.0,1,Y
IDCJAC0010,010917,2012,02,23,35.2,1,Y
IDCJAC0010,010917,2012,02,24,28.2,1,Y
IDCJAC0010,010917,2012,02,25,25.8,1,Y
IDCJAC0010,010917,2012,02,26,24.7,1,Y
IDCJAC0010,010917,2012,02,27,27.8,1,Y
IDCJAC0010,010917,2012,02,28,22.5,1,Y
IDCJAC0010,010917,2012,02,29,26.5,1,Y
IDCJAC0010,010917,2012,03,01,26.6,1,Y
IDCJAC0010,010917,2012,03,02,27.2,1,Y
IDCJAC0010,010917,2012,03,03,29.6,1,Y
IDCJAC0010,010917,2012,03,04,34.3,1,Y
IDCJAC0010,010917,2012,03,05,37.1,1,Y
IDCJAC0010,010917,2012,03,06,36.2,1,Y
IDCJAC0010,010917,2012,03,07,33.6,1,Y
IDCJAC0010,010917,2012,03,08,30.4,1,Y
IDCJAC0010,010917,2012,03,09,35.0,1,Y
IDCJAC0010,010917,2012,03,10,39.4,1,Y
IDCJAC0010,010917,2012,03,11,38.5,1,Y
IDCJAC0010,010917,2012,03,12,39.8,1,Y
IDCJAC0010,010917,2012,03,13,27.3,1,Y
IDCJAC0010,010917,2012,03,14,27.1,1,Y
IDCJAC0010,010917,2012,03,15,26.1,1,Y
IDCJAC0010,010917,2012,03,16,27.5,1,Y
IDCJAC0010,010917,2012,03,17,30.8,1,Y
IDCJAC0010,010917,2012,03,18,32.7,1,Y
IDCJAC0010,010917,2012,03,19,29.8,1,Y
IDCJAC0010,010917,2012,03,20,23.9,1,Y
IDCJAC0010,010917,2012,03,21,22.9,1,Y
IDCJAC0010,010917,2012,03,22,24.6,1,Y
IDCJAC0010,010917,2012,03,23,24.8,1,Y
IDCJAC0010,010917,2012,03,24,26.5,1,Y
IDCJAC0010,010917,2012,03,25,29.3,1,Y
IDCJAC0010,010917,2012,03,26,28.6,1,Y
IDCJAC0010,010917,2012,03,27,28.3,1,Y
IDCJAC0010,010917,2012,03,28,27.3,1,Y
IDCJAC0010,010917,2012,03,29,32.2,1,Y
IDCJAC0010,010917,2012,03,30,22.4,1,Y
IDCJAC0010,010917,2012,03,31,23.5,1,Y
IDCJAC0010,010917,2012,04,01,25.1,1,Y
IDCJAC0010,010917,2012,04,02,22.8,1,Y
IDCJAC0010,010917,2012,04,03,25.3,1,Y
IDCJAC0010,010917,2012,04,04,25.4,1,Y
IDCJAC0010,010917,2012,04,05,20.2,1,Y
IDCJAC0010,010917,2012,04,06,20.6,1,Y
IDCJAC0010,010917,2012,04,07,27.4,1,Y
IDCJAC0010,010917,2012,04,08,29.7,1,Y
IDCJAC0010,010917,2012,04,09,30.8,1,Y
IDCJAC0010,010917,2012,04,10,33.3,1,Y
IDCJAC0010,010917,2012,04,11,32.2,1,Y
IDCJAC0010,010917,2012,04,12,31.6,1,Y
IDCJAC0010,010917,2012,04,13,27.3,1,Y
IDCJAC0010,010917,2012,04,14,24.9,1,Y
IDCJAC0010,010917,2012,04,15,27.9,1,Y
IDCJAC0010,010917,2012,04,16,26.8,1,Y
IDCJAC0010,010917,2012,04,17,25.6,1,Y
IDCJAC0010,010917,2012,04,18,23.9,1,Y
IDCJAC0010,010917,2012,04,19,20.1,1,Y
IDCJAC0010,010917,2012,04,20,19.7,1,Y
IDCJAC0010,010917,2012,04,21,20.6,1,Y
IDCJAC0010,010917,2012,04,22,20.3,1,Y
IDCJAC0010,010917,2012,04,23,19.9,1,Y
IDCJAC0010,010917,2012,04,24,22.1,1,Y
IDCJAC0010,010917,2012,04,25,27.1,1,Y
IDCJAC0010,010917,2012,04,26,28.6,1,Y
IDCJAC0010,010917,2012,04,27,25.0,1,Y
IDCJAC0010,010917,2012,04,28,25.1,1,Y
IDCJAC0010,010917,2012,04,29,22.5,1,Y
IDCJAC0010,010917,2012,04,30,20.8,1,Y
IDCJAC0010,010917,2012,05,01,18.4,1,Y
IDCJAC0010,010917,2012,05,02,23.6,1,Y
IDCJAC0010,010917,2012,05,03,26.5,1,Y
IDCJAC0010,010917,2012,05,04,18.3,1,Y
IDCJAC0010,010917,2012,05,05,21.3,1,Y
IDCJAC0010,010917,2012,05,06,17.3,1,Y
IDCJAC0010,010917,2012,05,07,18.5,1,Y
IDCJAC0010,010917,2012,05,08,17.1,1,Y
IDCJAC0010,010917,2012,05,09,18.0,1,Y
IDCJAC0010,010917,2012,05,10,18.6,1,Y
IDCJAC0010,010917,2012,05,11,20.1,1,Y
IDCJAC0010,010917,2012,05,12,23.1,1,Y
IDCJAC0010,010917,2012,05,13,22.5,1,Y
IDCJAC0010,010917,2012,05,14,20.3,1,Y
IDCJAC0010,010917,2012,05,15,18.3,1,Y
IDCJAC0010,010917,2012,05,16,19.4,1,Y
IDCJAC0010,010917,2012,05,17,18.8,1,Y
IDCJAC0010,010917,2012,05,18,21.0,1,Y
IDCJAC0010,010917,2012,05,19,21.7,1,Y
IDCJAC0010,010917,2012,05,20,23.7,1,Y
IDCJAC0010,010917,2012,05,21,21.6,1,Y
IDCJAC0010,010917,2012,05,22,16.5,1,Y
IDCJAC0010,010917,2012,05,23,17.4,1,Y
IDCJAC0010,010917,2012,05,24,18.5,1,Y
IDCJAC0010,010917,2012,05,25,20.0,1,Y
IDCJAC0010,010917,2012,05,26,21.1,1,Y
IDCJAC0010,010917,2012,05,27,21.3,1,Y
IDCJAC0010,010917,2012,05,28,19.9,1,Y
IDCJAC0010,010917,2012,05,29,20.4,1,Y
IDCJAC0010,010917,2012,05,30,22.9,1,Y
IDCJAC0010,010917,2012,05,31,21.1,1,Y
IDCJAC0010,010917,2012,06,01,16.7,1,Y
IDCJAC0010,010917,2012,06,02,19.3,1,Y
IDCJAC0010,010917,2012,06,03,21.8,1,Y
IDCJAC0010,010917,2012,06,04,21.2,1,Y
IDCJAC0010,010917,2012,06,05,20.4,1,Y
IDCJAC0010,010917,2012,06,06,15.5,1,Y
IDCJAC0010,010917,2012,06,07,17.2,1,Y
IDCJAC0010,010917,2012,06,08,19.4,1,Y
IDCJAC0010,010917,2012,06,09,17.8,1,Y
IDCJAC0010,010917,2012,06,10,19.1,1,Y
IDCJAC0010,010917,2012,06,11,16.6,1,Y
IDCJAC0010,010917,2012,06,12,15.7,1,Y
IDCJAC0010,010917,2012,06,13,13.5,1,Y
IDCJAC0010,010917,2012,06,14,14.1,1,Y
IDCJAC0010,010917,2012,06,15,17.1,1,Y
IDCJAC0010,010917,2012,06,16,16.6,1,Y
IDCJAC0010,010917,2012,06,17,17.8,1,Y
IDCJAC0010,010917,2012,06,18,19.9,1,Y
IDCJAC0010,010917,2012,06,19,17.6,1,Y
IDCJAC0010,010917,2012,06,20,13.2,1,Y
IDCJAC0010,010917,2012,06,21,12.7,1,Y
IDCJAC0010,010917,2012,06,22,13.9,1,Y
IDCJAC0010,010917,2012,06,23,14.9,1,Y
IDCJAC0010,010917,2012,06,24,15.6,1,Y
IDCJAC0010,010917,2012,06,25,12.3,1,Y
IDCJAC0010,010917,2012,06,26,17.0,1,Y
IDCJAC0010,010917,2012,06,27,17.5,1,Y
IDCJAC0010,010917,2012,06,28,15.9,1,Y
IDCJAC0010,010917,2012,06,29,15.6,1,Y
IDCJAC0010,010917,2012,06,30,17.9,1,Y
IDCJAC0010,010917,2012,07,01,18.0,1,Y
IDCJAC0010,010917,2012,07,02,18.6,1,Y
IDCJAC0010,010917,2012,07,03,17.2,1,Y
IDCJAC0010,010917,2012,07,04,17.7,1,Y
IDCJAC0010,010917,2012,07,05,18.7,1,Y
IDCJAC0010,010917,2012,07,06,19.2,1,Y
IDCJAC0010,010917,2012,07,07,14.7,1,Y
IDCJAC0010,010917,2012,07,08,12.5,1,Y
IDCJAC0010,010917,2012,07,09,12.3,1,Y
IDCJAC0010,010917,2012,07,10,13.8,1,Y
IDCJAC0010,010917,2012,07,11,14.0,1,Y
IDCJAC0010,010917,2012,07,12,13.2,1,Y
IDCJAC0010,010917,2012,07,13,15.2,1,Y
IDCJAC0010,010917,2012,07,14,16.8,1,Y
IDCJAC0010,010917,2012,07,15,17.3,1,Y
IDCJAC0010,010917,2012,07,16,15.6,1,Y
IDCJAC0010,010917,2012,07,17,13.2,1,Y
IDCJAC0010,010917,2012,07,18,13.9,1,Y
IDCJAC0010,010917,2012,07,19,15.6,1,Y
IDCJAC0010,010917,2012,07,20,17.9,1,Y
IDCJAC0010,010917,2012,07,21,19.8,1,Y
IDCJAC0010,010917,2012,07,22,17.9,1,Y
IDCJAC0010,010917,2012,07,23,18.5,1,Y
IDCJAC0010,010917,2012,07,24,11.4,1,Y
IDCJAC0010,010917,2012,07,25,14.7,1,Y
IDCJAC0010,010917,2012,07,26,15.0,1,Y
IDCJAC0010,010917,2012,07,27,15.2,1,Y
IDCJAC0010,010917,2012,07,28,16.9,1,Y
IDCJAC0010,010917,2012,07,29,17.1,1,Y
IDCJAC0010,010917,2012,07,30,18.8,1,Y
IDCJAC0010,010917,2012,07,31,16.3,1,Y
IDCJAC0010,010917,2012,08,01,14.3,1,Y
IDCJAC0010,010917,2012,08,02,16.0,1,Y
IDCJAC0010,010917,2012,08,03,16.4,1,Y
IDCJAC0010,010917,2012,08,04,17.8,1,Y
IDCJAC0010,010917,2012,08,05,15.6,1,Y
IDCJAC0010,010917,2012,08,06,18.4,1,Y
IDCJAC0010,010917,2012,08,07,14.4,1,Y
IDCJAC0010,010917,2012,08,08,15.3,1,Y
IDCJAC0010,010917,2012,08,09,16.9,1,Y
IDCJAC0010,010917,2012,08,10,20.4,1,Y
IDCJAC0010,010917,2012,08,11,22.9,1,Y
IDCJAC0010,010917,2012,08,12,18.2,1,Y
IDCJAC0010,010917,2012,08,13,13.6,1,Y
IDCJAC0010,010917,2012,08,14,16.8,1,Y
IDCJAC0010,010917,2012,08,15,15.0,1,Y
IDCJAC0010,010917,2012,08,16,14.5,1,Y
IDCJAC0010,010917,2012,08,17,15.1,1,Y
IDCJAC0010,010917,2012,08,18,19.2,1,Y
IDCJAC0010,010917,2012,08,19,19.3,1,Y
IDCJAC0010,010917,2012,08,20,17.3,1,Y
IDCJAC0010,010917,2012,08,21,18.5,1,Y
IDCJAC0010,010917,2012,08,22,13.3,1,Y
IDCJAC0010,010917,2012,08,23,16.5,1,Y
IDCJAC0010,010917,2012,08,24,16.5,1,Y
IDCJAC0010,010917,2012,08,25,20.7,1,Y
IDCJAC0010,010917,2012,08,26,19.3,1,Y
IDCJAC0010,010917,2012,08,27,16.9,1,Y
IDCJAC0010,010917,2012,08,28,17.3,1,Y
IDCJAC0010,010917,2012,08,29,17.9,1,Y
IDCJAC0010,010917,2012,08,30,19.3,1,Y
IDCJAC0010,010917,2012,08,31,21.7,1,Y
IDCJAC0010,010917,2012,09,01,18.5,1,Y
IDCJAC0010,010917,2012,09,02,18.9,1,Y
IDCJAC0010,010917,2012,09,03,17.5,1,Y
IDCJAC0010,010917,2012,09,04,10.8,1,Y
IDCJAC0010,010917,2012,09,05,15.2,1,Y
IDCJAC0010,010917,2012,09,06,14.7,1,Y
IDCJAC0010,010917,2012,09,07,15.8,1,Y
IDCJAC0010,010917,2012,09,08,20.8,1,Y
IDCJAC0010,010917,2012,09,09,25.5,1,Y
IDCJAC0010,010917,2012,09,10,22.1,1,Y
IDCJAC0010,010917,2012,09,11,19.2,1,Y
IDCJAC0010,010917,2012,09,12,15.9,1,Y
IDCJAC0010,010917,2012,09,13,17.7,1,Y
IDCJAC0010,010917,2012,09,14,21.1,1,Y
IDCJAC0010,010917,2012,09,15,22.6,1,Y
IDCJAC0010,010917,2012,09,16,23.8,1,Y
IDCJAC0010,010917,2012,09,17,26.3,1,Y
IDCJAC0010,010917,2012,09,18,18.8,1,Y
IDCJAC0010,010917,2012,09,19,19.3,1,Y
IDCJAC0010,010917,2012,09,20,19.3,1,Y
IDCJAC0010,010917,2012,09,21,18.9,1,Y
IDCJAC0010,010917,2012,09,22,15.2,1,Y
IDCJAC0010,010917,2012,09,23,17.3,1,Y
IDCJAC0010,010917,2012,09,24,20.8,1,Y
IDCJAC0010,010917,2012,09,25,17.9,1,Y
IDCJAC0010,010917,2012,09,26,16.1,1,Y
IDCJAC0010,010917,2012,09,27,11.5,1,Y
IDCJAC0010,010917,2012,09,28,14.4,1,Y
IDCJAC0010,010917,2012,09,29,18.0,1,Y
IDCJAC0010,010917,2012,09,30,24.6,1,Y
IDCJAC0010,010917,2012,10,01,29.7,1,Y
IDCJAC0010,010917,2012,10,02,26.2,1,Y
IDCJAC0010,010917,2012,10,03,18.1,1,Y
IDCJAC0010,010917,2012,10,04,17.3,1,Y
IDCJAC0010,010917,2012,10,05,18.5,1,Y
IDCJAC0010,010917,2012,10,06,26.3,1,Y
IDCJAC0010,010917,2012,10,07,22.0,1,Y
IDCJAC0010,010917,2012,10,08,20.2,1,Y
IDCJAC0010,010917,2012,10,09,21.4,1,Y
IDCJAC0010,010917,2012,10,10,23.6,1,Y
IDCJAC0010,010917,2012,10,11,27.0,1,Y
IDCJAC0010,010917,2012,10,12,25.9,1,Y
IDCJAC0010,010917,2012,10,13,22.9,1,Y
IDCJAC0010,010917,2012,10,14,19.7,1,Y
IDCJAC0010,010917,2012,10,15,20.0,1,Y
IDCJAC0010,010917,2012,10,16,22.4,1,Y
IDCJAC0010,010917,2012,10,17,22.7,1,Y
IDCJAC0010,010917,2012,10,18,23.1,1,Y
IDCJAC0010,010917,2012,10,19,22.3,1,Y
IDCJAC0010,010917,2012,10,20,26.6,1,Y
IDCJAC0010,010917,2012,10,21,31.7,1,Y
IDCJAC0010,010917,2012,10,22,19.7,1,Y
IDCJAC0010,010917,2012,10,23,21.2,1,Y
IDCJAC0010,010917,2012,10,24,21.3,1,Y
IDCJAC0010,010917,2012,10,25,22.6,1,Y
IDCJAC0010,010917,2012,10,26,25.7,1,Y
IDCJAC0010,010917,2012,10,27,30.3,1,Y
IDCJAC0010,010917,2012,10,28,35.4,1,Y
IDCJAC0010,010917,2012,10,29,26.4,1,Y
IDCJAC0010,010917,2012,10,30,21.1,1,Y
IDCJAC0010,010917,2012,10,31,16.5,1,Y
IDCJAC0010,010917,2012,11,01,18.9,1,Y
IDCJAC0010,010917,2012,11,02,23.9,1,Y
IDCJAC0010,010917,2012,11,03,21.9,1,Y
IDCJAC0010,010917,2012,11,04,17.8,1,Y
IDCJAC0010,010917,2012,11,05,17.0,1,Y
IDCJAC0010,010917,2012,11,06,20.9,1,Y
IDCJAC0010,010917,2012,11,07,22.7,1,Y
IDCJAC0010,010917,2012,11,08,24.6,1,Y
IDCJAC0010,010917,2012,11,09,31.1,1,Y
IDCJAC0010,010917,2012,11,10,25.6,1,Y
IDCJAC0010,010917,2012,11,11,21.1,1,Y
IDCJAC0010,010917,2012,11,12,26.3,1,Y
IDCJAC0010,010917,2012,11,13,30.7,1,Y
IDCJAC0010,010917,2012,11,14,27.9,1,Y
IDCJAC0010,010917,2012,11,15,28.8,1,Y
IDCJAC0010,010917,2012,11,16,31.2,1,Y
IDCJAC0010,010917,2012,11,17,34.7,1,Y
IDCJAC0010,010917,2012,11,18,31.3,1,Y
IDCJAC0010,010917,2012,11,19,26.3,1,Y
IDCJAC0010,010917,2012,11,20,28.2,1,Y
IDCJAC0010,010917,2012,11,21,34.0,1,Y
IDCJAC0010,010917,2012,11,22,33.5,1,Y
IDCJAC0010,010917,2012,11,23,25.9,1,Y
IDCJAC0010,010917,2012,11,24,28.5,1,Y
IDCJAC0010,010917,2012,11,25,28.8,1,Y
IDCJAC0010,010917,2012,11,26,30.6,1,Y
IDCJAC0010,010917,2012,11,27,30.2,1,Y
IDCJAC0010,010917,2012,11,28,19.2,1,Y
IDCJAC0010,010917,2012,11,29,17.1,1,Y
IDCJAC0010,010917,2012,11,30,19.3,1,Y
IDCJAC0010,010917,2012,12,01,23.6,1,Y
IDCJAC0010,010917,2012,12,02,27.2,1,Y
IDCJAC0010,010917,2012,12,03,30.8,1,Y
IDCJAC0010,010917,2012,12,04,35.3,1,Y
IDCJAC0010,010917,2012,12,05,30.7,1,Y
IDCJAC0010,010917,2012,12,06,26.5,1,Y
IDCJAC0010,010917,2012,12,07,22.6,1,Y
IDCJAC0010,010917,2012,12,08,26.9,1,Y
IDCJAC0010,010917,2012,12,09,32.7,1,Y
IDCJAC0010,010917,2012,12,10,35.2,1,Y
IDCJAC0010,010917,2012,12,11,31.5,1,Y
IDCJAC0010,010917,2012,12,12,28.2,1,Y
IDCJAC0010,010917,2012,12,13,21.7,1,Y
IDCJAC0010,010917,2012,12,14,26.2,1,Y
IDCJAC0010,010917,2012,12,15,29.1,1,Y
IDCJAC0010,010917,2012,12,16,31.9,1,Y
IDCJAC0010,010917,2012,12,17,30.0,1,Y
IDCJAC0010,010917,2012,12,18,28.6,1,Y
IDCJAC0010,010917,2012,12,19,29.5,1,Y
IDCJAC0010,010917,2012,12,20,34.9,1,Y
IDCJAC0010,010917,2012,12,21,36.4,1,Y
IDCJAC0010,010917,2012,12,22,28.9,1,Y
IDCJAC0010,010917,2012,12,23,29.2,1,Y
IDCJAC0010,010917,2012,12,24,32.8,1,Y
IDCJAC0010,010917,2012,12,25,38.6,1,Y
IDCJAC0010,010917,2012,12,26,38.1,1,Y
IDCJAC0010,010917,2012,12,27,37.2,1,Y
IDCJAC0010,010917,2012,12,28,39.5,1,Y
IDCJAC0010,010917,2012,12,29,40.2,1,Y
IDCJAC0010,010917,2012,12,30,41.1,1,Y
IDCJAC0010,010917,2012,12,31,40.7,1,Y
IDCJAC0010,010917,2013,01,01,38.0,1,Y
IDCJAC0010,010917,2013,01,02,32.4,1,Y
IDCJAC0010,010917,2013,01,03,27.7,1,Y
IDCJAC0010,010917,2013,01,04,28.2,1,Y
IDCJAC0010,010917,2013,01,05,37.1,1,Y
IDCJAC0010,010917,2013,01,06,32.0,1,Y
IDCJAC0010,010917,2013,01,07,34.0,1,Y
IDCJAC0010,010917,2013,01,08,41.6,1,Y
IDCJAC0010,010917,2013,01,09,32.7,1,Y
IDCJAC0010,010917,2013,01,10,28.7,1,Y
IDCJAC0010,010917,2013,01,11,30.2,1,Y
IDCJAC0010,010917,2013,01,12,31.5,1,Y
IDCJAC0010,010917,2013,01,13,27.8,1,Y
IDCJAC0010,010917,2013,01,14,35.8,1,Y
IDCJAC0010,010917,2013,01,15,40.2,1,Y
IDCJAC0010,010917,2013,01,16,30.0,1,Y
IDCJAC0010,010917,2013,01,17,24.9,1,Y
IDCJAC0010,010917,2013,01,18,28.2,1,Y
IDCJAC0010,010917,2013,01,19,31.5,1,Y
IDCJAC0010,010917,2013,01,20,35.9,1,Y
IDCJAC0010,010917,2013,01,21,33.1,1,Y
IDCJAC0010,010917,2013,01,22,34.3,1,Y
IDCJAC0010,010917,2013,01,23,34.7,1,Y
IDCJAC0010,010917,2013,01,24,28.1,1,Y
IDCJAC0010,010917,2013,01,25,31.2,1,Y
IDCJAC0010,010917,2013,01,26,34.1,1,Y
IDCJAC0010,010917,2013,01,27,31.7,1,Y
IDCJAC0010,010917,2013,01,28,29.5,1,Y
IDCJAC0010,010917,2013,01,29,32.9,1,Y
IDCJAC0010,010917,2013,01,30,32.2,1,Y
IDCJAC0010,010917,2013,01,31,31.3,1,Y
IDCJAC0010,010917,2013,02,01,33.4,1,Y
IDCJAC0010,010917,2013,02,02,36.6,1,Y
IDCJAC0010,010917,2013,02,03,39.2,1,Y
IDCJAC0010,010917,2013,02,04,35.2,1,Y
IDCJAC0010,010917,2013,02,05,34.6,1,Y
IDCJAC0010,010917,2013,02,06,28.5,1,Y
IDCJAC0010,010917,2013,02,07,30.8,1,Y
IDCJAC0010,010917,2013,02,08,33.8,1,Y
IDCJAC0010,010917,2013,02,09,34.8,1,Y
IDCJAC0010,010917,2013,02,10,35.6,1,Y
IDCJAC0010,010917,2013,02,11,37.2,1,Y
IDCJAC0010,010917,2013,02,12,39.8,1,Y
IDCJAC0010,010917,2013,02,13,40.3,1,Y
IDCJAC0010,010917,2013,02,14,38.0,1,Y
IDCJAC0010,010917,2013,02,15,34.2,1,Y
IDCJAC0010,010917,2013,02,16,39.1,1,Y
IDCJAC0010,010917,2013,02,17,28.0,1,Y
IDCJAC0010,010917,2013,02,18,27.6,1,Y
IDCJAC0010,010917,2013,02,19,31.3,1,Y
IDCJAC0010,010917,2013,02,20,36.9,1,Y
IDCJAC0010,010917,2013,02,21,36.7,1,Y
IDCJAC0010,010917,2013,02,22,28.6,1,Y
IDCJAC0010,010917,2013,02,23,25.0,1,Y
IDCJAC0010,010917,2013,02,24,28.9,1,Y
IDCJAC0010,010917,2013,02,25,34.3,1,Y
IDCJAC0010,010917,2013,02,26,35.1,1,Y
IDCJAC0010,010917,2013,02,27,31.7,1,Y
IDCJAC0010,010917,2013,02,28,31.3,1,Y
IDCJAC0010,010917,2013,03,01,30.7,1,Y
IDCJAC0010,010917,2013,03,02,28.1,1,Y
IDCJAC0010,010917,2013,03,03,33.4,1,Y
IDCJAC0010,010917,2013,03,04,27.4,1,Y
IDCJAC0010,010917,2013,03,05,28.5,1,Y
IDCJAC0010,010917,2013,03,06,29.7,1,Y
IDCJAC0010,010917,2013,03,07,28.6,1,Y
IDCJAC0010,010917,2013,03,08,30.3,1,Y
IDCJAC0010,010917,2013,03,09,31.5,1,Y
IDCJAC0010,010917,2013,03,10,29.0,1,Y
IDCJAC0010,010917,2013,03,11,22.7,1,Y
IDCJAC0010,010917,2013,03,12,21.7,1,Y
IDCJAC0010,010917,2013,03,13,25.5,1,Y
IDCJAC0010,010917,2013,03,14,18.6,1,Y
IDCJAC0010,010917,2013,03,15,23.9,1,Y
IDCJAC0010,010917,2013,03,16,26.7,1,Y
IDCJAC0010,010917,2013,03,17,28.6,1,Y
IDCJAC0010,010917,2013,03,18,30.4,1,Y
IDCJAC0010,010917,2013,03,19,33.9,1,Y
IDCJAC0010,010917,2013,03,20,25.2,1,Y
IDCJAC0010,010917,2013,03,21,23.6,1,Y
IDCJAC0010,010917,2013,03,22,24.1,1,Y
IDCJAC0010,010917,2013,03,23,26.1,1,Y
IDCJAC0010,010917,2013,03,24,29.3,1,Y
IDCJAC0010,010917,2013,03,25,24.3,1,Y
IDCJAC0010,010917,2013,03,26,17.4,1,Y
IDCJAC0010,010917,2013,03,27,21.3,1,Y
IDCJAC0010,010917,2013,03,28,22.3,1,Y
IDCJAC0010,010917,2013,03,29,24.5,1,Y
IDCJAC0010,010917,2013,03,30,24.0,1,Y
IDCJAC0010,010917,2013,03,31,27.0,1,Y
IDCJAC0010,010917,2013,04,01,29.1,1,Y
IDCJAC0010,010917,2013,04,02,29.5,1,Y
IDCJAC0010,010917,2013,04,03,32.2,1,Y
IDCJAC0010,010917,2013,04,04,34.8,1,Y
IDCJAC0010,010917,2013,04,05,28.8,1,Y
IDCJAC0010,010917,2013,04,06,25.2,1,Y
IDCJAC0010,010917,2013,04,07,29.3,1,Y
IDCJAC0010,010917,2013,04,08,35.8,1,Y
IDCJAC0010,010917,2013,04,09,36.6,1,Y
IDCJAC0010,010917,2013,04,10,29.5,1,Y
IDCJAC0010,010917,2013,04,11,35.2,1,Y
IDCJAC0010,010917,2013,04,12,21.3,1,Y
IDCJAC0010,010917,2013,04,13,25.2,1,Y
IDCJAC0010,010917,2013,04,14,27.2,1,Y
IDCJAC0010,010917,2013,04,15,28.6,1,Y
IDCJAC0010,010917,2013,04,16,26.1,1,Y
IDCJAC0010,010917,2013,04,17,23.8,1,Y
IDCJAC0010,010917,2013,04,18,25.1,1,Y
IDCJAC0010,010917,2013,04,19,28.1,1,Y
IDCJAC0010,010917,2013,04,20,20.3,1,Y
IDCJAC0010,010917,2013,04,21,20.1,1,Y
IDCJAC0010,010917,2013,04,22,20.6,1,Y
IDCJAC0010,010917,2013,04,23,22.6,1,Y
IDCJAC0010,010917,2013,04,24,25.7,1,Y
IDCJAC0010,010917,2013,04,25,27.4,1,Y
IDCJAC0010,010917,2013,04,26,26.4,1,Y
IDCJAC0010,010917,2013,04,27,21.7,1,Y
IDCJAC0010,010917,2013,04,28,20.8,1,Y
IDCJAC0010,010917,2013,04,29,21.4,1,Y
IDCJAC0010,010917,2013,04,30,25.0,1,Y
IDCJAC0010,010917,2013,05,01,24.3,1,Y
IDCJAC0010,010917,2013,05,02,21.1,1,Y
IDCJAC0010,010917,2013,05,03,20.1,1,Y
IDCJAC0010,010917,2013,05,04,20.6,1,Y
IDCJAC0010,010917,2013,05,05,21.4,1,Y
IDCJAC0010,010917,2013,05,06,23.0,1,Y
IDCJAC0010,010917,2013,05,07,24.7,1,Y
IDCJAC0010,010917,2013,05,08,19.9,1,Y
IDCJAC0010,010917,2013,05,09,18.4,1,Y
IDCJAC0010,010917,2013,05,10,17.1,1,Y
IDCJAC0010,010917,2013,05,11,17.3,1,Y
IDCJAC0010,010917,2013,05,12,18.0,1,Y
IDCJAC0010,010917,2013,05,13,16.6,1,Y
IDCJAC0010,010917,2013,05,14,19.0,1,Y
IDCJAC0010,010917,2013,05,15,19.2,1,Y
IDCJAC0010,010917,2013,05,16,22.4,1,Y
IDCJAC0010,010917,2013,05,17,19.8,1,Y
IDCJAC0010,010917,2013,05,18,17.7,1,Y
IDCJAC0010,010917,2013,05,19,19.5,1,Y
IDCJAC0010,010917,2013,05,20,14.1,1,Y
IDCJAC0010,010917,2013,05,21,17.7,1,Y
IDCJAC0010,010917,2013,05,22,19.1,1,Y
IDCJAC0010,010917,2013,05,23,17.6,1,Y
IDCJAC0010,010917,2013,05,24,18.8,1,Y
IDCJAC0010,010917,2013,05,25,19.8,1,Y
IDCJAC0010,010917,2013,05,26,23.0,1,Y
IDCJAC0010,010917,2013,05,27,21.9,1,Y
IDCJAC0010,010917,2013,05,28,17.7,1,Y
IDCJAC0010,010917,2013,05,29,17.5,1,Y
IDCJAC0010,010917,2013,05,30,11.8,1,Y
IDCJAC0010,010917,2013,05,31,12.7,1,Y
IDCJAC0010,010917,2013,06,01,13.3,1,Y
IDCJAC0010,010917,2013,06,02,13.7,1,Y
IDCJAC0010,010917,2013,06,03,15.1,1,Y
IDCJAC0010,010917,2013,06,04,17.5,1,Y
IDCJAC0010,010917,2013,06,05,15.9,1,Y
IDCJAC0010,010917,2013,06,06,17.6,1,Y
IDCJAC0010,010917,2013,06,07,18.7,1,Y
IDCJAC0010,010917,2013,06,08,19.4,1,Y
IDCJAC0010,010917,2013,06,09,20.6,1,Y
IDCJAC0010,010917,2013,06,10,15.2,1,Y
IDCJAC0010,010917,2013,06,11,15.0,1,Y
IDCJAC0010,010917,2013,06,12,15.3,1,Y
IDCJAC0010,010917,2013,06,13,17.5,1,Y
IDCJAC0010,010917,2013,06,14,15.9,1,Y
IDCJAC0010,010917,2013,06,15,13.4,1,Y
IDCJAC0010,010917,2013,06,16,16.7,1,Y
IDCJAC0010,010917,2013,06,17,15.6,1,Y
IDCJAC0010,010917,2013,06,18,16.8,1,Y
IDCJAC0010,010917,2013,06,19,16.0,1,Y
IDCJAC0010,010917,2013,06,20,16.8,1,Y
IDCJAC0010,010917,2013,06,21,16.5,1,Y
IDCJAC0010,010917,2013,06,22,18.7,1,Y
IDCJAC0010,010917,2013,06,23,17.0,1,Y
IDCJAC0010,010917,2013,06,24,19.4,1,Y
IDCJAC0010,010917,2013,06,25,15.8,1,Y
IDCJAC0010,010917,2013,06,26,15.3,1,Y
IDCJAC0010,010917,2013,06,27,18.2,1,Y
IDCJAC0010,010917,2013,06,28,19.5,1,Y
IDCJAC0010,010917,2013,06,29,20.0,1,Y
IDCJAC0010,010917,2013,06,30,20.3,1,Y
IDCJAC0010,010917,2013,07,01,19.9,1,Y
IDCJAC0010,010917,2013,07,02,19.7,1,Y
IDCJAC0010,010917,2013,07,03,14.2,1,Y
IDCJAC0010,010917,2013,07,04,14.0,1,Y
IDCJAC0010,010917,2013,07,05,14.0,1,Y
IDCJAC0010,010917,2013,07,06,13.5,1,Y
IDCJAC0010,010917,2013,07,07,13.8,1,Y
IDCJAC0010,010917,2013,07,08,14.9,1,Y
IDCJAC0010,010917,2013,07,09,18.6,1,Y
IDCJAC0010,010917,2013,07,10,14.4,1,Y
IDCJAC0010,010917,2013,07,11,17.2,1,Y
IDCJAC0010,010917,2013,07,12,16.5,1,Y
IDCJAC0010,010917,2013,07,13,17.9,1,Y
IDCJAC0010,010917,2013,07,14,18.7,1,Y
IDCJAC0010,010917,2013,07,15,19.4,1,Y
IDCJAC0010,010917,2013,07,16,16.2,1,Y
IDCJAC0010,010917,2013,07,17,11.4,1,Y
IDCJAC0010,010917,2013,07,18,12.6,1,Y
IDCJAC0010,010917,2013,07,19,12.3,1,Y
IDCJAC0010,010917,2013,07,20,12.6,1,Y
IDCJAC0010,010917,2013,07,21,10.9,1,Y
IDCJAC0010,010917,2013,07,22,14.7,1,Y
IDCJAC0010,010917,2013,07,23,20.3,1,Y
IDCJAC0010,010917,2013,07,24,16.6,1,Y
IDCJAC0010,010917,2013,07,25,17.7,1,Y
IDCJAC0010,010917,2013,07,26,14.2,1,Y
IDCJAC0010,010917,2013,07,27,16.2,1,Y
IDCJAC0010,010917,2013,07,28,16.5,1,Y
IDCJAC0010,010917,2013,07,29,17.4,1,Y
IDCJAC0010,010917,2013,07,30,18.0,1,Y
IDCJAC0010,010917,2013,07,31,19.4,1,Y
IDCJAC0010,010917,2013,08,01,18.6,1,Y
IDCJAC0010,010917,2013,08,02,18.5,1,Y
IDCJAC0010,010917,2013,08,03,18.4,1,Y
IDCJAC0010,010917,2013,08,04,20.4,1,Y
IDCJAC0010,010917,2013,08,05,19.9,1,Y
IDCJAC0010,010917,2013,08,06,18.1,1,Y
IDCJAC0010,010917,2013,08,07,20.2,1,Y
IDCJAC0010,010917,2013,08,08,16.3,1,Y
IDCJAC0010,010917,2013,08,09,17.8,1,Y
IDCJAC0010,010917,2013,08,10,16.3,1,Y
IDCJAC0010,010917,2013,08,11,15.6,1,Y
IDCJAC0010,010917,2013,08,12,16.0,1,Y
IDCJAC0010,010917,2013,08,13,17.7,1,Y
IDCJAC0010,010917,2013,08,14,16.6,1,Y
IDCJAC0010,010917,2013,08,15,16.7,1,Y
IDCJAC0010,010917,2013,08,16,14.1,1,Y
IDCJAC0010,010917,2013,08,17,16.5,1,Y
IDCJAC0010,010917,2013,08,18,16.0,1,Y
IDCJAC0010,010917,2013,08,19,18.0,1,Y
IDCJAC0010,010917,2013,08,20,17.1,1,Y
IDCJAC0010,010917,2013,08,21,17.4,1,Y
IDCJAC0010,010917,2013,08,22,17.4,1,Y
IDCJAC0010,010917,2013,08,23,20.1,1,Y
IDCJAC0010,010917,2013,08,24,23.8,1,Y
IDCJAC0010,010917,2013,08,25,17.0,1,Y
IDCJAC0010,010917,2013,08,26,19.0,1,Y
IDCJAC0010,010917,2013,08,27,14.1,1,Y
IDCJAC0010,010917,2013,08,28,16.6,1,Y
IDCJAC0010,010917,2013,08,29,17.4,1,Y
IDCJAC0010,010917,2013,08,30,17.3,1,Y
IDCJAC0010,010917,2013,08,31,19.1,1,Y
IDCJAC0010,010917,2013,09,01,20.3,1,Y
IDCJAC0010,010917,2013,09,02,20.9,1,Y
IDCJAC0010,010917,2013,09,03,19.6,1,Y
IDCJAC0010,010917,2013,09,04,16.7,1,Y
IDCJAC0010,010917,2013,09,05,18.4,1,Y
IDCJAC0010,010917,2013,09,06,18.1,1,Y
IDCJAC0010,010917,2013,09,07,15.4,1,Y
IDCJAC0010,010917,2013,09,08,18.5,1,Y
IDCJAC0010,010917,2013,09,09,19.2,1,Y
IDCJAC0010,010917,2013,09,10,18.8,1,Y
IDCJAC0010,010917,2013,09,11,15.6,1,Y
IDCJAC0010,010917,2013,09,12,17.5,1,Y
IDCJAC0010,010917,2013,09,13,19.2,1,Y
IDCJAC0010,010917,2013,09,14,15.7,1,Y
IDCJAC0010,010917,2013,09,15,16.5,1,Y
IDCJAC0010,010917,2013,09,16,19.2,1,Y
IDCJAC0010,010917,2013,09,17,14.7,1,Y
IDCJAC0010,010917,2013,09,18,17.1,1,Y
IDCJAC0010,010917,2013,09,19,18.3,1,Y
IDCJAC0010,010917,2013,09,20,18.3,1,Y
IDCJAC0010,010917,2013,09,21,20.0,1,Y
IDCJAC0010,010917,2013,09,22,16.0,1,Y
IDCJAC0010,010917,2013,09,23,17.6,1,Y
IDCJAC0010,010917,2013,09,24,17.6,1,Y
IDCJAC0010,010917,2013,09,25,18.4,1,Y
IDCJAC0010,010917,2013,09,26,18.4,1,Y
IDCJAC0010,010917,2013,09,27,18.8,1,Y
IDCJAC0010,010917,2013,09,28,19.2,1,Y
IDCJAC0010,010917,2013,09,29,19.4,1,Y
IDCJAC0010,010917,2013,09,30,16.1,1,Y
IDCJAC0010,010917,2013,10,01,18.2,1,Y
IDCJAC0010,010917,2013,10,02,22.7,1,Y
IDCJAC0010,010917,2013,10,03,30.5,1,Y
IDCJAC0010,010917,2013,10,04,20.7,1,Y
IDCJAC0010,010917,2013,10,05,21.0,1,Y
IDCJAC0010,010917,2013,10,06,20.4,1,Y
IDCJAC0010,010917,2013,10,07,23.0,1,Y
IDCJAC0010,010917,2013,10,08,21.7,1,Y
IDCJAC0010,010917,2013,10,09,18.4,1,Y
IDCJAC0010,010917,2013,10,10,20.3,1,Y
IDCJAC0010,010917,2013,10,11,19.8,1,Y
IDCJAC0010,010917,2013,10,12,17.4,1,Y
IDCJAC0010,010917,2013,10,13,19.0,1,Y
IDCJAC0010,010917,2013,10,14,25.2,1,Y
IDCJAC0010,010917,2013,10,15,21.9,1,Y
IDCJAC0010,010917,2013,10,16,21.8,1,Y
IDCJAC0010,010917,2013,10,17,24.1,1,Y
IDCJAC0010,010917,2013,10,18,23.3,1,Y
IDCJAC0010,010917,2013,10,19,18.6,1,Y
IDCJAC0010,010917,2013,10,20,14.5,1,Y
IDCJAC0010,010917,2013,10,21,17.8,1,Y
IDCJAC0010,010917,2013,10,22,20.8,1,Y
IDCJAC0010,010917,2013,10,23,21.9,1,Y
IDCJAC0010,010917,2013,10,24,22.4,1,Y
IDCJAC0010,010917,2013,10,25,26.8,1,Y
IDCJAC0010,010917,2013,10,26,24.2,1,Y
IDCJAC0010,010917,2013,10,27,25.0,1,Y
IDCJAC0010,010917,2013,10,28,27.1,1,Y
IDCJAC0010,010917,2013,10,29,30.3,1,Y
IDCJAC0010,010917,2013,10,30,35.9,1,Y
IDCJAC0010,010917,2013,10,31,27.7,1,Y
IDCJAC0010,010917,2013,11,01,29.2,1,Y
IDCJAC0010,010917,2013,11,02,25.5,1,Y
IDCJAC0010,010917,2013,11,03,28.3,1,Y
IDCJAC0010,010917,2013,11,04,33.2,1,Y
IDCJAC0010,010917,2013,11,05,24.1,1,Y
IDCJAC0010,010917,2013,11,06,21.8,1,Y
IDCJAC0010,010917,2013,11,07,24.3,1,Y
IDCJAC0010,010917,2013,11,08,26.8,1,Y
IDCJAC0010,010917,2013,11,09,30.7,1,Y
IDCJAC0010,010917,2013,11,10,34.2,1,Y
IDCJAC0010,010917,2013,11,11,33.6,1,Y
IDCJAC0010,010917,2013,11,12,29.7,1,Y
IDCJAC0010,010917,2013,11,13,28.4,1,Y
IDCJAC0010,010917,2013,11,14,28.3,1,Y
IDCJAC0010,010917,2013,11,15,30.1,1,Y
IDCJAC0010,010917,2013,11,16,36.8,1,Y
IDCJAC0010,010917,2013,11,17,33.0,1,Y
IDCJAC0010,010917,2013,11,18,22.7,1,Y
IDCJAC0010,010917,2013,11,19,22.9,1,Y
IDCJAC0010,010917,2013,11,20,25.3,1,Y
IDCJAC0010,010917,2013,11,21,29.1,1,Y
IDCJAC0010,010917,2013,11,22,29.8,1,Y
IDCJAC0010,010917,2013,11,23,32.9,1,Y
IDCJAC0010,010917,2013,11,24,25.5,1,Y
IDCJAC0010,010917,2013,11,25,24.5,1,Y
IDCJAC0010,010917,2013,11,26,30.8,1,Y
IDCJAC0010,010917,2013,11,27,32.1,1,Y
IDCJAC0010,010917,2013,11,28,34.1,1,Y
IDCJAC0010,010917,2013,11,29,26.5,1,Y
IDCJAC0010,010917,2013,11,30,22.1,1,Y
IDCJAC0010,010917,2013,12,01,25.5,1,Y
IDCJAC0010,010917,2013,12,02,25.6,1,Y
IDCJAC0010,010917,2013,12,03,24.8,1,Y
IDCJAC0010,010917,2013,12,04,25.7,1,Y
IDCJAC0010,010917,2013,12,05,29.6,1,Y
IDCJAC0010,010917,2013,12,06,29.6,1,Y
IDCJAC0010,010917,2013,12,07,25.6,1,Y
IDCJAC0010,010917,2013,12,08,25.9,1,Y
IDCJAC0010,010917,2013,12,09,27.0,1,Y
IDCJAC0010,010917,2013,12,10,29.3,1,Y
IDCJAC0010,010917,2013,12,11,32.4,1,Y
IDCJAC0010,010917,2013,12,12,34.6,1,Y
IDCJAC0010,010917,2013,12,13,37.3,1,Y
IDCJAC0010,010917,2013,12,14,40.7,1,Y
IDCJAC0010,010917,2013,12,15,41.7,1,Y
IDCJAC0010,010917,2013,12,16,41.2,1,Y
IDCJAC0010,010917,2013,12,17,36.7,1,Y
IDCJAC0010,010917,2013,12,18,29.6,1,Y
IDCJAC0010,010917,2013,12,19,26.9,1,Y
IDCJAC0010,010917,2013,12,20,25.2,1,Y
IDCJAC0010,010917,2013,12,21,26.7,1,Y
IDCJAC0010,010917,2013,12,22,29.2,1,Y
IDCJAC0010,010917,2013,12,23,34.4,1,Y
IDCJAC0010,010917,2013,12,24,33.9,1,Y
IDCJAC0010,010917,2013,12,25,32.9,1,Y
IDCJAC0010,010917,2013,12,26,34.9,1,Y
IDCJAC0010,010917,2013,12,27,31.2,1,Y
IDCJAC0010,010917,2013,12,28,32.1,1,Y
IDCJAC0010,010917,2013,12,29,36.7,1,Y
IDCJAC0010,010917,2013,12,30,37.4,1,Y
IDCJAC0010,010917,2013,12,31,30.5,1,Y
IDCJAC0010,010917,2014,01,01,27.1,1,Y
IDCJAC0010,010917,2014,01,02,27.0,1,Y
IDCJAC0010,010917,2014,01,03,27.4,1,Y
IDCJAC0010,010917,2014,01,04,28.9,1,Y
IDCJAC0010,010917,2014,01,05,30.1,1,Y
IDCJAC0010,010917,2014,01,06,39.0,1,Y
IDCJAC0010,010917,2014,01,07,34.3,1,Y
IDCJAC0010,010917,2014,01,08,32.3,1,Y
IDCJAC0010,010917,2014,01,09,34.5,1,Y
IDCJAC0010,010917,2014,01,10,36.2,1,Y
IDCJAC0010,010917,2014,01,11,40.1,1,Y
IDCJAC0010,010917,2014,01,12,43.9,1,Y
IDCJAC0010,010917,2014,01,13,33.0,1,Y
IDCJAC0010,010917,2014,01,14,29.6,1,Y
IDCJAC0010,010917,2014,01,15,29.2,1,Y
IDCJAC0010,010917,2014,01,16,26.4,1,Y
IDCJAC0010,010917,2014,01,17,31.6,1,Y
IDCJAC0010,010917,2014,01,18,36.9,1,Y
IDCJAC0010,010917,2014,01,19,37.6,1,Y
IDCJAC0010,010917,2014,01,20,35.0,1,Y
IDCJAC0010,010917,2014,01,21,35.7,1,Y
IDCJAC0010,010917,2014,01,22,35.5,1,Y
IDCJAC0010,010917,2014,01,23,33.7,1,Y
IDCJAC0010,010917,2014,01,24,30.3,1,Y
IDCJAC0010,010917,2014,01,25,34.8,1,Y
IDCJAC0010,010917,2014,01,26,35.7,1,Y
IDCJAC0010,010917,2014,01,27,29.5,1,Y
IDCJAC0010,010917,2014,01,28,28.4,1,Y
IDCJAC0010,010917,2014,01,29,33.7,1,Y
IDCJAC0010,010917,2014,01,30,39.3,1,Y
IDCJAC0010,010917,2014,01,31,37.5,1,Y
IDCJAC0010,010917,2014,02,01,33.3,1,Y
IDCJAC0010,010917,2014,02,02,28.9,1,Y
IDCJAC0010,010917,2014,02,03,30.7,1,Y
IDCJAC0010,010917,2014,02,04,36.1,1,Y
IDCJAC0010,010917,2014,02,05,38.6,1,Y
IDCJAC0010,010917,2014,02,06,31.3,1,Y
IDCJAC0010,010917,2014,02,07,31.1,1,Y
IDCJAC0010,010917,2014,02,08,27.7,1,Y
IDCJAC0010,010917,2014,02,09,30.0,1,Y
IDCJAC0010,010917,2014,02,10,35.3,1,Y
IDCJAC0010,010917,2014,02,11,29.6,1,Y
IDCJAC0010,010917,2014,02,12,30.1,1,Y
IDCJAC0010,010917,2014,02,13,31.5,1,Y
IDCJAC0010,010917,2014,02,14,33.8,1,Y
IDCJAC0010,010917,2014,02,15,35.9,1,Y
IDCJAC0010,010917,2014,02,16,33.3,1,Y
IDCJAC0010,010917,2014,02,17,31.4,1,Y
IDCJAC0010,010917,2014,02,18,31.5,1,Y
IDCJAC0010,010917,2014,02,19,32.7,1,Y
IDCJAC0010,010917,2014,02,20,32.5,1,Y
IDCJAC0010,010917,2014,02,21,30.7,1,Y
IDCJAC0010,010917,2014,02,22,32.1,1,Y
IDCJAC0010,010917,2014,02,23,34.9,1,Y
IDCJAC0010,010917,2014,02,24,37.1,1,Y
IDCJAC0010,010917,2014,02,25,28.3,1,Y
IDCJAC0010,010917,2014,02,26,27.1,1,Y
IDCJAC0010,010917,2014,02,27,31.7,1,Y
IDCJAC0010,010917,2014,02,28,33.8,1,Y
IDCJAC0010,010917,2014,03,01,36.7,1,Y
IDCJAC0010,010917,2014,03,02,38.2,1,Y
IDCJAC0010,010917,2014,03,03,35.5,1,Y
IDCJAC0010,010917,2014,03,04,28.2,1,Y
IDCJAC0010,010917,2014,03,05,28.9,1,Y
IDCJAC0010,010917,2014,03,06,32.5,1,Y
IDCJAC0010,010917,2014,03,07,37.0,1,Y
IDCJAC0010,010917,2014,03,08,27.7,1,Y
IDCJAC0010,010917,2014,03,09,26.3,1,Y
IDCJAC0010,010917,2014,03,10,29.0,1,Y
IDCJAC0010,010917,2014,03,11,29.9,1,Y
IDCJAC0010,010917,2014,03,12,34.7,1,Y
IDCJAC0010,010917,2014,03,13,32.6,1,Y
IDCJAC0010,010917,2014,03,14,26.1,1,Y
IDCJAC0010,010917,2014,03,15,25.6,1,Y
IDCJAC0010,010917,2014,03,16,29.9,1,Y
IDCJAC0010,010917,2014,03,17,29.4,1,Y
IDCJAC0010,010917,2014,03,18,31.3,1,Y
IDCJAC0010,010917,2014,03,19,32.7,1,Y
IDCJAC0010,010917,2014,03,20,27.9,1,Y
IDCJAC0010,010917,2014,03,21,22.9,1,Y
IDCJAC0010,010917,2014,03,22,28.2,1,Y
IDCJAC0010,010917,2014,03,23,29.3,1,Y
IDCJAC0010,010917,2014,03,24,33.9,1,Y
IDCJAC0010,010917,2014,03,25,29.5,1,Y
IDCJAC0010,010917,2014,03,26,31.2,1,Y
IDCJAC0010,010917,2014,03,27,28.5,1,Y
IDCJAC0010,010917,2014,03,28,31.7,1,Y
IDCJAC0010,010917,2014,03,29,24.2,1,Y
IDCJAC0010,010917,2014,03,30,19.0,1,Y
IDCJAC0010,010917,2014,03,31,21.0,1,Y
IDCJAC0010,010917,2014,04,01,22.2,1,Y
IDCJAC0010,010917,2014,04,02,22.3,1,Y
IDCJAC0010,010917,2014,04,03,24.3,1,Y
IDCJAC0010,010917,2014,04,04,28.2,1,Y
IDCJAC0010,010917,2014,04,05,29.5,1,Y
IDCJAC0010,010917,2014,04,06,26.7,1,Y
IDCJAC0010,010917,2014,04,07,25.7,1,Y
IDCJAC0010,010917,2014,04,08,26.7,1,Y
IDCJAC0010,010917,2014,04,09,28.1,1,Y
IDCJAC0010,010917,2014,04,10,29.2,1,Y
IDCJAC0010,010917,2014,04,11,31.3,1,Y
IDCJAC0010,010917,2014,04,12,34.1,1,Y
IDCJAC0010,010917,2014,04,13,30.8,1,Y
IDCJAC0010,010917,2014,04,14,33.3,1,Y
IDCJAC0010,010917,2014,04,15,26.1,1,Y
IDCJAC0010,010917,2014,04,16,24.8,1,Y
IDCJAC0010,010917,2014,04,17,23.9,1,Y
IDCJAC0010,010917,2014,04,18,25.8,1,Y
IDCJAC0010,010917,2014,04,19,25.2,1,Y
IDCJAC0010,010917,2014,04,20,22.6,1,Y
IDCJAC0010,010917,2014,04,21,20.4,1,Y
IDCJAC0010,010917,2014,04,22,24.0,1,Y
IDCJAC0010,010917,2014,04,23,23.2,1,Y
IDCJAC0010,010917,2014,04,24,23.7,1,Y
IDCJAC0010,010917,2014,04,25,24.3,1,Y
IDCJAC0010,010917,2014,04,26,19.8,1,Y
IDCJAC0010,010917,2014,04,27,22.5,1,Y
IDCJAC0010,010917,2014,04,28,16.8,1,Y
IDCJAC0010,010917,2014,04,29,19.0,1,Y
IDCJAC0010,010917,2014,04,30,19.5,1,Y
IDCJAC0010,010917,2014,05,01,18.5,1,Y
IDCJAC0010,010917,2014,05,02,17.3,1,Y
IDCJAC0010,010917,2014,05,03,20.2,1,Y
IDCJAC0010,010917,2014,05,04,19.6,1,Y
IDCJAC0010,010917,2014,05,05,17.3,1,Y
IDCJAC0010,010917,2014,05,06,19.0,1,Y
IDCJAC0010,010917,2014,05,07,21.0,1,Y
IDCJAC0010,010917,2014,05,08,16.1,1,Y
IDCJAC0010,010917,2014,05,09,19.0,1,Y
IDCJAC0010,010917,2014,05,10,20.2,1,Y
IDCJAC0010,010917,2014,05,11,21.5,1,Y
IDCJAC0010,010917,2014,05,12,22.1,1,Y
IDCJAC0010,010917,2014,05,13,19.9,1,Y
IDCJAC0010,010917,2014,05,14,19.5,1,Y
IDCJAC0010,010917,2014,05,15,20.3,1,Y
IDCJAC0010,010917,2014,05,16,21.3,1,Y
IDCJAC0010,010917,2014,05,17,21.9,1,Y
IDCJAC0010,010917,2014,05,18,19.7,1,Y
IDCJAC0010,010917,2014,05,19,21.2,1,Y
IDCJAC0010,010917,2014,05,20,21.3,1,Y
IDCJAC0010,010917,2014,05,21,19.2,1,Y
IDCJAC0010,010917,2014,05,22,20.5,1,Y
IDCJAC0010,010917,2014,05,23,18.4,1,Y
IDCJAC0010,010917,2014,05,24,17.8,1,Y
IDCJAC0010,010917,2014,05,25,17.6,1,Y
IDCJAC0010,010917,2014,05,26,17.3,1,Y
IDCJAC0010,010917,2014,05,27,18.7,1,Y
IDCJAC0010,010917,2014,05,28,16.5,1,Y
IDCJAC0010,010917,2014,05,29,17.0,1,Y
IDCJAC0010,010917,2014,05,30,15.9,1,Y
IDCJAC0010,010917,2014,05,31,13.7,1,Y
IDCJAC0010,010917,2014,06,01,20.1,1,Y
IDCJAC0010,010917,2014,06,02,18.8,1,Y
IDCJAC0010,010917,2014,06,03,19.1,1,Y
IDCJAC0010,010917,2014,06,04,19.1,1,Y
IDCJAC0010,010917,2014,06,05,21.6,1,Y
IDCJAC0010,010917,2014,06,06,20.5,1,Y
IDCJAC0010,010917,2014,06,07,16.0,1,Y
IDCJAC0010,010917,2014,06,08,17.3,1,Y
IDCJAC0010,010917,2014,06,09,21.6,1,Y
IDCJAC0010,010917,2014,06,10,14.4,1,Y
IDCJAC0010,010917,2014,06,11,15.5,1,Y
IDCJAC0010,010917,2014,06,12,15.2,1,Y
IDCJAC0010,010917,2014,06,13,15.1,1,Y
IDCJAC0010,010917,2014,06,14,16.1,1,Y
IDCJAC0010,010917,2014,06,15,17.6,1,Y
IDCJAC0010,010917,2014,06,16,18.5,1,Y
IDCJAC0010,010917,2014,06,17,15.6,1,Y
IDCJAC0010,010917,2014,06,18,14.6,1,Y
IDCJAC0010,010917,2014,06,19,17.3,1,Y
IDCJAC0010,010917,2014,06,20,16.4,1,Y
IDCJAC0010,010917,2014,06,21,18.2,1,Y
IDCJAC0010,010917,2014,06,22,13.3,1,Y
IDCJAC0010,010917,2014,06,23,12.7,1,Y
IDCJAC0010,010917,2014,06,24,15.6,1,Y
IDCJAC0010,010917,2014,06,25,17.3,1,Y
IDCJAC0010,010917,2014,06,26,17.2,1,Y
IDCJAC0010,010917,2014,06,27,14.9,1,Y
IDCJAC0010,010917,2014,06,28,11.5,1,Y
IDCJAC0010,010917,2014,06,29,12.3,1,Y
IDCJAC0010,010917,2014,06,30,18.4,1,Y
IDCJAC0010,010917,2014,07,01,21.4,1,Y
IDCJAC0010,010917,2014,07,02,16.5,1,Y
IDCJAC0010,010917,2014,07,03,12.6,1,Y
IDCJAC0010,010917,2014,07,04,18.6,1,Y
IDCJAC0010,010917,2014,07,05,19.3,1,Y
IDCJAC0010,010917,2014,07,06,18.1,1,Y
IDCJAC0010,010917,2014,07,07,14.5,1,Y
IDCJAC0010,010917,2014,07,08,13.4,1,Y
IDCJAC0010,010917,2014,07,09,11.8,1,Y
IDCJAC0010,010917,2014,07,10,14.8,1,Y
IDCJAC0010,010917,2014,07,11,15.7,1,Y
IDCJAC0010,010917,2014,07,12,15.1,1,Y
IDCJAC0010,010917,2014,07,13,15.3,1,Y
IDCJAC0010,010917,2014,07,14,15.2,1,Y
IDCJAC0010,010917,2014,07,15,17.1,1,Y
IDCJAC0010,010917,2014,07,16,,,
IDCJAC0010,010917,2014,07,17,,,
IDCJAC0010,010917,2014,07,18,,,
IDCJAC0010,010917,2014,07,19,,,
IDCJAC0010,010917,2014,07,20,,,
IDCJAC0010,010917,2014,07,21,,,
IDCJAC0010,010917,2014,07,22,,,
IDCJAC0010,010917,2014,07,23,13.9,1,Y
IDCJAC0010,010917,2014,07,24,17.3,1,Y
IDCJAC0010,010917,2014,07,25,17.6,1,Y
IDCJAC0010,010917,2014,07,26,15.8,1,Y
IDCJAC0010,010917,2014,07,27,16.5,1,Y
IDCJAC0010,010917,2014,07,28,17.5,1,Y
IDCJAC0010,010917,2014,07,29,17.3,1,Y
IDCJAC0010,010917,2014,07,30,17.2,1,Y
IDCJAC0010,010917,2014,07,31,12.3,1,Y
IDCJAC0010,010917,2014,08,01,13.5,1,Y
IDCJAC0010,010917,2014,08,02,15.9,1,Y
IDCJAC0010,010917,2014,08,03,16.0,1,Y
IDCJAC0010,010917,2014,08,04,17.7,1,Y
IDCJAC0010,010917,2014,08,05,19.7,1,Y
IDCJAC0010,010917,2014,08,06,21.5,1,Y
IDCJAC0010,010917,2014,08,07,17.0,1,Y
IDCJAC0010,010917,2014,08,08,19.4,1,Y
IDCJAC0010,010917,2014,08,09,15.7,1,Y
IDCJAC0010,010917,2014,08,10,18.7,1,Y
IDCJAC0010,010917,2014,08,11,18.5,1,Y
IDCJAC0010,010917,2014,08,12,17.6,1,Y
IDCJAC0010,010917,2014,08,13,18.2,1,Y
IDCJAC0010,010917,2014,08,14,15.4,1,Y
IDCJAC0010,010917,2014,08,15,16.2,1,Y
IDCJAC0010,010917,2014,08,16,20.8,1,Y
IDCJAC0010,010917,2014,08,17,21.1,1,Y
IDCJAC0010,010917,2014,08,18,15.6,1,Y
IDCJAC0010,010917,2014,08,19,17.5,1,Y
IDCJAC0010,010917,2014,08,20,17.8,1,Y
IDCJAC0010,010917,2014,08,21,19.1,1,Y
IDCJAC0010,010917,2014,08,22,17.4,1,Y
IDCJAC0010,010917,2014,08,23,19.3,1,Y
IDCJAC0010,010917,2014,08,24,20.9,1,Y
IDCJAC0010,010917,2014,08,25,22.1,1,Y
IDCJAC0010,010917,2014,08,26,16.9,1,Y
IDCJAC0010,010917,2014,08,27,20.3,1,Y
IDCJAC0010,010917,2014,08,28,22.4,1,Y
IDCJAC0010,010917,2014,08,29,16.4,1,Y
IDCJAC0010,010917,2014,08,30,16.4,1,Y
IDCJAC0010,010917,2014,08,31,15.9,1,Y
IDCJAC0010,010917,2014,09,01,15.9,1,Y
IDCJAC0010,010917,2014,09,02,19.7,1,Y
IDCJAC0010,010917,2014,09,03,17.1,1,Y
IDCJAC0010,010917,2014,09,04,17.9,1,Y
IDCJAC0010,010917,2014,09,05,22.0,1,Y
IDCJAC0010,010917,2014,09,06,20.8,1,Y
IDCJAC0010,010917,2014,09,07,16.6,1,Y
IDCJAC0010,010917,2014,09,08,14.8,1,Y
IDCJAC0010,010917,2014,09,09,17.9,1,Y
IDCJAC0010,010917,2014,09,10,19.4,1,Y
IDCJAC0010,010917,2014,09,11,20.2,1,Y
IDCJAC0010,010917,2014,09,12,22.5,1,Y
IDCJAC0010,010917,2014,09,13,18.1,1,Y
IDCJAC0010,010917,2014,09,14,20.0,1,Y
IDCJAC0010,010917,2014,09,15,19.3,1,Y
IDCJAC0010,010917,2014,09,16,19.8,1,Y
IDCJAC0010,010917,2014,09,17,22.7,1,Y
IDCJAC0010,010917,2014,09,18,25.0,1,Y
IDCJAC0010,010917,2014,09,19,22.0,1,Y
IDCJAC0010,010917,2014,09,20,29.5,1,Y
IDCJAC0010,010917,2014,09,21,22.5,1,Y
IDCJAC0010,010917,2014,09,22,16.0,1,Y
IDCJAC0010,010917,2014,09,23,15.4,1,Y
IDCJAC0010,010917,2014,09,24,20.9,1,Y
IDCJAC0010,010917,2014,09,25,22.8,1,Y
IDCJAC0010,010917,2014,09,26,22.0,1,Y
IDCJAC0010,010917,2014,09,27,15.0,1,Y
IDCJAC0010,010917,2014,09,28,18.1,1,Y
IDCJAC0010,010917,2014,09,29,19.8,1,Y
IDCJAC0010,010917,2014,09,30,19.4,1,Y
IDCJAC0010,010917,2014,10,01,26.7,1,Y
IDCJAC0010,010917,2014,10,02,27.3,1,Y
IDCJAC0010,010917,2014,10,03,22.8,1,Y
IDCJAC0010,010917,2014,10,04,23.7,1,Y
IDCJAC0010,010917,2014,10,05,16.9,1,Y
IDCJAC0010,010917,2014,10,06,17.4,1,Y
IDCJAC0010,010917,2014,10,07,22.5,1,Y
IDCJAC0010,010917,2014,10,08,23.0,1,Y
IDCJAC0010,010917,2014,10,09,21.1,1,Y
IDCJAC0010,010917,2014,10,10,23.1,1,Y
IDCJAC0010,010917,2014,10,11,21.3,1,Y
IDCJAC0010,010917,2014,10,12,17.2,1,Y
IDCJAC0010,010917,2014,10,13,23.5,1,Y
IDCJAC0010,010917,2014,10,14,27.8,1,Y
IDCJAC0010,010917,2014,10,15,32.2,1,Y
IDCJAC0010,010917,2014,10,16,31.0,1,Y
IDCJAC0010,010917,2014,10,17,24.9,1,Y
IDCJAC0010,010917,2014,10,18,19.1,1,Y
IDCJAC0010,010917,2014,10,19,13.5,1,Y
IDCJAC0010,010917,2014,10,20,20.4,1,Y
IDCJAC0010,010917,2014,10,21,24.5,1,Y
IDCJAC0010,010917,2014,10,22,31.9,1,Y
IDCJAC0010,010917,2014,10,23,22.9,1,Y
IDCJAC0010,010917,2014,10,24,25.7,1,Y
IDCJAC0010,010917,2014,10,25,22.9,1,Y
IDCJAC0010,010917,2014,10,26,23.0,1,Y
IDCJAC0010,010917,2014,10,27,24.7,1,Y
IDCJAC0010,010917,2014,10,28,29.5,1,Y
IDCJAC0010,010917,2014,10,29,28.2,1,Y
IDCJAC0010,010917,2014,10,30,26.6,1,Y
IDCJAC0010,010917,2014,10,31,24.1,1,Y
IDCJAC0010,010917,2014,11,01,28.6,1,Y
IDCJAC0010,010917,2014,11,02,28.1,1,Y
IDCJAC0010,010917,2014,11,03,23.1,1,Y
IDCJAC0010,010917,2014,11,04,29.0,1,Y
IDCJAC0010,010917,2014,11,05,32.8,1,Y
IDCJAC0010,010917,2014,11,06,22.7,1,Y
IDCJAC0010,010917,2014,11,07,21.5,1,Y
IDCJAC0010,010917,2014,11,08,27.1,1,Y
IDCJAC0010,010917,2014,11,09,35.8,1,Y
IDCJAC0010,010917,2014,11,10,26.9,1,Y
IDCJAC0010,010917,2014,11,11,25.3,1,Y
IDCJAC0010,010917,2014,11,12,22.8,1,Y
IDCJAC0010,010917,2014,11,13,18.7,1,Y
IDCJAC0010,010917,2014,11,14,21.3,1,Y
IDCJAC0010,010917,2014,11,15,26.0,1,Y
IDCJAC0010,010917,2014,11,16,31.2,1,Y
IDCJAC0010,010917,2014,11,17,31.6,1,Y
IDCJAC0010,010917,2014,11,18,32.3,1,Y
IDCJAC0010,010917,2014,11,19,25.6,1,Y
IDCJAC0010,010917,2014,11,20,24.8,1,Y
IDCJAC0010,010917,2014,11,21,24.5,1,Y
IDCJAC0010,010917,2014,11,22,23.3,1,Y
IDCJAC0010,010917,2014,11,23,24.2,1,Y
IDCJAC0010,010917,2014,11,24,26.9,1,Y
IDCJAC0010,010917,2014,11,25,31.6,1,Y
IDCJAC0010,010917,2014,11,26,34.0,1,Y
IDCJAC0010,010917,2014,11,27,26.9,1,Y
IDCJAC0010,010917,2014,11,28,27.5,1,Y
IDCJAC0010,010917,2014,11,29,28.0,1,Y
IDCJAC0010,010917,2014,11,30,31.4,1,Y
IDCJAC0010,010917,2014,12,01,25.2,1,N
IDCJAC0010,010917,2014,12,02,25.6,1,N
IDCJAC0010,010917,2014,12,03,30.3,1,N
IDCJAC0010,010917,2014,12,04,28.4,1,N
IDCJAC0010,010917,2014,12,05,24.0,1,N
IDCJAC0010,010917,2014,12,06,30.8,1,N
IDCJAC0010,010917,2014,12,07,33.4,1,N
IDCJAC0010,010917,2014,12,08,27.7,1,N
IDCJAC0010,010917,2014,12,09,23.8,1,N
IDCJAC0010,010917,2014,12,10,25.5,1,N
IDCJAC0010,010917,2014,12,11,32.4,1,N
IDCJAC0010,010917,2014,12,12,31.3,1,N
IDCJAC0010,010917,2014,12,13,27.5,1,N
IDCJAC0010,010917,2014,12,14,30.9,1,N
IDCJAC0010,010917,2014,12,15,24.4,1,N
IDCJAC0010,010917,2014,12,16,27.6,1,N
IDCJAC0010,010917,2014,12,17,27.3,1,N
IDCJAC0010,010917,2014,12,18,31.2,1,N
IDCJAC0010,010917,2014,12,19,38.7,1,N
IDCJAC0010,010917,2014,12,20,32.9,1,N
IDCJAC0010,010917,2014,12,21,27.2,1,N
IDCJAC0010,010917,2014,12,22,28.3,1,N
IDCJAC0010,010917,2014,12,23,29.4,1,N
IDCJAC0010,010917,2014,12,24,30.5,1,N
IDCJAC0010,010917,2014,12,25,29.0,1,N
IDCJAC0010,010917,2014,12,26,31.5,1,N
IDCJAC0010,010917,2014,12,27,34.0,1,N
IDCJAC0010,010917,2014,12,28,32.8,1,N
IDCJAC0010,010917,2014,12,29,35.3,1,N
IDCJAC0010,010917,2014,12,30,42.7,1,N
IDCJAC0010,010917,2014,12,31,30.4,1,N
IDCJAC0010,010917,2015,01,01,32.9,1,Y
IDCJAC0010,010917,2015,01,02,27.6,1,Y
IDCJAC0010,010917,2015,01,03,29.0,1,Y
IDCJAC0010,010917,2015,01,04,36.0,1,Y
IDCJAC0010,010917,2015,01,05,43.1,1,Y
IDCJAC0010,010917,2015,01,06,40.0,1,Y
IDCJAC0010,010917,2015,01,07,29.6,1,Y
IDCJAC0010,010917,2015,01,08,28.3,1,Y
IDCJAC0010,010917,2015,01,09,26.3,1,Y
IDCJAC0010,010917,2015,01,10,28.0,1,Y
IDCJAC0010,010917,2015,01,11,30.2,1,Y
IDCJAC0010,010917,2015,01,12,34.8,1,Y
IDCJAC0010,010917,2015,01,13,39.0,1,Y
IDCJAC0010,010917,2015,01,14,35.7,1,Y
IDCJAC0010,010917,2015,01,15,31.2,1,Y
IDCJAC0010,010917,2015,01,16,32.2,1,Y
IDCJAC0010,010917,2015,01,17,37.0,1,Y
IDCJAC0010,010917,2015,01,18,36.0,1,Y
IDCJAC0010,010917,2015,01,19,31.9,1,Y
IDCJAC0010,010917,2015,01,20,41.0,1,Y
IDCJAC0010,010917,2015,01,21,40.6,1,Y
IDCJAC0010,010917,2015,01,22,32.2,1,Y
IDCJAC0010,010917,2015,01,23,32.4,1,Y
IDCJAC0010,010917,2015,01,24,28.9,1,Y
IDCJAC0010,010917,2015,01,25,30.2,1,Y
IDCJAC0010,010917,2015,01,26,33.6,1,Y
IDCJAC0010,010917,2015,01,27,38.1,1,Y
IDCJAC0010,010917,2015,01,28,39.8,1,Y
IDCJAC0010,010917,2015,01,29,37.9,1,Y
IDCJAC0010,010917,2015,01,30,35.2,1,Y
IDCJAC0010,010917,2015,01,31,29.5,1,Y
IDCJAC0010,010917,2015,02,01,31.3,1,Y
IDCJAC0010,010917,2015,02,02,35.5,1,Y
IDCJAC0010,010917,2015,02,03,38.8,1,Y
IDCJAC0010,010917,2015,02,04,36.7,1,Y
IDCJAC0010,010917,2015,02,05,35.3,1,Y
IDCJAC0010,010917,2015,02,06,32.9,1,Y
IDCJAC0010,010917,2015,02,07,33.7,1,Y
IDCJAC0010,010917,2015,02,08,41.1,1,Y
IDCJAC0010,010917,2015,02,09,39.4,1,Y
IDCJAC0010,010917,2015,02,10,40.0,1,Y
IDCJAC0010,010917,2015,02,11,35.2,1,Y
IDCJAC0010,010917,2015,02,12,31.8,1,Y
IDCJAC0010,010917,2015,02,13,30.9,1,Y
IDCJAC0010,010917,2015,02,14,26.7,1,Y
IDCJAC0010,010917,2015,02,15,29.1,1,Y
IDCJAC0010,010917,2015,02,16,33.8,1,Y
IDCJAC0010,010917,2015,02,17,35.4,1,Y
IDCJAC0010,010917,2015,02,18,37.2,1,Y
IDCJAC0010,010917,2015,02,19,33.2,1,Y
IDCJAC0010,010917,2015,02,20,31.9,1,Y
IDCJAC0010,010917,2015,02,21,29.9,1,Y
IDCJAC0010,010917,2015,02,22,26.7,1,Y
IDCJAC0010,010917,2015,02,23,30.9,1,Y
IDCJAC0010,010917,2015,02,24,40.6,1,Y
IDCJAC0010,010917,2015,02,25,39.1,1,Y
IDCJAC0010,010917,2015,02,26,36.9,1,Y
IDCJAC0010,010917,2015,02,27,29.6,1,Y
IDCJAC0010,010917,2015,02,28,28.2,1,Y
IDCJAC0010,010917,2015,03,01,30.9,1,Y
IDCJAC0010,010917,2015,03,02,24.4,1,Y
IDCJAC0010,010917,2015,03,03,29.3,1,Y
IDCJAC0010,010917,2015,03,04,30.7,1,Y
IDCJAC0010,010917,2015,03,05,29.7,1,Y
IDCJAC0010,010917,2015,03,06,31.3,1,Y
IDCJAC0010,010917,2015,03,07,31.3,1,Y
IDCJAC0010,010917,2015,03,08,30.2,1,Y
IDCJAC0010,010917,2015,03,09,31.6,1,Y
IDCJAC0010,010917,2015,03,10,32.7,1,Y
IDCJAC0010,010917,2015,03,11,32.5,1,Y
IDCJAC0010,010917,2015,03,12,38.7,1,Y
IDCJAC0010,010917,2015,03,13,35.2,1,Y
IDCJAC0010,010917,2015,03,14,31.5,1,Y
IDCJAC0010,010917,2015,03,15,26.5,1,Y
IDCJAC0010,010917,2015,03,16,26.7,1,Y
IDCJAC0010,010917,2015,03,17,27.5,1,Y
IDCJAC0010,010917,2015,03,18,23.2,1,Y
IDCJAC0010,010917,2015,03,19,23.8,1,Y
IDCJAC0010,010917,2015,03,20,28.6,1,Y
IDCJAC0010,010917,2015,03,21,28.1,1,Y
IDCJAC0010,010917,2015,03,22,21.9,1,Y
IDCJAC0010,010917,2015,03,23,21.9,1,Y
IDCJAC0010,010917,2015,03,24,24.3,1,Y
IDCJAC0010,010917,2015,03,25,25.0,1,Y
IDCJAC0010,010917,2015,03,26,28.0,1,Y
IDCJAC0010,010917,2015,03,27,23.3,1,Y
IDCJAC0010,010917,2015,03,28,26.4,1,Y
IDCJAC0010,010917,2015,03,29,29.9,1,Y
IDCJAC0010,010917,2015,03,30,31.4,1,Y
IDCJAC0010,010917,2015,03,31,25.7,1,Y
IDCJAC0010,010917,2015,04,01,23.9,1,Y
IDCJAC0010,010917,2015,04,02,25.1,1,Y
IDCJAC0010,010917,2015,04,03,27.5,1,Y
IDCJAC0010,010917,2015,04,04,27.5,1,Y
IDCJAC0010,010917,2015,04,05,25.7,1,Y
IDCJAC0010,010917,2015,04,06,21.0,1,Y
IDCJAC0010,010917,2015,04,07,17.9,1,Y
IDCJAC0010,010917,2015,04,08,21.7,1,Y
IDCJAC0010,010917,2015,04,09,21.9,1,Y
IDCJAC0010,010917,2015,04,10,23.2,1,Y
IDCJAC0010,010917,2015,04,11,21.6,1,Y
IDCJAC0010,010917,2015,04,12,21.7,1,Y
IDCJAC0010,010917,2015,04,13,21.6,1,Y
IDCJAC0010,010917,2015,04,14,21.0,1,Y
IDCJAC0010,010917,2015,04,15,19.0,1,Y
IDCJAC0010,010917,2015,04,16,19.9,1,Y
IDCJAC0010,010917,2015,04,17,23.5,1,Y
IDCJAC0010,010917,2015,04,18,23.5,1,Y
IDCJAC0010,010917,2015,04,19,24.8,1,Y
IDCJAC0010,010917,2015,04,20,24.9,1,Y
IDCJAC0010,010917,2015,04,21,25.1,1,Y
IDCJAC0010,010917,2015,04,22,25.9,1,Y
IDCJAC0010,010917,2015,04,23,21.0,1,Y
IDCJAC0010,010917,2015,04,24,17.6,1,Y
IDCJAC0010,010917,2015,04,25,19.7,1,Y
IDCJAC0010,010917,2015,04,26,21.3,1,Y
IDCJAC0010,010917,2015,04,27,22.1,1,Y
IDCJAC0010,010917,2015,04,28,23.3,1,Y
IDCJAC0010,010917,2015,04,29,24.4,1,Y
IDCJAC0010,010917,2015,04,30,27.7,1,Y
IDCJAC0010,010917,2015,05,01,18.5,1,Y
IDCJAC0010,010917,2015,05,02,20.7,1,Y
IDCJAC0010,010917,2015,05,03,21.4,1,Y
IDCJAC0010,010917,2015,05,04,15.2,1,Y
IDCJAC0010,010917,2015,05,05,17.0,1,Y
IDCJAC0010,010917,2015,05,06,18.7,1,Y
IDCJAC0010,010917,2015,05,07,20.0,1,Y
IDCJAC0010,010917,2015,05,08,21.1,1,Y
IDCJAC0010,010917,2015,05,09,20.4,1,Y
IDCJAC0010,010917,2015,05,10,22.1,1,Y
IDCJAC0010,010917,2015,05,11,19.2,1,Y
IDCJAC0010,010917,2015,05,12,20.3,1,Y
IDCJAC0010,010917,2015,05,13,20.5,1,Y
IDCJAC0010,010917,2015,05,14,22.7,1,Y
IDCJAC0010,010917,2015,05,15,22.9,1,Y
IDCJAC0010,010917,2015,05,16,13.9,1,Y
IDCJAC0010,010917,2015,05,17,15.6,1,Y
IDCJAC0010,010917,2015,05,18,18.5,1,Y
IDCJAC0010,010917,2015,05,19,14.6,1,Y
IDCJAC0010,010917,2015,05,20,13.2,1,Y
IDCJAC0010,010917,2015,05,21,16.2,1,Y
IDCJAC0010,010917,2015,05,22,18.2,1,Y
IDCJAC0010,010917,2015,05,23,20.8,1,Y
IDCJAC0010,010917,2015,05,24,19.4,1,Y
IDCJAC0010,010917,2015,05,25,20.3,1,Y
IDCJAC0010,010917,2015,05,26,18.4,1,Y
IDCJAC0010,010917,2015,05,27,15.3,1,Y
IDCJAC0010,010917,2015,05,28,15.8,1,Y
IDCJAC0010,010917,2015,05,29,17.4,1,Y
IDCJAC0010,010917,2015,05,30,19.8,1,Y
IDCJAC0010,010917,2015,05,31,20.7,1,Y
IDCJAC0010,010917,2015,06,01,18.3,1,Y
IDCJAC0010,010917,2015,06,02,18.9,1,Y
IDCJAC0010,010917,2015,06,03,21.0,1,Y
IDCJAC0010,010917,2015,06,04,21.8,1,Y
IDCJAC0010,010917,2015,06,05,22.1,1,Y
IDCJAC0010,010917,2015,06,06,19.5,1,Y
IDCJAC0010,010917,2015,06,07,19.8,1,Y
IDCJAC0010,010917,2015,06,08,17.7,1,Y
IDCJAC0010,010917,2015,06,09,19.1,1,Y
IDCJAC0010,010917,2015,06,10,20.4,1,Y
IDCJAC0010,010917,2015,06,11,22.7,1,Y
IDCJAC0010,010917,2015,06,12,19.5,1,Y
IDCJAC0010,010917,2015,06,13,16.3,1,Y
IDCJAC0010,010917,2015,06,14,16.3,1,Y
IDCJAC0010,010917,2015,06,15,17.2,1,Y
IDCJAC0010,010917,2015,06,16,18.1,1,Y
IDCJAC0010,010917,2015,06,17,14.2,1,Y
IDCJAC0010,010917,2015,06,18,16.7,1,Y
IDCJAC0010,010917,2015,06,19,21.5,1,Y
IDCJAC0010,010917,2015,06,20,20.4,1,Y
IDCJAC0010,010917,2015,06,21,15.9,1,Y
IDCJAC0010,010917,2015,06,22,13.4,1,Y
IDCJAC0010,010917,2015,06,23,14.2,1,Y
IDCJAC0010,010917,2015,06,24,17.3,1,Y
IDCJAC0010,010917,2015,06,25,18.4,1,Y
IDCJAC0010,010917,2015,06,26,16.2,1,Y
IDCJAC0010,010917,2015,06,27,15.9,1,Y
IDCJAC0010,010917,2015,06,28,17.1,1,Y
IDCJAC0010,010917,2015,06,29,20.3,1,Y
IDCJAC0010,010917,2015,06,30,20.4,1,Y
IDCJAC0010,010917,2015,07,01,19.2,1,Y
IDCJAC0010,010917,2015,07,02,17.0,1,Y
IDCJAC0010,010917,2015,07,03,20.6,1,Y
IDCJAC0010,010917,2015,07,04,18.7,1,Y
IDCJAC0010,010917,2015,07,05,16.1,1,Y
IDCJAC0010,010917,2015,07,06,17.7,1,Y
IDCJAC0010,010917,2015,07,07,16.0,1,Y
IDCJAC0010,010917,2015,07,08,12.1,1,Y
IDCJAC0010,010917,2015,07,09,12.4,1,Y
IDCJAC0010,010917,2015,07,10,14.8,1,Y
IDCJAC0010,010917,2015,07,11,13.3,1,Y
IDCJAC0010,010917,2015,07,12,14.4,1,Y
IDCJAC0010,010917,2015,07,13,14.8,1,Y
IDCJAC0010,010917,2015,07,14,14.9,1,Y
IDCJAC0010,010917,2015,07,15,14.9,1,Y
IDCJAC0010,010917,2015,07,16,15.8,1,Y
IDCJAC0010,010917,2015,07,17,16.7,1,Y
IDCJAC0010,010917,2015,07,18,17.6,1,Y
IDCJAC0010,010917,2015,07,19,17.4,1,Y
IDCJAC0010,010917,2015,07,20,18.2,1,Y
IDCJAC0010,010917,2015,07,21,14.0,1,Y
IDCJAC0010,010917,2015,07,22,15.2,1,Y
IDCJAC0010,010917,2015,07,23,14.2,1,Y
IDCJAC0010,010917,2015,07,24,14.8,1,Y
IDCJAC0010,010917,2015,07,25,15.4,1,Y
IDCJAC0010,010917,2015,07,26,15.4,1,Y
IDCJAC0010,010917,2015,07,27,17.2,1,Y
IDCJAC0010,010917,2015,07,28,13.9,1,Y
IDCJAC0010,010917,2015,07,29,17.0,1,Y
IDCJAC0010,010917,2015,07,30,17.3,1,Y
IDCJAC0010,010917,2015,07,31,19.4,1,Y
IDCJAC0010,010917,2015,08,01,13.6,1,Y
IDCJAC0010,010917,2015,08,02,14.2,1,Y
IDCJAC0010,010917,2015,08,03,15.8,1,Y
IDCJAC0010,010917,2015,08,04,16.1,1,Y
IDCJAC0010,010917,2015,08,05,15.0,1,Y
IDCJAC0010,010917,2015,08,06,15.6,1,Y
IDCJAC0010,010917,2015,08,07,15.9,1,Y
IDCJAC0010,010917,2015,08,08,12.8,1,Y
IDCJAC0010,010917,2015,08,09,13.2,1,Y
IDCJAC0010,010917,2015,08,10,16.2,1,Y
IDCJAC0010,010917,2015,08,11,15.4,1,Y
IDCJAC0010,010917,2015,08,12,13.9,1,Y
IDCJAC0010,010917,2015,08,13,16.7,1,Y
IDCJAC0010,010917,2015,08,14,19.8,1,Y
IDCJAC0010,010917,2015,08,15,23.1,1,Y
IDCJAC0010,010917,2015,08,16,25.1,1,Y
IDCJAC0010,010917,2015,08,17,21.6,1,Y
IDCJAC0010,010917,2015,08,18,18.0,1,Y
IDCJAC0010,010917,2015,08,19,18.2,1,Y
IDCJAC0010,010917,2015,08,20,16.4,1,Y
IDCJAC0010,010917,2015,08,21,13.4,1,Y
IDCJAC0010,010917,2015,08,22,15.7,1,Y
IDCJAC0010,010917,2015,08,23,15.3,1,Y
IDCJAC0010,010917,2015,08,24,16.2,1,Y
IDCJAC0010,010917,2015,08,25,15.2,1,Y
IDCJAC0010,010917,2015,08,26,18.0,1,Y
IDCJAC0010,010917,2015,08,27,21.2,1,Y
IDCJAC0010,010917,2015,08,28,20.2,1,Y
IDCJAC0010,010917,2015,08,29,19.6,1,Y
IDCJAC0010,010917,2015,08,30,17.2,1,Y
IDCJAC0010,010917,2015,08,31,15.4,1,Y
IDCJAC0010,010917,2015,09,01,12.5,1,Y
IDCJAC0010,010917,2015,09,02,12.3,1,Y
IDCJAC0010,010917,2015,09,03,17.3,1,Y
IDCJAC0010,010917,2015,09,04,19.4,1,Y
IDCJAC0010,010917,2015,09,05,17.7,1,Y
IDCJAC0010,010917,2015,09,06,15.8,1,Y
IDCJAC0010,010917,2015,09,07,20.2,1,Y
IDCJAC0010,010917,2015,09,08,23.2,1,Y
IDCJAC0010,010917,2015,09,09,27.2,1,Y
IDCJAC0010,010917,2015,09,10,20.9,1,Y
IDCJAC0010,010917,2015,09,11,20.2,1,Y
IDCJAC0010,010917,2015,09,12,14.8,1,Y
IDCJAC0010,010917,2015,09,13,16.3,1,Y
IDCJAC0010,010917,2015,09,14,17.6,1,Y
IDCJAC0010,010917,2015,09,15,13.6,1,Y
IDCJAC0010,010917,2015,09,16,16.4,1,Y
IDCJAC0010,010917,2015,09,17,22.5,1,Y
IDCJAC0010,010917,2015,09,18,26.3,1,Y
IDCJAC0010,010917,2015,09,19,15.8,1,Y
IDCJAC0010,010917,2015,09,20,16.8,1,Y
IDCJAC0010,010917,2015,09,21,19.0,1,Y
IDCJAC0010,010917,2015,09,22,22.2,1,Y
IDCJAC0010,010917,2015,09,23,25.8,1,Y
IDCJAC0010,010917,2015,09,24,29.0,1,Y
IDCJAC0010,010917,2015,09,25,24.7,1,Y
IDCJAC0010,010917,2015,09,26,21.1,1,Y
IDCJAC0010,010917,2015,09,27,20.5,1,Y
IDCJAC0010,010917,2015,09,28,27.4,1,Y
IDCJAC0010,010917,2015,09,29,22.2,1,Y
IDCJAC0010,010917,2015,09,30,24.5,1,Y
IDCJAC0010,010917,2015,10,01,32.2,1,Y
IDCJAC0010,010917,2015,10,02,28.0,1,Y
IDCJAC0010,010917,2015,10,03,25.5,1,Y
IDCJAC0010,010917,2015,10,04,25.2,1,Y
IDCJAC0010,010917,2015,10,05,18.7,1,Y
IDCJAC0010,010917,2015,10,06,19.1,1,Y
IDCJAC0010,010917,2015,10,07,24.2,1,Y
IDCJAC0010,010917,2015,10,08,31.1,1,Y
IDCJAC0010,010917,2015,10,09,35.3,1,Y
IDCJAC0010,010917,2015,10,10,33.4,1,Y
IDCJAC0010,010917,2015,10,11,29.9,1,Y
IDCJAC0010,010917,2015,10,12,33.4,1,Y
IDCJAC0010,010917,2015,10,13,33.6,1,Y
IDCJAC0010,010917,2015,10,14,20.9,1,Y
IDCJAC0010,010917,2015,10,15,19.5,1,Y
IDCJAC0010,010917,2015,10,16,22.8,1,Y
IDCJAC0010,010917,2015,10,17,31.6,1,Y
IDCJAC0010,010917,2015,10,18,22.5,1,Y
IDCJAC0010,010917,2015,10,19,21.3,1,Y
IDCJAC0010,010917,2015,10,20,26.6,1,Y
IDCJAC0010,010917,2015,10,21,32.5,1,Y
IDCJAC0010,010917,2015,10,22,32.4,1,Y
IDCJAC0010,010917,2015,10,23,24.1,1,Y
IDCJAC0010,010917,2015,10,24,24.3,1,Y
IDCJAC0010,010917,2015,10,25,23.2,1,Y
IDCJAC0010,010917,2015,10,26,25.8,1,Y
IDCJAC0010,010917,2015,10,27,27.0,1,Y
IDCJAC0010,010917,2015,10,28,28.0,1,Y
IDCJAC0010,010917,2015,10,29,31.1,1,Y
IDCJAC0010,010917,2015,10,30,28.5,1,Y
IDCJAC0010,010917,2015,10,31,25.4,1,Y
IDCJAC0010,010917,2015,11,01,25.1,1,Y
IDCJAC0010,010917,2015,11,02,23.2,1,Y
IDCJAC0010,010917,2015,11,03,27.3,1,Y
IDCJAC0010,010917,2015,11,04,29.4,1,Y
IDCJAC0010,010917,2015,11,05,26.5,1,Y
IDCJAC0010,010917,2015,11,06,26.2,1,Y
IDCJAC0010,010917,2015,11,07,23.4,1,Y
IDCJAC0010,010917,2015,11,08,29.8,1,Y
IDCJAC0010,010917,2015,11,09,28.8,1,Y
IDCJAC0010,010917,2015,11,10,31.3,1,Y
IDCJAC0010,010917,2015,11,11,33.0,1,Y
IDCJAC0010,010917,2015,11,12,33.6,1,Y
IDCJAC0010,010917,2015,11,13,35.3,1,Y
IDCJAC0010,010917,2015,11,14,38.5,1,Y
IDCJAC0010,010917,2015,11,15,34.4,1,Y
IDCJAC0010,010917,2015,11,16,33.7,1,Y
IDCJAC0010,010917,2015,11,17,31.9,1,Y
IDCJAC0010,010917,2015,11,18,20.6,1,Y
IDCJAC0010,010917,2015,11,19,22.2,1,Y
IDCJAC0010,010917,2015,11,20,27.5,1,Y
IDCJAC0010,010917,2015,11,21,32.1,1,Y
IDCJAC0010,010917,2015,11,22,37.3,1,Y
IDCJAC0010,010917,2015,11,23,34.2,1,Y
IDCJAC0010,010917,2015,11,24,26.8,1,Y
IDCJAC0010,010917,2015,11,25,25.6,1,Y
IDCJAC0010,010917,2015,11,26,28.4,1,Y
IDCJAC0010,010917,2015,11,27,33.1,1,Y
IDCJAC0010,010917,2015,11,28,29.8,1,Y
IDCJAC0010,010917,2015,11,29,29.3,1,Y
IDCJAC0010,010917,2015,11,30,25.4,1,Y
IDCJAC0010,010917,2015,12,01,26.5,1,Y
IDCJAC0010,010917,2015,12,02,33.5,1,Y
IDCJAC0010,010917,2015,12,03,33.2,1,Y
IDCJAC0010,010917,2015,12,04,26.5,1,Y
IDCJAC0010,010917,2015,12,05,16.2,1,Y
IDCJAC0010,010917,2015,12,06,22.1,1,Y
IDCJAC0010,010917,2015,12,07,23.4,1,Y
IDCJAC0010,010917,2015,12,08,27.2,1,Y
IDCJAC0010,010917,2015,12,09,27.9,1,Y
IDCJAC0010,010917,2015,12,10,26.6,1,Y
IDCJAC0010,010917,2015,12,11,30.1,1,Y
IDCJAC0010,010917,2015,12,12,32.7,1,Y
IDCJAC0010,010917,2015,12,13,30.1,1,Y
IDCJAC0010,010917,2015,12,14,31.3,1,Y
IDCJAC0010,010917,2015,12,15,36.0,1,Y
IDCJAC0010,010917,2015,12,16,32.2,1,Y
IDCJAC0010,010917,2015,12,17,30.3,1,Y
IDCJAC0010,010917,2015,12,18,30.6,1,Y
IDCJAC0010,010917,2015,12,19,24.9,1,Y
IDCJAC0010,010917,2015,12,20,27.4,1,Y
IDCJAC0010,010917,2015,12,21,34.8,1,Y
IDCJAC0010,010917,2015,12,22,38.7,1,Y
IDCJAC0010,010917,2015,12,23,38.7,1,Y
IDCJAC0010,010917,2015,12,24,31.6,1,Y
IDCJAC0010,010917,2015,12,25,27.0,1,Y
IDCJAC0010,010917,2015,12,26,30.1,1,Y
IDCJAC0010,010917,2015,12,27,36.8,1,Y
IDCJAC0010,010917,2015,12,28,40.7,1,Y
IDCJAC0010,010917,2015,12,29,41.9,1,Y
IDCJAC0010,010917,2015,12,30,29.2,1,Y
IDCJAC0010,010917,2015,12,31,28.3,1,Y
IDCJAC0010,010917,2016,01,01,30.4,1,Y
IDCJAC0010,010917,2016,01,02,33.3,1,Y
IDCJAC0010,010917,2016,01,03,35.1,1,Y
IDCJAC0010,010917,2016,01,04,35.5,1,Y
IDCJAC0010,010917,2016,01,05,36.9,1,Y
IDCJAC0010,010917,2016,01,06,37.7,1,Y
IDCJAC0010,010917,2016,01,07,39.1,1,Y
IDCJAC0010,010917,2016,01,08,32.1,1,Y
IDCJAC0010,010917,2016,01,09,37.2,1,Y
IDCJAC0010,010917,2016,01,10,32.2,1,Y
IDCJAC0010,010917,2016,01,11,31.1,1,Y
IDCJAC0010,010917,2016,01,12,27.0,1,Y
IDCJAC0010,010917,2016,01,13,27.9,1,Y
IDCJAC0010,010917,2016,01,14,31.1,1,Y
IDCJAC0010,010917,2016,01,15,34.1,1,Y
IDCJAC0010,010917,2016,01,16,36.2,1,Y
IDCJAC0010,010917,2016,01,17,35.7,1,Y
IDCJAC0010,010917,2016,01,18,25.0,1,Y
IDCJAC0010,010917,2016,01,19,24.3,1,Y
IDCJAC0010,010917,2016,01,20,24.4,1,Y
IDCJAC0010,010917,2016,01,21,22.1,1,Y
IDCJAC0010,010917,2016,01,22,28.0,1,Y
IDCJAC0010,010917,2016,01,23,33.7,1,Y
IDCJAC0010,010917,2016,01,24,33.5,1,Y
IDCJAC0010,010917,2016,01,25,29.8,1,Y
IDCJAC0010,010917,2016,01,26,31.8,1,Y
IDCJAC0010,010917,2016,01,27,30.3,1,Y
IDCJAC0010,010917,2016,01,28,31.1,1,Y
IDCJAC0010,010917,2016,01,29,33.1,1,Y
IDCJAC0010,010917,2016,01,30,22.0,1,Y
IDCJAC0010,010917,2016,01,31,23.4,1,Y
IDCJAC0010,010917,2016,02,01,22.1,1,Y
IDCJAC0010,010917,2016,02,02,24.7,1,Y
IDCJAC0010,010917,2016,02,03,28.6,1,Y
IDCJAC0010,010917,2016,02,04,31.6,1,Y
IDCJAC0010,010917,2016,02,05,35.6,1,Y
IDCJAC0010,010917,2016,02,06,35.0,1,Y
IDCJAC0010,010917,2016,02,07,37.1,1,Y
IDCJAC0010,010917,2016,02,08,39.0,1,Y
IDCJAC0010,010917,2016,02,09,41.8,1,Y
IDCJAC0010,010917,2016,02,10,42.8,1,Y
IDCJAC0010,010917,2016,02,11,42.7,1,Y
IDCJAC0010,010917,2016,02,12,33.6,1,Y
IDCJAC0010,010917,2016,02,13,27.6,1,Y
IDCJAC0010,010917,2016,02,14,28.5,1,Y
IDCJAC0010,010917,2016,02,15,30.5,1,Y
IDCJAC0010,010917,2016,02,16,34.9,1,Y
IDCJAC0010,010917,2016,02,17,38.6,1,Y
IDCJAC0010,010917,2016,02,18,27.3,1,Y
IDCJAC0010,010917,2016,02,19,25.0,1,Y
IDCJAC0010,010917,2016,02,20,31.1,1,Y
IDCJAC0010,010917,2016,02,21,30.9,1,Y
IDCJAC0010,010917,2016,02,22,24.6,1,Y
IDCJAC0010,010917,2016,02,23,24.0,1,Y
IDCJAC0010,010917,2016,02,24,23.1,1,Y
IDCJAC0010,010917,2016,02,25,26.4,1,Y
IDCJAC0010,010917,2016,02,26,34.3,1,Y
IDCJAC0010,010917,2016,02,27,40.2,1,Y
IDCJAC0010,010917,2016,02,28,32.0,1,Y
IDCJAC0010,010917,2016,02,29,28.7,1,Y
IDCJAC0010,010917,2016,03,01,27.2,1,Y
IDCJAC0010,010917,2016,03,02,32.3,1,Y
IDCJAC0010,010917,2016,03,03,34.4,1,Y
IDCJAC0010,010917,2016,03,04,26.6,1,Y
IDCJAC0010,010917,2016,03,05,27.2,1,Y
IDCJAC0010,010917,2016,03,06,28.2,1,Y
IDCJAC0010,010917,2016,03,07,30.0,1,Y
IDCJAC0010,010917,2016,03,08,32.5,1,Y
IDCJAC0010,010917,2016,03,09,35.7,1,Y
IDCJAC0010,010917,2016,03,10,32.7,1,Y
IDCJAC0010,010917,2016,03,11,30.6,1,Y
IDCJAC0010,010917,2016,03,12,33.6,1,Y
IDCJAC0010,010917,2016,03,13,35.5,1,Y
IDCJAC0010,010917,2016,03,14,36.7,1,Y
IDCJAC0010,010917,2016,03,15,37.2,1,Y
IDCJAC0010,010917,2016,03,16,26.2,1,Y
IDCJAC0010,010917,2016,03,17,24.7,1,Y
IDCJAC0010,010917,2016,03,18,25.1,1,Y
IDCJAC0010,010917,2016,03,19,25.9,1,Y
IDCJAC0010,010917,2016,03,20,30.4,1,Y
IDCJAC0010,010917,2016,03,21,32.8,1,Y
IDCJAC0010,010917,2016,03,22,20.0,1,Y
IDCJAC0010,010917,2016,03,23,16.9,1,Y
IDCJAC0010,010917,2016,03,24,21.8,1,Y
IDCJAC0010,010917,2016,03,25,29.6,1,Y
IDCJAC0010,010917,2016,03,26,19.8,1,Y
IDCJAC0010,010917,2016,03,27,19.8,1,Y
IDCJAC0010,010917,2016,03,28,23.0,1,Y
IDCJAC0010,010917,2016,03,29,26.5,1,Y
IDCJAC0010,010917,2016,03,30,28.7,1,Y
IDCJAC0010,010917,2016,03,31,27.6,1,Y
IDCJAC0010,010917,2016,04,01,26.4,1,Y
IDCJAC0010,010917,2016,04,02,27.8,1,Y
IDCJAC0010,010917,2016,04,03,32.1,1,Y
IDCJAC0010,010917,2016,04,04,24.2,1,Y
IDCJAC0010,010917,2016,04,05,18.3,1,Y
IDCJAC0010,010917,2016,04,06,20.4,1,Y
IDCJAC0010,010917,2016,04,07,22.4,1,Y
IDCJAC0010,010917,2016,04,08,25.2,1,Y
IDCJAC0010,010917,2016,04,09,22.2,1,Y
IDCJAC0010,010917,2016,04,10,22.9,1,Y
IDCJAC0010,010917,2016,04,11,20.6,1,Y
IDCJAC0010,010917,2016,04,12,23.4,1,Y
IDCJAC0010,010917,2016,04,13,25.6,1,Y
IDCJAC0010,010917,2016,04,14,23.7,1,Y
IDCJAC0010,010917,2016,04,15,22.3,1,Y
IDCJAC0010,010917,2016,04,16,28.0,1,Y
IDCJAC0010,010917,2016,04,17,24.1,1,Y
IDCJAC0010,010917,2016,04,18,20.8,1,Y
IDCJAC0010,010917,2016,04,19,22.3,1,Y
IDCJAC0010,010917,2016,04,20,20.6,1,Y
IDCJAC0010,010917,2016,04,21,20.8,1,Y
IDCJAC0010,010917,2016,04,22,22.5,1,Y
IDCJAC0010,010917,2016,04,23,24.9,1,Y
IDCJAC0010,010917,2016,04,24,26.7,1,Y
IDCJAC0010,010917,2016,04,25,20.9,1,Y
IDCJAC0010,010917,2016,04,26,17.8,1,Y
IDCJAC0010,010917,2016,04,27,15.9,1,Y
IDCJAC0010,010917,2016,04,28,18.4,1,Y
IDCJAC0010,010917,2016,04,29,18.7,1,Y
IDCJAC0010,010917,2016,04,30,15.8,1,Y
IDCJAC0010,010917,2016,05,01,16.2,1,Y
IDCJAC0010,010917,2016,05,02,20.3,1,Y
IDCJAC0010,010917,2016,05,03,18.7,1,Y
IDCJAC0010,010917,2016,05,04,21.5,1,Y
IDCJAC0010,010917,2016,05,05,17.4,1,Y
IDCJAC0010,010917,2016,05,06,18.6,1,Y
IDCJAC0010,010917,2016,05,07,16.3,1,Y
IDCJAC0010,010917,2016,05,08,14.2,1,Y
IDCJAC0010,010917,2016,05,09,19.4,1,Y
IDCJAC0010,010917,2016,05,10,20.9,1,Y
IDCJAC0010,010917,2016,05,11,24.2,1,Y
IDCJAC0010,010917,2016,05,12,25.3,1,Y
IDCJAC0010,010917,2016,05,13,21.4,1,Y
IDCJAC0010,010917,2016,05,14,21.0,1,Y
IDCJAC0010,010917,2016,05,15,19.3,1,Y
IDCJAC0010,010917,2016,05,16,19.0,1,Y
IDCJAC0010,010917,2016,05,17,20.3,1,Y
IDCJAC0010,010917,2016,05,18,20.5,1,Y
IDCJAC0010,010917,2016,05,19,17.6,1,Y
IDCJAC0010,010917,2016,05,20,20.8,1,Y
IDCJAC0010,010917,2016,05,21,14.4,1,Y
IDCJAC0010,010917,2016,05,22,16.7,1,Y
IDCJAC0010,010917,2016,05,23,17.5,1,Y
IDCJAC0010,010917,2016,05,24,16.9,1,Y
IDCJAC0010,010917,2016,05,25,16.6,1,Y
IDCJAC0010,010917,2016,05,26,16.5,1,Y
IDCJAC0010,010917,2016,05,27,17.2,1,Y
IDCJAC0010,010917,2016,05,28,16.5,1,Y
IDCJAC0010,010917,2016,05,29,13.4,1,Y
IDCJAC0010,010917,2016,05,30,15.8,1,Y
IDCJAC0010,010917,2016,05,31,16.4,1,Y
IDCJAC0010,010917,2016,06,01,17.5,1,Y
IDCJAC0010,010917,2016,06,02,17.8,1,Y
IDCJAC0010,010917,2016,06,03,20.6,1,Y
IDCJAC0010,010917,2016,06,04,15.1,1,Y
IDCJAC0010,010917,2016,06,05,15.0,1,Y
IDCJAC0010,010917,2016,06,06,15.0,1,Y
IDCJAC0010,010917,2016,06,07,13.0,1,Y
IDCJAC0010,010917,2016,06,08,11.3,1,Y
IDCJAC0010,010917,2016,06,09,14.5,1,Y
IDCJAC0010,010917,2016,06,10,16.7,1,Y
IDCJAC0010,010917,2016,06,11,16.7,1,Y
IDCJAC0010,010917,2016,06,12,18.5,1,Y
IDCJAC0010,010917,2016,06,13,16.7,1,Y
IDCJAC0010,010917,2016,06,14,15.2,1,Y
IDCJAC0010,010917,2016,06,15,14.8,1,Y
IDCJAC0010,010917,2016,06,16,15.2,1,Y
IDCJAC0010,010917,2016,06,17,14.3,1,Y
IDCJAC0010,010917,2016,06,18,15.8,1,Y
IDCJAC0010,010917,2016,06,19,18.4,1,Y
IDCJAC0010,010917,2016,06,20,15.8,1,Y
IDCJAC0010,010917,2016,06,21,14.5,1,Y
IDCJAC0010,010917,2016,06,22,16.1,1,Y
IDCJAC0010,010917,2016,06,23,12.6,1,Y
IDCJAC0010,010917,2016,06,24,14.4,1,Y
IDCJAC0010,010917,2016,06,25,14.9,1,Y
IDCJAC0010,010917,2016,06,26,15.8,1,Y
IDCJAC0010,010917,2016,06,27,15.9,1,Y
IDCJAC0010,010917,2016,06,28,15.3,1,Y
IDCJAC0010,010917,2016,06,29,16.8,1,Y
IDCJAC0010,010917,2016,06,30,15.8,1,Y
IDCJAC0010,010917,2016,07,01,16.0,1,Y
IDCJAC0010,010917,2016,07,02,19.8,1,Y
IDCJAC0010,010917,2016,07,03,12.9,1,Y
IDCJAC0010,010917,2016,07,04,11.6,1,Y
IDCJAC0010,010917,2016,07,05,13.2,1,Y
IDCJAC0010,010917,2016,07,06,13.5,1,Y
IDCJAC0010,010917,2016,07,07,12.3,1,Y
IDCJAC0010,010917,2016,07,08,14.2,1,Y
IDCJAC0010,010917,2016,07,09,13.0,1,Y
IDCJAC0010,010917,2016,07,10,14.5,1,Y
IDCJAC0010,010917,2016,07,11,14.9,1,Y
IDCJAC0010,010917,2016,07,12,11.3,1,Y
IDCJAC0010,010917,2016,07,13,13.1,1,Y
IDCJAC0010,010917,2016,07,14,16.1,1,Y
IDCJAC0010,010917,2016,07,15,20.0,1,Y
IDCJAC0010,010917,2016,07,16,18.5,1,Y
IDCJAC0010,010917,2016,07,17,16.1,1,Y
IDCJAC0010,010917,2016,07,18,13.8,1,Y
IDCJAC0010,010917,2016,07,19,15.0,1,Y
IDCJAC0010,010917,2016,07,20,16.4,1,Y
IDCJAC0010,010917,2016,07,21,13.2,1,Y
IDCJAC0010,010917,2016,07,22,11.7,1,Y
IDCJAC0010,010917,2016,07,23,13.1,1,Y
IDCJAC0010,010917,2016,07,24,11.9,1,Y
IDCJAC0010,010917,2016,07,25,12.7,1,Y
IDCJAC0010,010917,2016,07,26,16.3,1,Y
IDCJAC0010,010917,2016,07,27,15.7,1,Y
IDCJAC0010,010917,2016,07,28,18.6,1,Y
IDCJAC0010,010917,2016,07,29,19.6,1,Y
IDCJAC0010,010917,2016,07,30,17.1,1,Y
IDCJAC0010,010917,2016,07,31,12.5,1,Y
IDCJAC0010,010917,2016,08,01,12.6,1,Y
IDCJAC0010,010917,2016,08,02,14.0,1,Y
IDCJAC0010,010917,2016,08,03,15.7,1,Y
IDCJAC0010,010917,2016,08,04,12.4,1,Y
IDCJAC0010,010917,2016,08,05,13.9,1,Y
IDCJAC0010,010917,2016,08,06,16.6,1,Y
IDCJAC0010,010917,2016,08,07,14.5,1,Y
IDCJAC0010,010917,2016,08,08,12.2,1,Y
IDCJAC0010,010917,2016,08,09,12.2,1,Y
IDCJAC0010,010917,2016,08,10,15.0,1,Y
IDCJAC0010,010917,2016,08,11,16.6,1,Y
IDCJAC0010,010917,2016,08,12,15.7,1,Y
IDCJAC0010,010917,2016,08,13,16.5,1,Y
IDCJAC0010,010917,2016,08,14,21.1,1,Y
IDCJAC0010,010917,2016,08,15,16.1,1,Y
IDCJAC0010,010917,2016,08,16,17.3,1,Y
IDCJAC0010,010917,2016,08,17,15.4,1,Y
IDCJAC0010,010917,2016,08,18,12.8,1,Y
IDCJAC0010,010917,2016,08,19,12.9,1,Y
IDCJAC0010,010917,2016,08,20,16.3,1,Y
IDCJAC0010,010917,2016,08,21,15.6,1,Y
IDCJAC0010,010917,2016,08,22,12.9,1,Y
IDCJAC0010,010917,2016,08,23,13.2,1,Y
IDCJAC0010,010917,2016,08,24,13.7,1,Y
IDCJAC0010,010917,2016,08,25,14.5,1,Y
IDCJAC0010,010917,2016,08,26,19.2,1,Y
IDCJAC0010,010917,2016,08,27,14.5,1,Y
IDCJAC0010,010917,2016,08,28,14.1,1,Y
IDCJAC0010,010917,2016,08,29,15.0,1,Y
IDCJAC0010,010917,2016,08,30,16.3,1,Y
IDCJAC0010,010917,2016,08,31,15.5,1,Y
IDCJAC0010,010917,2016,09,01,14.7,1,Y
IDCJAC0010,010917,2016,09,02,15.8,1,Y
IDCJAC0010,010917,2016,09,03,16.6,1,Y
IDCJAC0010,010917,2016,09,04,19.8,1,Y
IDCJAC0010,010917,2016,09,05,19.7,1,Y
IDCJAC0010,010917,2016,09,06,19.5,1,Y
IDCJAC0010,010917,2016,09,07,15.0,1,Y
IDCJAC0010,010917,2016,09,08,15.9,1,Y
IDCJAC0010,010917,2016,09,09,15.6,1,Y
IDCJAC0010,010917,2016,09,10,17.9,1,Y
IDCJAC0010,010917,2016,09,11,12.2,1,Y
IDCJAC0010,010917,2016,09,12,14.3,1,Y
IDCJAC0010,010917,2016,09,13,13.4,1,Y
IDCJAC0010,010917,2016,09,14,15.0,1,Y
IDCJAC0010,010917,2016,09,15,16.3,1,Y
IDCJAC0010,010917,2016,09,16,14.1,1,Y
IDCJAC0010,010917,2016,09,17,14.8,1,Y
IDCJAC0010,010917,2016,09,18,15.2,1,Y
IDCJAC0010,010917,2016,09,19,14.7,1,Y
IDCJAC0010,010917,2016,09,20,18.7,1,Y
IDCJAC0010,010917,2016,09,21,21.5,1,Y
IDCJAC0010,010917,2016,09,22,17.7,1,Y
IDCJAC0010,010917,2016,09,23,12.7,1,Y
IDCJAC0010,010917,2016,09,24,14.0,1,Y
IDCJAC0010,010917,2016,09,25,14.5,1,Y
IDCJAC0010,010917,2016,09,26,15.8,1,Y
IDCJAC0010,010917,2016,09,27,15.8,1,Y
IDCJAC0010,010917,2016,09,28,13.4,1,Y
IDCJAC0010,010917,2016,09,29,17.1,1,Y
IDCJAC0010,010917,2016,09,30,16.6,1,Y
IDCJAC0010,010917,2016,10,01,13.6,1,N
IDCJAC0010,010917,2016,10,02,15.5,1,N
IDCJAC0010,010917,2016,10,03,17.0,1,N
IDCJAC0010,010917,2016,10,04,19.5,1,N
IDCJAC0010,010917,2016,10,05,22.3,1,N
IDCJAC0010,010917,2016,10,06,20.2,1,N
IDCJAC0010,010917,2016,10,07,23.8,1,N
IDCJAC0010,010917,2016,10,08,17.6,1,N
IDCJAC0010,010917,2016,10,09,16.3,1,N
IDCJAC0010,010917,2016,10,10,17.3,1,N
IDCJAC0010,010917,2016,10,11,22.1,1,N
IDCJAC0010,010917,2016,10,12,27.6,1,N
IDCJAC0010,010917,2016,10,13,26.8,1,N
IDCJAC0010,010917,2016,10,14,19.7,1,N
IDCJAC0010,010917,2016,10,15,15.8,1,N
IDCJAC0010,010917,2016,10,16,18.9,1,N
IDCJAC0010,010917,2016,10,17,19.0,1,N
IDCJAC0010,010917,2016,10,18,19.7,1,N
IDCJAC0010,010917,2016,10,19,18.7,1,N
IDCJAC0010,010917,2016,10,20,16.4,1,N
IDCJAC0010,010917,2016,10,21,19.5,1,N
IDCJAC0010,010917,2016,10,22,25.2,1,N
IDCJAC0010,010917,2016,10,23,30.1,1,N
IDCJAC0010,010917,2016,10,24,18.4,1,N
IDCJAC0010,010917,2016,10,25,19.9,1,N
IDCJAC0010,010917,2016,10,26,23.1,1,N
IDCJAC0010,010917,2016,10,27,23.5,1,N
IDCJAC0010,010917,2016,10,28,24.3,1,N
IDCJAC0010,010917,2016,10,29,20.2,1,N
IDCJAC0010,010917,2016,10,30,19.6,1,N
IDCJAC0010,010917,2016,10,31,21.4,1,N
IDCJAC0010,010917,2016,11,01,24.0,1,Y
IDCJAC0010,010917,2016,11,02,30.5,1,Y
IDCJAC0010,010917,2016,11,03,28.4,1,Y
IDCJAC0010,010917,2016,11,04,28.1,1,Y
IDCJAC0010,010917,2016,11,05,36.0,1,Y
IDCJAC0010,010917,2016,11,06,28.6,1,Y
IDCJAC0010,010917,2016,11,07,22.9,1,Y
IDCJAC0010,010917,2016,11,08,26.2,1,Y
IDCJAC0010,010917,2016,11,09,21.0,1,Y
IDCJAC0010,010917,2016,11,10,22.2,1,Y
IDCJAC0010,010917,2016,11,11,20.7,1,Y
IDCJAC0010,010917,2016,11,12,24.3,1,Y
IDCJAC0010,010917,2016,11,13,29.5,1,Y
IDCJAC0010,010917,2016,11,14,34.6,1,Y
IDCJAC0010,010917,2016,11,15,38.3,1,Y
IDCJAC0010,010917,2016,11,16,21.9,1,Y
IDCJAC0010,010917,2016,11,17,23.5,1,Y
IDCJAC0010,010917,2016,11,18,29.4,1,Y
IDCJAC0010,010917,2016,11,19,32.8,1,Y
IDCJAC0010,010917,2016,11,20,23.9,1,Y
IDCJAC0010,010917,2016,11,21,23.0,1,Y
IDCJAC0010,010917,2016,11,22,27.5,1,Y
IDCJAC0010,010917,2016,11,23,31.6,1,Y
IDCJAC0010,010917,2016,11,24,32.3,1,Y
IDCJAC0010,010917,2016,11,25,33.5,1,Y
IDCJAC0010,010917,2016,11,26,36.3,1,Y
IDCJAC0010,010917,2016,11,27,35.9,1,Y
IDCJAC0010,010917,2016,11,28,32.9,1,Y
IDCJAC0010,010917,2016,11,29,25.4,1,Y
IDCJAC0010,010917,2016,11,30,28.8,1,Y
IDCJAC0010,010917,2016,12,01,27.1,1,Y
IDCJAC0010,010917,2016,12,02,29.8,1,Y
IDCJAC0010,010917,2016,12,03,24.4,1,Y
IDCJAC0010,010917,2016,12,04,25.3,1,Y
IDCJAC0010,010917,2016,12,05,26.0,1,Y
IDCJAC0010,010917,2016,12,06,27.8,1,Y
IDCJAC0010,010917,2016,12,07,26.3,1,Y
IDCJAC0010,010917,2016,12,08,29.0,1,Y
IDCJAC0010,010917,2016,12,09,35.1,1,Y
IDCJAC0010,010917,2016,12,10,40.3,1,Y
IDCJAC0010,010917,2016,12,11,33.6,1,Y
IDCJAC0010,010917,2016,12,12,18.5,1,Y
IDCJAC0010,010917,2016,12,13,25.2,1,Y
IDCJAC0010,010917,2016,12,14,28.9,1,Y
IDCJAC0010,010917,2016,12,15,31.2,1,Y
IDCJAC0010,010917,2016,12,16,26.9,1,Y
IDCJAC0010,010917,2016,12,17,30.7,1,Y
IDCJAC0010,010917,2016,12,18,29.8,1,Y
IDCJAC0010,010917,2016,12,19,28.1,1,Y
IDCJAC0010,010917,2016,12,20,31.8,1,Y
IDCJAC0010,010917,2016,12,21,39.4,1,Y
IDCJAC0010,010917,2016,12,22,31.4,1,Y
IDCJAC0010,010917,2016,12,23,35.5,1,Y
IDCJAC0010,010917,2016,12,24,36.1,1,Y
IDCJAC0010,010917,2016,12,25,29.9,1,Y
IDCJAC0010,010917,2016,12,26,33.2,1,Y
IDCJAC0010,010917,2016,12,27,22.1,1,Y
IDCJAC0010,010917,2016,12,28,24.2,1,Y
IDCJAC0010,010917,2016,12,29,28.6,1,Y
IDCJAC0010,010917,2016,12,30,27.5,1,Y
IDCJAC0010,010917,2016,12,31,26.8,1,Y
IDCJAC0010,010917,2017,01,01,31.0,1,Y
IDCJAC0010,010917,2017,01,02,34.8,1,Y
IDCJAC0010,010917,2017,01,03,38.4,1,Y
IDCJAC0010,010917,2017,01,04,42.4,1,Y
IDCJAC0010,010917,2017,01,05,33.3,1,Y
IDCJAC0010,010917,2017,01,06,24.3,1,Y
IDCJAC0010,010917,2017,01,07,30.3,1,Y
IDCJAC0010,010917,2017,01,08,32.1,1,Y
IDCJAC0010,010917,2017,01,09,34.9,1,Y
IDCJAC0010,010917,2017,01,10,38.2,1,Y
IDCJAC0010,010917,2017,01,11,40.8,1,Y
IDCJAC0010,010917,2017,01,12,25.0,1,Y
IDCJAC0010,010917,2017,01,13,29.0,1,Y
IDCJAC0010,010917,2017,01,14,36.0,1,Y
IDCJAC0010,010917,2017,01,15,40.0,1,Y
IDCJAC0010,010917,2017,01,16,30.6,1,Y
IDCJAC0010,010917,2017,01,17,28.7,1,Y
IDCJAC0010,010917,2017,01,18,32.0,1,Y
IDCJAC0010,010917,2017,01,19,27.6,1,Y
IDCJAC0010,010917,2017,01,20,31.2,1,Y
IDCJAC0010,010917,2017,01,21,36.6,1,Y
IDCJAC0010,010917,2017,01,22,29.7,1,Y
IDCJAC0010,010917,2017,01,23,27.2,1,Y
IDCJAC0010,010917,2017,01,24,31.9,1,Y
IDCJAC0010,010917,2017,01,25,37.1,1,Y
IDCJAC0010,010917,2017,01,26,40.3,1,Y
IDCJAC0010,010917,2017,01,27,37.2,1,Y
IDCJAC0010,010917,2017,01,28,40.4,1,Y
IDCJAC0010,010917,2017,01,29,27.8,1,Y
IDCJAC0010,010917,2017,01,30,20.6,1,Y
IDCJAC0010,010917,2017,01,31,21.1,1,Y
IDCJAC0010,010917,2017,02,01,31.1,1,Y
IDCJAC0010,010917,2017,02,02,30.4,1,Y
IDCJAC0010,010917,2017,02,03,35.3,1,Y
IDCJAC0010,010917,2017,02,04,31.8,1,Y
IDCJAC0010,010917,2017,02,05,27.9,1,Y
IDCJAC0010,010917,2017,02,06,31.5,1,Y
IDCJAC0010,010917,2017,02,07,29.7,1,Y
IDCJAC0010,010917,2017,02,08,23.9,1,Y
IDCJAC0010,010917,2017,02,09,15.3,1,Y
IDCJAC0010,010917,2017,02,10,18.2,1,Y
IDCJAC0010,010917,2017,02,11,18.9,1,Y
IDCJAC0010,010917,2017,02,12,22.5,1,Y
IDCJAC0010,010917,2017,02,13,30.3,1,Y
IDCJAC0010,010917,2017,02,14,34.1,1,Y
IDCJAC0010,010917,2017,02,15,25.4,1,Y
IDCJAC0010,010917,2017,02,16,27.5,1,Y
IDCJAC0010,010917,2017,02,17,28.7,1,Y
IDCJAC0010,010917,2017,02,18,31.6,1,Y
IDCJAC0010,010917,2017,02,19,35.9,1,Y
IDCJAC0010,010917,2017,02,20,29.1,1,Y
IDCJAC0010,010917,2017,02,21,20.8,1,Y
IDCJAC0010,010917,2017,02,22,23.0,1,Y
IDCJAC0010,010917,2017,02,23,29.8,1,Y
IDCJAC0010,010917,2017,02,24,33.0,1,Y
IDCJAC0010,010917,2017,02,25,36.2,1,Y
IDCJAC0010,010917,2017,02,26,34.8,1,Y
IDCJAC0010,010917,2017,02,27,32.6,1,Y
IDCJAC0010,010917,2017,02,28,33.4,1,Y
IDCJAC0010,010917,2017,03,01,37.2,1,Y
IDCJAC0010,010917,2017,03,02,30.4,1,Y
IDCJAC0010,010917,2017,03,03,37.0,1,Y
IDCJAC0010,010917,2017,03,04,32.5,1,Y
IDCJAC0010,010917,2017,03,05,34.4,1,Y
IDCJAC0010,010917,2017,03,06,36.2,1,Y
IDCJAC0010,010917,2017,03,07,33.9,1,Y
IDCJAC0010,010917,2017,03,08,30.0,1,Y
IDCJAC0010,010917,2017,03,09,26.6,1,Y
IDCJAC0010,010917,2017,03,10,26.3,1,Y
IDCJAC0010,010917,2017,03,11,27.2,1,Y
IDCJAC0010,010917,2017,03,12,24.2,1,Y
IDCJAC0010,010917,2017,03,13,24.0,1,Y
IDCJAC0010,010917,2017,03,14,22.7,1,Y
IDCJAC0010,010917,2017,03,15,22.3,1,Y
IDCJAC0010,010917,2017,03,16,26.1,1,Y
IDCJAC0010,010917,2017,03,17,30.3,1,Y
IDCJAC0010,010917,2017,03,18,17.4,1,Y
IDCJAC0010,010917,2017,03,19,21.3,1,Y
IDCJAC0010,010917,2017,03,20,23.2,1,Y
IDCJAC0010,010917,2017,03,21,20.3,1,Y
IDCJAC0010,010917,2017,03,22,24.1,1,Y
IDCJAC0010,010917,2017,03,23,23.6,1,Y
IDCJAC0010,010917,2017,03,24,23.7,1,Y
IDCJAC0010,010917,2017,03,25,27.5,1,Y
IDCJAC0010,010917,2017,03,26,20.8,1,Y
IDCJAC0010,010917,2017,03,27,22.8,1,Y
IDCJAC0010,010917,2017,03,28,23.4,1,Y
IDCJAC0010,010917,2017,03,29,21.1,1,Y
IDCJAC0010,010917,2017,03,30,24.8,1,Y
IDCJAC0010,010917,2017,03,31,26.2,1,Y
IDCJAC0010,010917,2017,04,01,27.1,1,Y
IDCJAC0010,010917,2017,04,02,28.2,1,Y
IDCJAC0010,010917,2017,04,03,28.6,1,Y
IDCJAC0010,010917,2017,04,04,28.2,1,Y
IDCJAC0010,010917,2017,04,05,30.5,1,Y
IDCJAC0010,010917,2017,04,06,25.0,1,Y
IDCJAC0010,010917,2017,04,07,19.8,1,Y
IDCJAC0010,010917,2017,04,08,21.9,1,Y
IDCJAC0010,010917,2017,04,09,23.7,1,Y
IDCJAC0010,010917,2017,04,10,26.1,1,Y
IDCJAC0010,010917,2017,04,11,28.7,1,Y
IDCJAC0010,010917,2017,04,12,23.5,1,Y
IDCJAC0010,010917,2017,04,13,24.8,1,Y
IDCJAC0010,010917,2017,04,14,28.8,1,Y
IDCJAC0010,010917,2017,04,15,24.9,1,Y
IDCJAC0010,010917,2017,04,16,24.2,1,Y
IDCJAC0010,010917,2017,04,17,19.5,1,Y
IDCJAC0010,010917,2017,04,18,21.5,1,Y
IDCJAC0010,010917,2017,04,19,24.2,1,Y
IDCJAC0010,010917,2017,04,20,27.5,1,Y
IDCJAC0010,010917,2017,04,21,27.8,1,Y
IDCJAC0010,010917,2017,04,22,25.4,1,Y
IDCJAC0010,010917,2017,04,23,23.6,1,Y
IDCJAC0010,010917,2017,04,24,24.4,1,Y
IDCJAC0010,010917,2017,04,25,21.3,1,Y
IDCJAC0010,010917,2017,04,26,22.7,1,Y
IDCJAC0010,010917,2017,04,27,25.5,1,Y
IDCJAC0010,010917,2017,04,28,24.9,1,Y
IDCJAC0010,010917,2017,04,29,25.9,1,Y
IDCJAC0010,010917,2017,04,30,23.8,1,Y
IDCJAC0010,010917,2017,05,01,20.5,1,Y
IDCJAC0010,010917,2017,05,02,23.0,1,Y
IDCJAC0010,010917,2017,05,03,27.8,1,Y
IDCJAC0010,010917,2017,05,04,24.6,1,Y
IDCJAC0010,010917,2017,05,05,23.5,1,Y
IDCJAC0010,010917,2017,05,06,24.4,1,Y
IDCJAC0010,010917,2017,05,07,27.5,1,Y
IDCJAC0010,010917,2017,05,08,28.5,1,Y
IDCJAC0010,010917,2017,05,09,19.0,1,Y
IDCJAC0010,010917,2017,05,10,18.9,1,Y
IDCJAC0010,010917,2017,05,11,19.2,1,Y
IDCJAC0010,010917,2017,05,12,20.1,1,Y
IDCJAC0010,010917,2017,05,13,21.2,1,Y
IDCJAC0010,010917,2017,05,14,23.5,1,Y
IDCJAC0010,010917,2017,05,15,18.3,1,Y
IDCJAC0010,010917,2017,05,16,18.9,1,Y
IDCJAC0010,010917,2017,05,17,17.2,1,Y
IDCJAC0010,010917,2017,05,18,23.2,1,Y
IDCJAC0010,010917,2017,05,19,21.1,1,Y
IDCJAC0010,010917,2017,05,20,14.5,1,Y
IDCJAC0010,010917,2017,05,21,15.2,1,Y
IDCJAC0010,010917,2017,05,22,16.4,1,Y
IDCJAC0010,010917,2017,05,23,18.0,1,Y
IDCJAC0010,010917,2017,05,24,19.4,1,Y
IDCJAC0010,010917,2017,05,25,20.3,1,Y
IDCJAC0010,010917,2017,05,26,17.4,1,Y
IDCJAC0010,010917,2017,05,27,16.2,1,Y
IDCJAC0010,010917,2017,05,28,16.8,1,Y
IDCJAC0010,010917,2017,05,29,17.8,1,Y
IDCJAC0010,010917,2017,05,30,21.9,1,Y
IDCJAC0010,010917,2017,05,31,24.3,1,Y
IDCJAC0010,010917,2017,06,01,22.4,1,Y
IDCJAC0010,010917,2017,06,02,22.4,1,Y
IDCJAC0010,010917,2017,06,03,20.4,1,Y
IDCJAC0010,010917,2017,06,04,18.7,1,Y
IDCJAC0010,010917,2017,06,05,22.1,1,Y
IDCJAC0010,010917,2017,06,06,22.1,1,Y
IDCJAC0010,010917,2017,06,07,19.3,1,Y
IDCJAC0010,010917,2017,06,08,20.0,1,Y
IDCJAC0010,010917,2017,06,09,19.8,1,Y
IDCJAC0010,010917,2017,06,10,18.1,1,Y
IDCJAC0010,010917,2017,06,11,20.9,1,Y
IDCJAC0010,010917,2017,06,12,20.9,1,Y
IDCJAC0010,010917,2017,06,13,21.2,1,Y
IDCJAC0010,010917,2017,06,14,18.0,1,Y
IDCJAC0010,010917,2017,06,15,15.2,1,Y
IDCJAC0010,010917,2017,06,16,18.1,1,Y
IDCJAC0010,010917,2017,06,17,18.7,1,Y
IDCJAC0010,010917,2017,06,18,20.4,1,Y
IDCJAC0010,010917,2017,06,19,21.4,1,Y
IDCJAC0010,010917,2017,06,20,21.7,1,Y
IDCJAC0010,010917,2017,06,21,19.0,1,Y
IDCJAC0010,010917,2017,06,22,12.6,1,Y
IDCJAC0010,010917,2017,06,23,16.5,1,Y
IDCJAC0010,010917,2017,06,24,14.6,1,Y
IDCJAC0010,010917,2017,06,25,13.2,1,Y
IDCJAC0010,010917,2017,06,26,15.8,1,Y
IDCJAC0010,010917,2017,06,27,15.2,1,Y
IDCJAC0010,010917,2017,06,28,15.3,1,Y
IDCJAC0010,010917,2017,06,29,15.9,1,Y
IDCJAC0010,010917,2017,06,30,17.4,1,Y
IDCJAC0010,010917,2017,07,01,10.6,1,Y
IDCJAC0010,010917,2017,07,02,12.4,1,Y
IDCJAC0010,010917,2017,07,03,13.0,1,Y
IDCJAC0010,010917,2017,07,04,13.3,1,Y
IDCJAC0010,010917,2017,07,05,11.3,1,Y
IDCJAC0010,010917,2017,07,06,13.3,1,Y
IDCJAC0010,010917,2017,07,07,14.5,1,Y
IDCJAC0010,010917,2017,07,08,13.8,1,Y
IDCJAC0010,010917,2017,07,09,14.2,1,Y
IDCJAC0010,010917,2017,07,10,14.4,1,Y
IDCJAC0010,010917,2017,07,11,18.3,1,Y
IDCJAC0010,010917,2017,07,12,17.4,1,Y
IDCJAC0010,010917,2017,07,13,16.1,1,Y
IDCJAC0010,010917,2017,07,14,17.2,1,Y
IDCJAC0010,010917,2017,07,15,17.3,1,Y
IDCJAC0010,010917,2017,07,16,16.9,1,Y
IDCJAC0010,010917,2017,07,17,15.7,1,Y
IDCJAC0010,010917,2017,07,18,20.1,1,Y
IDCJAC0010,010917,2017,07,19,17.2,1,Y
IDCJAC0010,010917,2017,07,20,15.4,1,Y
IDCJAC0010,010917,2017,07,21,17.5,1,Y
IDCJAC0010,010917,2017,07,22,16.5,1,Y
IDCJAC0010,010917,2017,07,23,16.3,1,Y
IDCJAC0010,010917,2017,07,24,14.6,1,Y
IDCJAC0010,010917,2017,07,25,16.8,1,Y
IDCJAC0010,010917,2017,07,26,17.8,1,Y
IDCJAC0010,010917,2017,07,27,18.9,1,Y
IDCJAC0010,010917,2017,07,28,14.8,1,Y
IDCJAC0010,010917,2017,07,29,13.6,1,Y
IDCJAC0010,010917,2017,07,30,14.7,1,Y
IDCJAC0010,010917,2017,07,31,13.7,1,Y
IDCJAC0010,010917,2017,08,01,12.5,1,N
IDCJAC0010,010917,2017,08,02,10.9,1,N
IDCJAC0010,010917,2017,08,03,14.2,1,N
IDCJAC0010,010917,2017,08,04,12.5,1,N
IDCJAC0010,010917,2017,08,05,17.0,1,N
IDCJAC0010,010917,2017,08,06,17.5,1,N
IDCJAC0010,010917,2017,08,07,17.2,1,N
IDCJAC0010,010917,2017,08,08,17.4,1,N
IDCJAC0010,010917,2017,08,09,9.8,1,N
IDCJAC0010,010917,2017,08,10,13.2,1,N
IDCJAC0010,010917,2017,08,11,15.4,1,N
IDCJAC0010,010917,2017,08,12,18.0,1,N
IDCJAC0010,010917,2017,08,13,18.1,1,N
IDCJAC0010,010917,2017,08,14,15.6,1,N
IDCJAC0010,010917,2017,08,15,13.9,1,N
IDCJAC0010,010917,2017,08,16,13.4,1,N
IDCJAC0010,010917,2017,08,17,14.7,1,N
IDCJAC0010,010917,2017,08,18,18.4,1,N
IDCJAC0010,010917,2017,08,19,16.0,1,N
IDCJAC0010,010917,2017,08,20,12.2,1,N
IDCJAC0010,010917,2017,08,21,15.9,1,N
IDCJAC0010,010917,2017,08,22,17.0,1,N
IDCJAC0010,010917,2017,08,23,16.0,1,N
IDCJAC0010,010917,2017,08,24,17.6,1,N
IDCJAC0010,010917,2017,08,25,18.4,1,N
IDCJAC0010,010917,2017,08,26,17.1,1,N
IDCJAC0010,010917,2017,08,27,20.2,1,N
IDCJAC0010,010917,2017,08,28,20.4,1,N
IDCJAC0010,010917,2017,08,29,18.3,1,N
IDCJAC0010,010917,2017,08,30,19.7,1,N
IDCJAC0010,010917,2017,08,31,16.7,1,N
IDCJAC0010,010917,2017,09,01,14.8,1,Y
IDCJAC0010,010917,2017,09,02,14.3,1,Y
IDCJAC0010,010917,2017,09,03,14.5,1,Y
IDCJAC0010,010917,2017,09,04,13.7,1,Y
IDCJAC0010,010917,2017,09,05,18.0,1,Y
IDCJAC0010,010917,2017,09,06,22.0,1,Y
IDCJAC0010,010917,2017,09,07,21.1,1,Y
IDCJAC0010,010917,2017,09,08,22.7,1,Y
IDCJAC0010,010917,2017,09,09,22.5,1,Y
IDCJAC0010,010917,2017,09,10,17.5,1,Y
IDCJAC0010,010917,2017,09,11,19.5,1,Y
IDCJAC0010,010917,2017,09,12,16.7,1,Y
IDCJAC0010,010917,2017,09,13,17.6,1,Y
IDCJAC0010,010917,2017,09,14,22.7,1,Y
IDCJAC0010,010917,2017,09,15,23.3,1,Y
IDCJAC0010,010917,2017,09,16,24.7,1,Y
IDCJAC0010,010917,2017,09,17,22.3,1,Y
IDCJAC0010,010917,2017,09,18,23.5,1,Y
IDCJAC0010,010917,2017,09,19,23.5,1,Y
IDCJAC0010,010917,2017,09,20,19.7,1,Y
IDCJAC0010,010917,2017,09,21,18.1,1,Y
IDCJAC0010,010917,2017,09,22,15.9,1,Y
IDCJAC0010,010917,2017,09,23,15.5,1,Y
IDCJAC0010,010917,2017,09,24,14.0,1,Y
IDCJAC0010,010917,2017,09,25,13.6,1,Y
IDCJAC0010,010917,2017,09,26,15.9,1,Y
IDCJAC0010,010917,2017,09,27,14.4,1,Y
IDCJAC0010,010917,2017,09,28,14.4,1,Y
IDCJAC0010,010917,2017,09,29,15.8,1,Y
IDCJAC0010,010917,2017,09,30,18.3,1,Y
IDCJAC0010,010917,2017,10,01,21.4,1,Y
IDCJAC0010,010917,2017,10,02,24.8,1,Y
IDCJAC0010,010917,2017,10,03,16.1,1,Y
IDCJAC0010,010917,2017,10,04,14.9,1,Y
IDCJAC0010,010917,2017,10,05,18.5,1,Y
IDCJAC0010,010917,2017,10,06,21.4,1,Y
IDCJAC0010,010917,2017,10,07,15.4,1,Y
IDCJAC0010,010917,2017,10,08,16.6,1,Y
IDCJAC0010,010917,2017,10,09,22.3,1,Y
IDCJAC0010,010917,2017,10,10,17.6,1,Y
IDCJAC0010,010917,2017,10,11,19.0,1,Y
IDCJAC0010,010917,2017,10,12,21.8,1,Y
IDCJAC0010,010917,2017,10,13,28.2,1,Y
IDCJAC0010,010917,2017,10,14,27.0,1,Y
IDCJAC0010,010917,2017,10,15,27.6,1,Y
IDCJAC0010,010917,2017,10,16,19.1,1,Y
IDCJAC0010,010917,2017,10,17,17.7,1,Y
IDCJAC0010,010917,2017,10,18,17.7,1,Y
IDCJAC0010,010917,2017,10,19,21.9,1,Y
IDCJAC0010,010917,2017,10,20,26.6,1,Y
IDCJAC0010,010917,2017,10,21,29.0,1,Y
IDCJAC0010,010917,2017,10,22,25.6,1,Y
IDCJAC0010,010917,2017,10,23,23.7,1,Y
IDCJAC0010,010917,2017,10,24,23.8,1,Y
IDCJAC0010,010917,2017,10,25,21.0,1,Y
IDCJAC0010,010917,2017,10,26,20.6,1,Y
IDCJAC0010,010917,2017,10,27,17.8,1,Y
IDCJAC0010,010917,2017,10,28,20.3,1,Y
IDCJAC0010,010917,2017,10,29,20.9,1,Y
IDCJAC0010,010917,2017,10,30,26.2,1,Y
IDCJAC0010,010917,2017,10,31,28.6,1,Y
IDCJAC0010,010917,2017,11,01,27.5,1,N
IDCJAC0010,010917,2017,11,02,23.2,1,N
IDCJAC0010,010917,2017,11,03,26.0,1,N
IDCJAC0010,010917,2017,11,04,27.4,1,N
IDCJAC0010,010917,2017,11,05,27.4,1,N
IDCJAC0010,010917,2017,11,06,29.1,1,N
IDCJAC0010,010917,2017,11,07,32.6,1,N
IDCJAC0010,010917,2017,11,08,34.0,1,N
IDCJAC0010,010917,2017,11,09,31.3,1,N
IDCJAC0010,010917,2017,11,10,34.0,1,N
IDCJAC0010,010917,2017,11,11,35.9,1,N
IDCJAC0010,010917,2017,11,12,31.7,1,N
IDCJAC0010,010917,2017,11,13,25.7,1,N
IDCJAC0010,010917,2017,11,14,26.5,1,N
IDCJAC0010,010917,2017,11,15,28.3,1,N
IDCJAC0010,010917,2017,11,16,34.3,1,N
IDCJAC0010,010917,2017,11,17,26.0,1,N
IDCJAC0010,010917,2017,11,18,26.3,1,N
IDCJAC0010,010917,2017,11,19,27.0,1,N
IDCJAC0010,010917,2017,11,20,25.4,1,N
IDCJAC0010,010917,2017,11,21,25.2,1,N
IDCJAC0010,010917,2017,11,22,27.4,1,N
IDCJAC0010,010917,2017,11,23,29.5,1,N
IDCJAC0010,010917,2017,11,24,32.9,1,N
IDCJAC0010,010917,2017,11,25,30.9,1,N
IDCJAC0010,010917,2017,11,26,32.4,1,N
IDCJAC0010,010917,2017,11,27,31.4,1,N
IDCJAC0010,010917,2017,11,28,24.0,1,N
IDCJAC0010,010917,2017,11,29,23.6,1,N
IDCJAC0010,010917,2017,11,30,22.6,1,N
IDCJAC0010,010917,2017,12,01,26.7,1,Y
IDCJAC0010,010917,2017,12,02,32.3,1,Y
IDCJAC0010,010917,2017,12,03,33.6,1,Y
IDCJAC0010,010917,2017,12,04,23.1,1,Y
IDCJAC0010,010917,2017,12,05,28.5,1,Y
IDCJAC0010,010917,2017,12,06,27.1,1,Y
IDCJAC0010,010917,2017,12,07,27.8,1,Y
IDCJAC0010,010917,2017,12,08,32.7,1,Y
IDCJAC0010,010917,2017,12,09,37.1,1,Y
IDCJAC0010,010917,2017,12,10,37.7,1,Y
IDCJAC0010,010917,2017,12,11,36.5,1,Y
IDCJAC0010,010917,2017,12,12,30.6,1,Y
IDCJAC0010,010917,2017,12,13,25.8,1,Y
IDCJAC0010,010917,2017,12,14,29.6,1,Y
IDCJAC0010,010917,2017,12,15,32.0,1,Y
IDCJAC0010,010917,2017,12,16,32.6,1,Y
IDCJAC0010,010917,2017,12,17,20.1,1,Y
IDCJAC0010,010917,2017,12,18,19.9,1,Y
IDCJAC0010,010917,2017,12,19,23.9,1,Y
IDCJAC0010,010917,2017,12,20,29.2,1,Y
IDCJAC0010,010917,2017,12,21,35.4,1,Y
IDCJAC0010,010917,2017,12,22,34.9,1,Y
IDCJAC0010,010917,2017,12,23,29.9,1,Y
IDCJAC0010,010917,2017,12,24,32.8,1,Y
IDCJAC0010,010917,2017,12,25,36.4,1,Y
IDCJAC0010,010917,2017,12,26,29.2,1,Y
IDCJAC0010,010917,2017,12,27,27.5,1,Y
IDCJAC0010,010917,2017,12,28,28.1,1,Y
IDCJAC0010,010917,2017,12,29,29.7,1,Y
IDCJAC0010,010917,2017,12,30,33.3,1,Y
IDCJAC0010,010917,2017,12,31,34.4,1,Y
IDCJAC0010,010917,2018,01,01,34.0,1,Y
IDCJAC0010,010917,2018,01,02,37.8,1,Y
IDCJAC0010,010917,2018,01,03,37.7,1,Y
IDCJAC0010,010917,2018,01,04,34.9,1,Y
IDCJAC0010,010917,2018,01,05,29.1,1,Y
IDCJAC0010,010917,2018,01,06,26.9,1,Y
IDCJAC0010,010917,2018,01,07,30.8,1,Y
IDCJAC0010,010917,2018,01,08,31.4,1,Y
IDCJAC0010,010917,2018,01,09,34.7,1,Y
IDCJAC0010,010917,2018,01,10,32.9,1,Y
IDCJAC0010,010917,2018,01,11,22.8,1,Y
IDCJAC0010,010917,2018,01,12,29.9,1,Y
IDCJAC0010,010917,2018,01,13,36.0,1,Y
IDCJAC0010,010917,2018,01,14,37.5,1,Y
IDCJAC0010,010917,2018,01,15,20.8,1,Y
IDCJAC0010,010917,2018,01,16,34.3,1,Y
IDCJAC0010,010917,2018,01,17,26.8,1,Y
IDCJAC0010,010917,2018,01,18,25.5,1,Y
IDCJAC0010,010917,2018,01,19,27.9,1,Y
IDCJAC0010,010917,2018,01,20,35.9,1,Y
IDCJAC0010,010917,2018,01,21,32.5,1,Y
IDCJAC0010,010917,2018,01,22,32.2,1,Y
IDCJAC0010,010917,2018,01,23,33.3,1,Y
IDCJAC0010,010917,2018,01,24,32.6,1,Y
IDCJAC0010,010917,2018,01,25,32.9,1,Y
IDCJAC0010,010917,2018,01,26,35.0,1,Y
IDCJAC0010,010917,2018,01,27,29.8,1,Y
IDCJAC0010,010917,2018,01,28,26.7,1,Y
IDCJAC0010,010917,2018,01,29,27.4,1,Y
IDCJAC0010,010917,2018,01,30,27.4,1,Y
IDCJAC0010,010917,2018,01,31,28.2,1,Y
IDCJAC0010,010917,2018,02,01,29.2,1,Y
IDCJAC0010,010917,2018,02,02,29.8,1,Y
IDCJAC0010,010917,2018,02,03,34.1,1,Y
IDCJAC0010,010917,2018,02,04,31.4,1,Y
IDCJAC0010,010917,2018,02,05,36.6,1,Y
IDCJAC0010,010917,2018,02,06,33.1,1,Y
IDCJAC0010,010917,2018,02,07,25.9,1,Y
IDCJAC0010,010917,2018,02,08,30.4,1,Y
IDCJAC0010,010917,2018,02,09,31.1,1,Y
IDCJAC0010,010917,2018,02,10,29.5,1,Y
IDCJAC0010,010917,2018,02,11,32.2,1,Y
IDCJAC0010,010917,2018,02,12,32.2,1,Y
IDCJAC0010,010917,2018,02,13,29.3,1,Y
IDCJAC0010,010917,2018,02,14,30.8,1,Y
IDCJAC0010,010917,2018,02,15,35.8,1,Y
IDCJAC0010,010917,2018,02,16,38.8,1,Y
IDCJAC0010,010917,2018,02,17,32.5,1,Y
IDCJAC0010,010917,2018,02,18,33.6,1,Y
IDCJAC0010,010917,2018,02,19,30.3,1,Y
IDCJAC0010,010917,2018,02,20,25.6,1,Y
IDCJAC0010,010917,2018,02,21,29.3,1,Y
IDCJAC0010,010917,2018,02,22,33.3,1,Y
IDCJAC0010,010917,2018,02,23,26.0,1,Y
IDCJAC0010,010917,2018,02,24,28.6,1,Y
IDCJAC0010,010917,2018,02,25,25.9,1,Y
IDCJAC0010,010917,2018,02,26,24.6,1,Y
IDCJAC0010,010917,2018,02,27,23.1,1,Y
IDCJAC0010,010917,2018,02,28,27.0,1,Y
IDCJAC0010,010917,2018,03,01,32.4,1,Y
IDCJAC0010,010917,2018,03,02,27.3,1,Y
IDCJAC0010,010917,2018,03,03,26.7,1,Y
IDCJAC0010,010917,2018,03,04,29.4,1,Y
IDCJAC0010,010917,2018,03,05,32.4,1,Y
IDCJAC0010,010917,2018,03,06,35.4,1,Y
IDCJAC0010,010917,2018,03,07,32.6,1,Y
IDCJAC0010,010917,2018,03,08,35.8,1,Y
IDCJAC0010,010917,2018,03,09,29.5,1,Y
IDCJAC0010,010917,2018,03,10,25.9,1,Y
IDCJAC0010,010917,2018,03,11,30.3,1,Y
IDCJAC0010,010917,2018,03,12,31.6,1,Y
IDCJAC0010,010917,2018,03,13,34.5,1,Y
IDCJAC0010,010917,2018,03,14,29.2,1,Y
IDCJAC0010,010917,2018,03,15,27.2,1,Y
IDCJAC0010,010917,2018,03,16,25.7,1,Y
IDCJAC0010,010917,2018,03,17,23.0,1,Y
IDCJAC0010,010917,2018,03,18,25.7,1,Y
IDCJAC0010,010917,2018,03,19,29.1,1,Y
IDCJAC0010,010917,2018,03,20,30.6,1,Y
IDCJAC0010,010917,2018,03,21,35.3,1,Y
IDCJAC0010,010917,2018,03,22,33.1,1,Y
IDCJAC0010,010917,2018,03,23,27.3,1,Y
IDCJAC0010,010917,2018,03,24,21.2,1,Y
IDCJAC0010,010917,2018,03,25,21.6,1,Y
IDCJAC0010,010917,2018,03,26,26.0,1,Y
IDCJAC0010,010917,2018,03,27,22.3,1,Y
IDCJAC0010,010917,2018,03,28,25.1,1,Y
IDCJAC0010,010917,2018,03,29,27.9,1,Y
IDCJAC0010,010917,2018,03,30,32.8,1,Y
IDCJAC0010,010917,2018,03,31,24.5,1,Y
IDCJAC0010,010917,2018,04,01,24.6,1,Y
IDCJAC0010,010917,2018,04,02,29.1,1,Y
IDCJAC0010,010917,2018,04,03,33.5,1,Y
IDCJAC0010,010917,2018,04,04,27.7,1,Y
IDCJAC0010,010917,2018,04,05,26.0,1,Y
IDCJAC0010,010917,2018,04,06,28.4,1,Y
IDCJAC0010,010917,2018,04,07,26.2,1,Y
IDCJAC0010,010917,2018,04,08,24.7,1,Y
IDCJAC0010,010917,2018,04,09,23.5,1,Y
IDCJAC0010,010917,2018,04,10,19.4,1,Y
IDCJAC0010,010917,2018,04,11,22.3,1,Y
IDCJAC0010,010917,2018,04,12,23.0,1,Y
IDCJAC0010,010917,2018,04,13,23.0,1,Y
IDCJAC0010,010917,2018,04,14,22.2,1,Y
IDCJAC0010,010917,2018,04,15,24.3,1,Y
IDCJAC0010,010917,2018,04,16,27.6,1,Y
IDCJAC0010,010917,2018,04,17,25.1,1,Y
IDCJAC0010,010917,2018,04,18,21.7,1,Y
IDCJAC0010,010917,2018,04,19,19.0,1,Y
IDCJAC0010,010917,2018,04,20,23.1,1,Y
IDCJAC0010,010917,2018,04,21,27.5,1,Y
IDCJAC0010,010917,2018,04,22,21.1,1,Y
IDCJAC0010,010917,2018,04,23,21.5,1,Y
IDCJAC0010,010917,2018,04,24,20.1,1,Y
IDCJAC0010,010917,2018,04,25,22.0,1,Y
IDCJAC0010,010917,2018,04,26,26.1,1,Y
IDCJAC0010,010917,2018,04,27,24.1,1,Y
IDCJAC0010,010917,2018,04,28,25.5,1,Y
IDCJAC0010,010917,2018,04,29,28.8,1,Y
IDCJAC0010,010917,2018,04,30,28.7,1,Y
IDCJAC0010,010917,2018,05,01,19.3,1,N
IDCJAC0010,010917,2018,05,02,18.2,1,N
IDCJAC0010,010917,2018,05,03,19.0,1,N
IDCJAC0010,010917,2018,05,04,20.1,1,N
IDCJAC0010,010917,2018,05,05,26.0,1,N
IDCJAC0010,010917,2018,05,06,20.3,1,N
IDCJAC0010,010917,2018,05,07,19.7,1,N
IDCJAC0010,010917,2018,05,08,20.7,1,N
IDCJAC0010,010917,2018,05,09,21.9,1,N
IDCJAC0010,010917,2018,05,10,22.0,1,N
IDCJAC0010,010917,2018,05,11,25.9,1,N
IDCJAC0010,010917,2018,05,12,30.1,1,N
IDCJAC0010,010917,2018,05,13,24.4,1,N
IDCJAC0010,010917,2018,05,14,22.5,1,N
IDCJAC0010,010917,2018,05,15,24.0,1,N
IDCJAC0010,010917,2018,05,16,23.6,1,N
IDCJAC0010,010917,2018,05,17,22.8,1,N
IDCJAC0010,010917,2018,05,18,21.6,1,N
IDCJAC0010,010917,2018,05,19,21.8,1,N
IDCJAC0010,010917,2018,05,20,22.3,1,Y
IDCJAC0010,010917,2018,05,21,22.8,1,N
IDCJAC0010,010917,2018,05,22,25.0,1,N
IDCJAC0010,010917,2018,05,23,25.3,1,N
IDCJAC0010,010917,2018,05,24,26.0,1,N
IDCJAC0010,010917,2018,05,25,15.8,1,N
IDCJAC0010,010917,2018,05,26,16.5,1,N
IDCJAC0010,010917,2018,05,27,19.2,1,N
IDCJAC0010,010917,2018,05,28,16.7,1,N
IDCJAC0010,010917,2018,05,29,18.4,1,N
IDCJAC0010,010917,2018,05,30,18.7,1,N
IDCJAC0010,010917,2018,05,31,17.3,1,N
IDCJAC0010,010917,2018,06,01,14.9,1,Y
IDCJAC0010,010917,2018,06,02,15.6,1,Y
IDCJAC0010,010917,2018,06,03,18.3,1,Y
IDCJAC0010,010917,2018,06,04,18.6,1,Y
IDCJAC0010,010917,2018,06,05,15.8,1,Y
IDCJAC0010,010917,2018,06,06,15.3,1,Y
IDCJAC0010,010917,2018,06,07,12.3,1,Y
IDCJAC0010,010917,2018,06,08,15.0,1,Y
IDCJAC0010,010917,2018,06,09,17.9,1,Y
IDCJAC0010,010917,2018,06,10,16.7,1,Y
IDCJAC0010,010917,2018,06,11,15.0,1,Y
IDCJAC0010,010917,2018,06,12,17.0,1,Y
IDCJAC0010,010917,2018,06,13,15.3,1,Y
IDCJAC0010,010917,2018,06,14,17.6,1,Y
IDCJAC0010,010917,2018,06,15,18.4,1,Y
IDCJAC0010,010917,2018,06,16,19.5,1,Y
IDCJAC0010,010917,2018,06,17,20.6,1,Y
IDCJAC0010,010917,2018,06,18,14.7,1,Y
IDCJAC0010,010917,2018,06,19,16.1,1,Y
IDCJAC0010,010917,2018,06,20,18.0,1,Y
IDCJAC0010,010917,2018,06,21,18.1,1,Y
IDCJAC0010,010917,2018,06,22,17.2,1,Y
IDCJAC0010,010917,2018,06,23,19.2,1,Y
IDCJAC0010,010917,2018,06,24,18.6,1,Y
IDCJAC0010,010917,2018,06,25,16.7,1,Y
IDCJAC0010,010917,2018,06,26,17.5,1,Y
IDCJAC0010,010917,2018,06,27,15.5,1,Y
IDCJAC0010,010917,2018,06,28,14.6,1,Y
IDCJAC0010,010917,2018,06,29,12.6,1,Y
IDCJAC0010,010917,2018,06,30,16.7,1,Y
IDCJAC0010,010917,2018,07,01,20.0,1,Y
IDCJAC0010,010917,2018,07,02,17.0,1,Y
IDCJAC0010,010917,2018,07,03,16.3,1,Y
IDCJAC0010,010917,2018,07,04,15.4,1,Y
IDCJAC0010,010917,2018,07,05,13.4,1,Y
IDCJAC0010,010917,2018,07,06,15.4,1,Y
IDCJAC0010,010917,2018,07,07,13.0,1,Y
IDCJAC0010,010917,2018,07,08,16.1,1,Y
IDCJAC0010,010917,2018,07,09,18.1,1,Y
IDCJAC0010,010917,2018,07,10,19.1,1,Y
IDCJAC0010,010917,2018,07,11,18.0,1,Y
IDCJAC0010,010917,2018,07,12,18.6,1,Y
IDCJAC0010,010917,2018,07,13,15.9,1,Y
IDCJAC0010,010917,2018,07,14,16.4,1,Y
IDCJAC0010,010917,2018,07,15,15.3,1,Y
IDCJAC0010,010917,2018,07,16,15.4,1,Y
IDCJAC0010,010917,2018,07,17,16.2,1,Y
IDCJAC0010,010917,2018,07,18,16.9,1,Y
IDCJAC0010,010917,2018,07,19,14.7,1,Y
IDCJAC0010,010917,2018,07,20,18.4,1,Y
IDCJAC0010,010917,2018,07,21,18.0,1,Y
IDCJAC0010,010917,2018,07,22,16.3,1,Y
IDCJAC0010,010917,2018,07,23,15.8,1,Y
IDCJAC0010,010917,2018,07,24,18.2,1,Y
IDCJAC0010,010917,2018,07,25,18.0,1,Y
IDCJAC0010,010917,2018,07,26,16.6,1,Y
IDCJAC0010,010917,2018,07,27,15.6,1,Y
IDCJAC0010,010917,2018,07,28,15.0,1,Y
IDCJAC0010,010917,2018,07,29,17.3,1,Y
IDCJAC0010,010917,2018,07,30,15.6,1,Y
IDCJAC0010,010917,2018,07,31,16.8,1,Y
IDCJAC0010,010917,2018,08,01,13.8,1,Y
IDCJAC0010,010917,2018,08,02,14.1,1,Y
IDCJAC0010,010917,2018,08,03,14.2,1,Y
IDCJAC0010,010917,2018,08,04,11.3,1,Y
IDCJAC0010,010917,2018,08,05,12.5,1,Y
IDCJAC0010,010917,2018,08,06,14.0,1,Y
IDCJAC0010,010917,2018,08,07,17.6,1,Y
IDCJAC0010,010917,2018,08,08,15.8,1,Y
IDCJAC0010,010917,2018,08,09,12.6,1,Y
IDCJAC0010,010917,2018,08,10,12.8,1,Y
IDCJAC0010,010917,2018,08,11,14.6,1,Y
IDCJAC0010,010917,2018,08,12,18.3,1,Y
IDCJAC0010,010917,2018,08,13,20.8,1,Y
IDCJAC0010,010917,2018,08,14,16.2,1,Y
IDCJAC0010,010917,2018,08,15,15.8,1,Y
IDCJAC0010,010917,2018,08,16,16.7,1,Y
IDCJAC0010,010917,2018,08,17,14.2,1,Y
IDCJAC0010,010917,2018,08,18,14.7,1,Y
IDCJAC0010,010917,2018,08,19,20.1,1,Y
IDCJAC0010,010917,2018,08,20,24.0,1,Y
IDCJAC0010,010917,2018,08,21,17.8,1,Y
IDCJAC0010,010917,2018,08,22,13.9,1,Y
IDCJAC0010,010917,2018,08,23,14.7,1,Y
IDCJAC0010,010917,2018,08,24,15.5,1,Y
IDCJAC0010,010917,2018,08,25,17.6,1,Y
IDCJAC0010,010917,2018,08,26,21.0,1,Y
IDCJAC0010,010917,2018,08,27,17.9,1,Y
IDCJAC0010,010917,2018,08,28,16.7,1,Y
IDCJAC0010,010917,2018,08,29,12.4,1,Y
IDCJAC0010,010917,2018,08,30,14.4,1,Y
IDCJAC0010,010917,2018,08,31,15.2,1,Y
IDCJAC0010,010917,2018,09,01,16.3,1,Y
IDCJAC0010,010917,2018,09,02,17.4,1,Y
IDCJAC0010,010917,2018,09,03,18.9,1,Y
IDCJAC0010,010917,2018,09,04,16.2,1,Y
IDCJAC0010,010917,2018,09,05,13.8,1,Y
IDCJAC0010,010917,2018,09,06,14.7,1,Y
IDCJAC0010,010917,2018,09,07,16.3,1,Y
IDCJAC0010,010917,2018,09,08,18.4,1,Y
IDCJAC0010,010917,2018,09,09,20.9,1,Y
IDCJAC0010,010917,2018,09,10,18.8,1,Y
IDCJAC0010,010917,2018,09,11,15.6,1,Y
IDCJAC0010,010917,2018,09,12,15.1,1,Y
IDCJAC0010,010917,2018,09,13,18.0,1,Y
IDCJAC0010,010917,2018,09,14,14.9,1,Y
IDCJAC0010,010917,2018,09,15,15.5,1,Y
IDCJAC0010,010917,2018,09,16,20.3,1,Y
IDCJAC0010,010917,2018,09,17,15.9,1,Y
IDCJAC0010,010917,2018,09,18,17.0,1,Y
IDCJAC0010,010917,2018,09,19,18.3,1,Y
IDCJAC0010,010917,2018,09,20,24.3,1,Y
IDCJAC0010,010917,2018,09,21,23.4,1,Y
IDCJAC0010,010917,2018,09,22,26.0,1,Y
IDCJAC0010,010917,2018,09,23,26.3,1,Y
IDCJAC0010,010917,2018,09,24,22.5,1,Y
IDCJAC0010,010917,2018,09,25,20.6,1,Y
IDCJAC0010,010917,2018,09,26,18.6,1,Y
IDCJAC0010,010917,2018,09,27,18.1,1,Y
IDCJAC0010,010917,2018,09,28,19.2,1,Y
IDCJAC0010,010917,2018,09,29,14.3,1,Y
IDCJAC0010,010917,2018,09,30,22.1,1,Y
IDCJAC0010,010917,2018,10,01,16.4,1,Y
IDCJAC0010,010917,2018,10,02,18.7,1,Y
IDCJAC0010,010917,2018,10,03,18.5,1,Y
IDCJAC0010,010917,2018,10,04,21.5,1,Y
IDCJAC0010,010917,2018,10,05,22.6,1,Y
IDCJAC0010,010917,2018,10,06,21.1,1,Y
IDCJAC0010,010917,2018,10,07,19.9,1,Y
IDCJAC0010,010917,2018,10,08,20.0,1,Y
IDCJAC0010,010917,2018,10,09,25.5,1,Y
IDCJAC0010,010917,2018,10,10,23.4,1,Y
IDCJAC0010,010917,2018,10,11,26.1,1,Y
IDCJAC0010,010917,2018,10,12,19.6,1,Y
IDCJAC0010,010917,2018,10,13,21.0,1,Y
IDCJAC0010,010917,2018,10,14,18.8,1,Y
IDCJAC0010,010917,2018,10,15,21.1,1,Y
IDCJAC0010,010917,2018,10,16,26.0,1,Y
IDCJAC0010,010917,2018,10,17,31.7,1,Y
IDCJAC0010,010917,2018,10,18,16.9,1,Y
IDCJAC0010,010917,2018,10,19,18.1,1,Y
IDCJAC0010,010917,2018,10,20,18.6,1,Y
IDCJAC0010,010917,2018,10,21,21.0,1,Y
IDCJAC0010,010917,2018,10,22,19.6,1,Y
IDCJAC0010,010917,2018,10,23,21.7,1,Y
IDCJAC0010,010917,2018,10,24,21.8,1,Y
IDCJAC0010,010917,2018,10,25,27.9,1,Y
IDCJAC0010,010917,2018,10,26,25.4,1,Y
IDCJAC0010,010917,2018,10,27,27.0,1,Y
IDCJAC0010,010917,2018,10,28,29.4,1,Y
IDCJAC0010,010917,2018,10,29,27.9,1,Y
IDCJAC0010,010917,2018,10,30,24.9,1,Y
IDCJAC0010,010917,2018,10,31,25.3,1,Y
IDCJAC0010,010917,2018,11,01,22.8,1,Y
IDCJAC0010,010917,2018,11,02,22.9,1,Y
IDCJAC0010,010917,2018,11,03,28.6,1,Y
IDCJAC0010,010917,2018,11,04,24.5,1,Y
IDCJAC0010,010917,2018,11,05,19.2,1,Y
IDCJAC0010,010917,2018,11,06,18.3,1,Y
IDCJAC0010,010917,2018,11,07,24.2,1,Y
IDCJAC0010,010917,2018,11,08,28.2,1,Y
IDCJAC0010,010917,2018,11,09,32.2,1,Y
IDCJAC0010,010917,2018,11,10,31.6,1,Y
IDCJAC0010,010917,2018,11,11,23.7,1,Y
IDCJAC0010,010917,2018,11,12,23.7,1,Y
IDCJAC0010,010917,2018,11,13,28.4,1,Y
IDCJAC0010,010917,2018,11,14,30.3,1,Y
IDCJAC0010,010917,2018,11,15,34.9,1,Y
IDCJAC0010,010917,2018,11,16,33.0,1,Y
IDCJAC0010,010917,2018,11,17,31.7,1,Y
IDCJAC0010,010917,2018,11,18,24.1,1,Y
IDCJAC0010,010917,2018,11,19,19.3,1,Y
IDCJAC0010,010917,2018,11,20,20.8,1,Y
IDCJAC0010,010917,2018,11,21,25.3,1,Y
IDCJAC0010,010917,2018,11,22,27.2,1,Y
IDCJAC0010,010917,2018,11,23,23.5,1,Y
IDCJAC0010,010917,2018,11,24,23.9,1,Y
IDCJAC0010,010917,2018,11,25,21.2,1,Y
IDCJAC0010,010917,2018,11,26,20.9,1,Y
IDCJAC0010,010917,2018,11,27,25.6,1,Y
IDCJAC0010,010917,2018,11,28,29.4,1,Y
IDCJAC0010,010917,2018,11,29,26.3,1,Y
IDCJAC0010,010917,2018,11,30,26.4,1,Y
IDCJAC0010,010917,2018,12,01,24.7,1,Y
IDCJAC0010,010917,2018,12,02,30.2,1,Y
IDCJAC0010,010917,2018,12,03,37.9,1,Y
IDCJAC0010,010917,2018,12,04,27.2,1,Y
IDCJAC0010,010917,2018,12,05,28.4,1,Y
IDCJAC0010,010917,2018,12,06,22.9,1,Y
IDCJAC0010,010917,2018,12,07,26.8,1,Y
IDCJAC0010,010917,2018,12,08,32.2,1,Y
IDCJAC0010,010917,2018,12,09,32.7,1,Y
IDCJAC0010,010917,2018,12,10,34.6,1,Y
IDCJAC0010,010917,2018,12,11,26.4,1,Y
IDCJAC0010,010917,2018,12,12,26.7,1,Y
IDCJAC0010,010917,2018,12,13,32.4,1,Y
IDCJAC0010,010917,2018,12,14,37.0,1,Y
IDCJAC0010,010917,2018,12,15,30.7,1,Y
IDCJAC0010,010917,2018,12,16,27.9,1,Y
IDCJAC0010,010917,2018,12,17,27.6,1,Y
IDCJAC0010,010917,2018,12,18,27.5,1,Y
IDCJAC0010,010917,2018,12,19,28.8,1,Y
IDCJAC0010,010917,2018,12,20,30.6,1,Y
IDCJAC0010,010917,2018,12,21,34.5,1,Y
IDCJAC0010,010917,2018,12,22,39.6,1,Y
IDCJAC0010,010917,2018,12,23,38.8,1,Y
IDCJAC0010,010917,2018,12,24,33.1,1,Y
IDCJAC0010,010917,2018,12,25,36.2,1,Y
IDCJAC0010,010917,2018,12,26,32.1,1,Y
IDCJAC0010,010917,2018,12,27,28.8,1,Y
IDCJAC0010,010917,2018,12,28,26.7,1,Y
IDCJAC0010,010917,2018,12,29,31.0,1,Y
IDCJAC0010,010917,2018,12,30,33.7,1,Y
IDCJAC0010,010917,2018,12,31,35.3,1,Y
IDCJAC0010,010917,2019,01,01,37.8,1,Y
IDCJAC0010,010917,2019,01,02,24.9,1,Y
IDCJAC0010,010917,2019,01,03,24.8,1,Y
IDCJAC0010,010917,2019,01,04,26.4,1,Y
IDCJAC0010,010917,2019,01,05,31.2,1,Y
IDCJAC0010,010917,2019,01,06,35.3,1,Y
IDCJAC0010,010917,2019,01,07,35.3,1,Y
IDCJAC0010,010917,2019,01,08,30.2,1,Y
IDCJAC0010,010917,2019,01,09,33.3,1,Y
IDCJAC0010,010917,2019,01,10,31.8,1,Y
IDCJAC0010,010917,2019,01,11,32.4,1,Y
IDCJAC0010,010917,2019,01,12,38.7,1,Y
IDCJAC0010,010917,2019,01,13,34.5,1,Y
IDCJAC0010,010917,2019,01,14,31.3,1,Y
IDCJAC0010,010917,2019,01,15,30.8,1,Y
IDCJAC0010,010917,2019,01,16,30.7,1,Y
IDCJAC0010,010917,2019,01,17,29.0,1,Y
IDCJAC0010,010917,2019,01,18,32.5,1,Y
IDCJAC0010,010917,2019,01,19,38.8,1,Y
IDCJAC0010,010917,2019,01,20,43.0,1,Y
IDCJAC0010,010917,2019,01,21,39.5,1,Y
IDCJAC0010,010917,2019,01,22,25.1,1,Y
IDCJAC0010,010917,2019,01,23,21.9,1,Y
IDCJAC0010,010917,2019,01,24,22.2,1,Y
IDCJAC0010,010917,2019,01,25,27.7,1,Y
IDCJAC0010,010917,2019,01,26,29.8,1,Y
IDCJAC0010,010917,2019,01,27,34.4,1,Y
IDCJAC0010,010917,2019,01,28,39.3,1,Y
IDCJAC0010,010917,2019,01,29,33.9,1,Y
IDCJAC0010,010917,2019,01,30,29.7,1,Y
IDCJAC0010,010917,2019,01,31,33.8,1,Y
IDCJAC0010,010917,2019,02,01,40.5,1,Y
IDCJAC0010,010917,2019,02,02,29.0,1,N
IDCJAC0010,010917,2019,02,03,27.4,1,N
IDCJAC0010,010917,2019,02,04,29.4,1,N
IDCJAC0010,010917,2019,02,05,33.3,1,N
IDCJAC0010,010917,2019,02,06,36.5,1,N
IDCJAC0010,010917,2019,02,07,32.0,1,N
IDCJAC0010,010917,2019,02,08,32.1,1,N
IDCJAC0010,010917,2019,02,09,32.4,1,N
IDCJAC0010,010917,2019,02,10,36.0,1,N
IDCJAC0010,010917,2019,02,11,29.8,1,N
IDCJAC0010,010917,2019,02,12,27.6,1,N
IDCJAC0010,010917,2019,02,13,30.9,1,N
IDCJAC0010,010917,2019,02,14,35.1,1,N
IDCJAC0010,010917,2019,02,15,34.6,1,N
IDCJAC0010,010917,2019,02,16,31.3,1,N
IDCJAC0010,010917,2019,02,17,28.2,1,N
IDCJAC0010,010917,2019,02,18,31.0,1,N
IDCJAC0010,010917,2019,02,19,34.5,1,N
IDCJAC0010,010917,2019,02,20,35.5,1,N
IDCJAC0010,010917,2019,02,21,28.5,1,N
IDCJAC0010,010917,2019,02,22,29.9,1,N
IDCJAC0010,010917,2019,02,23,30.6,1,N
IDCJAC0010,010917,2019,02,24,32.3,1,N
IDCJAC0010,010917,2019,02,25,34.3,1,N
IDCJAC0010,010917,2019,02,26,36.4,1,N
IDCJAC0010,010917,2019,02,27,35.1,1,N
IDCJAC0010,010917,2019,02,28,35.8,1,N
IDCJAC0010,010917,2019,03,01,24.6,1,Y
IDCJAC0010,010917,2019,03,02,26.9,1,Y
IDCJAC0010,010917,2019,03,03,33.0,1,Y
IDCJAC0010,010917,2019,03,04,37.0,1,Y
IDCJAC0010,010917,2019,03,05,27.4,1,Y
IDCJAC0010,010917,2019,03,06,29.5,1,Y
IDCJAC0010,010917,2019,03,07,23.5,1,Y
IDCJAC0010,010917,2019,03,08,27.6,1,Y
IDCJAC0010,010917,2019,03,09,24.3,1,Y
IDCJAC0010,010917,2019,03,10,27.4,1,Y
IDCJAC0010,010917,2019,03,11,27.5,1,Y
IDCJAC0010,010917,2019,03,12,32.7,1,Y
IDCJAC0010,010917,2019,03,13,29.1,1,Y
IDCJAC0010,010917,2019,03,14,28.6,1,Y
IDCJAC0010,010917,2019,03,15,33.5,1,Y
IDCJAC0010,010917,2019,03,16,31.0,1,Y
IDCJAC0010,010917,2019,03,17,32.9,1,Y
IDCJAC0010,010917,2019,03,18,36.3,1,Y
IDCJAC0010,010917,2019,03,19,34.7,1,Y
IDCJAC0010,010917,2019,03,20,35.5,1,Y
IDCJAC0010,010917,2019,03,21,31.4,1,Y
IDCJAC0010,010917,2019,03,22,24.5,1,Y
IDCJAC0010,010917,2019,03,23,24.5,1,Y
IDCJAC0010,010917,2019,03,24,24.1,1,Y
IDCJAC0010,010917,2019,03,25,25.4,1,Y
IDCJAC0010,010917,2019,03,26,30.6,1,Y
IDCJAC0010,010917,2019,03,27,32.5,1,Y
IDCJAC0010,010917,2019,03,28,23.7,1,Y
IDCJAC0010,010917,2019,03,29,24.6,1,Y
IDCJAC0010,010917,2019,03,30,27.5,1,Y
IDCJAC0010,010917,2019,03,31,32.3,1,Y
IDCJAC0010,010917,2019,04,01,28.9,1,Y
IDCJAC0010,010917,2019,04,02,25.0,1,Y
IDCJAC0010,010917,2019,04,03,24.8,1,Y
IDCJAC0010,010917,2019,04,04,22.1,1,Y
IDCJAC0010,010917,2019,04,05,21.6,1,Y
IDCJAC0010,010917,2019,04,06,26.8,1,Y
IDCJAC0010,010917,2019,04,07,25.3,1,Y
IDCJAC0010,010917,2019,04,08,25.1,1,Y
IDCJAC0010,010917,2019,04,09,30.7,1,Y
IDCJAC0010,010917,2019,04,10,33.5,1,Y
IDCJAC0010,010917,2019,04,11,25.7,1,Y
IDCJAC0010,010917,2019,04,12,25.2,1,Y
IDCJAC0010,010917,2019,04,13,30.9,1,Y
IDCJAC0010,010917,2019,04,14,22.7,1,Y
IDCJAC0010,010917,2019,04,15,20.6,1,Y
IDCJAC0010,010917,2019,04,16,20.9,1,Y
IDCJAC0010,010917,2019,04,17,21.1,1,Y
IDCJAC0010,010917,2019,04,18,26.1,1,Y
IDCJAC0010,010917,2019,04,19,13.7,1,Y
IDCJAC0010,010917,2019,04,20,16.2,1,Y
IDCJAC0010,010917,2019,04,21,21.2,1,Y
IDCJAC0010,010917,2019,04,22,24.6,1,Y
IDCJAC0010,010917,2019,04,23,26.1,1,Y
IDCJAC0010,010917,2019,04,24,26.4,1,Y
IDCJAC0010,010917,2019,04,25,26.7,1,Y
IDCJAC0010,010917,2019,04,26,25.9,1,Y
IDCJAC0010,010917,2019,04,27,26.6,1,Y
IDCJAC0010,010917,2019,04,28,27.5,1,Y
IDCJAC0010,010917,2019,04,29,20.3,1,Y
IDCJAC0010,010917,2019,04,30,19.2,1,Y
IDCJAC0010,010917,2019,05,01,15.1,1,Y
IDCJAC0010,010917,2019,05,02,17.3,1,Y
IDCJAC0010,010917,2019,05,03,23.3,1,Y
IDCJAC0010,010917,2019,05,04,23.1,1,Y
IDCJAC0010,010917,2019,05,05,21.8,1,Y
IDCJAC0010,010917,2019,05,06,19.5,1,Y
IDCJAC0010,010917,2019,05,07,20.9,1,Y
IDCJAC0010,010917,2019,05,08,20.0,1,Y
IDCJAC0010,010917,2019,05,09,20.2,1,Y
IDCJAC0010,010917,2019,05,10,22.6,1,Y
IDCJAC0010,010917,2019,05,11,22.7,1,Y
IDCJAC0010,010917,2019,05,12,24.6,1,Y
IDCJAC0010,010917,2019,05,13,20.7,1,Y
IDCJAC0010,010917,2019,05,14,25.4,1,Y
IDCJAC0010,010917,2019,05,15,27.7,1,Y
IDCJAC0010,010917,2019,05,16,15.3,1,Y
IDCJAC0010,010917,2019,05,17,13.1,1,Y
IDCJAC0010,010917,2019,05,18,14.9,1,Y
IDCJAC0010,010917,2019,05,19,17.6,1,Y
IDCJAC0010,010917,2019,05,20,19.7,1,Y
IDCJAC0010,010917,2019,05,21,18.4,1,Y
IDCJAC0010,010917,2019,05,22,20.5,1,Y
IDCJAC0010,010917,2019,05,23,21.2,1,Y
IDCJAC0010,010917,2019,05,24,21.0,1,Y
IDCJAC0010,010917,2019,05,25,19.3,1,Y
IDCJAC0010,010917,2019,05,26,18.3,1,Y
IDCJAC0010,010917,2019,05,27,19.1,1,Y
IDCJAC0010,010917,2019,05,28,20.0,1,Y
IDCJAC0010,010917,2019,05,29,19.3,1,Y
IDCJAC0010,010917,2019,05,30,21.3,1,Y
IDCJAC0010,010917,2019,05,31,24.0,1,Y
IDCJAC0010,010917,2019,06,01,23.2,1,Y
IDCJAC0010,010917,2019,06,02,22.3,1,Y
IDCJAC0010,010917,2019,06,03,21.2,1,Y
IDCJAC0010,010917,2019,06,04,20.6,1,Y
IDCJAC0010,010917,2019,06,05,21.2,1,Y
IDCJAC0010,010917,2019,06,06,20.5,1,Y
IDCJAC0010,010917,2019,06,07,15.9,1,Y
IDCJAC0010,010917,2019,06,08,16.1,1,Y
IDCJAC0010,010917,2019,06,09,13.9,1,Y
IDCJAC0010,010917,2019,06,10,16.4,1,Y
IDCJAC0010,010917,2019,06,11,14.8,1,Y
IDCJAC0010,010917,2019,06,12,15.0,1,Y
IDCJAC0010,010917,2019,06,13,15.6,1,Y
IDCJAC0010,010917,2019,06,14,16.5,1,Y
IDCJAC0010,010917,2019,06,15,16.9,1,Y
IDCJAC0010,010917,2019,06,16,17.0,1,Y
IDCJAC0010,010917,2019,06,17,14.7,1,Y
IDCJAC0010,010917,2019,06,18,15.9,1,Y
IDCJAC0010,010917,2019,06,19,16.4,1,Y
IDCJAC0010,010917,2019,06,20,17.2,1,Y
IDCJAC0010,010917,2019,06,21,21.9,1,Y
IDCJAC0010,010917,2019,06,22,20.3,1,Y
IDCJAC0010,010917,2019,06,23,18.1,1,Y
IDCJAC0010,010917,2019,06,24,17.9,1,Y
IDCJAC0010,010917,2019,06,25,18.4,1,Y
IDCJAC0010,010917,2019,06,26,19.7,1,Y
IDCJAC0010,010917,2019,06,27,13.2,1,Y
IDCJAC0010,010917,2019,06,28,13.6,1,Y
IDCJAC0010,010917,2019,06,29,14.9,1,Y
IDCJAC0010,010917,2019,06,30,14.4,1,Y
IDCJAC0010,010917,2019,07,01,17.3,1,Y
IDCJAC0010,010917,2019,07,02,17.3,1,Y
IDCJAC0010,010917,2019,07,03,18.5,1,Y
IDCJAC0010,010917,2019,07,04,16.4,1,Y
IDCJAC0010,010917,2019,07,05,13.4,1,Y
IDCJAC0010,010917,2019,07,06,14.4,1,Y
IDCJAC0010,010917,2019,07,07,17.0,1,Y
IDCJAC0010,010917,2019,07,08,18.5,1,Y
IDCJAC0010,010917,2019,07,09,16.0,1,Y
IDCJAC0010,010917,2019,07,10,17.3,1,Y
IDCJAC0010,010917,2019,07,11,15.8,1,Y
IDCJAC0010,010917,2019,07,12,13.3,1,Y
IDCJAC0010,010917,2019,07,13,15.3,1,Y
IDCJAC0010,010917,2019,07,14,15.9,1,Y
IDCJAC0010,010917,2019,07,15,17.3,1,Y
IDCJAC0010,010917,2019,07,16,19.9,1,Y
IDCJAC0010,010917,2019,07,17,20.2,1,Y
IDCJAC0010,010917,2019,07,18,17.4,1,Y
IDCJAC0010,010917,2019,07,19,18.2,1,Y
IDCJAC0010,010917,2019,07,20,15.0,1,Y
IDCJAC0010,010917,2019,07,21,15.7,1,Y
IDCJAC0010,010917,2019,07,22,14.1,1,Y
IDCJAC0010,010917,2019,07,23,16.0,1,Y
IDCJAC0010,010917,2019,07,24,17.9,1,Y
IDCJAC0010,010917,2019,07,25,13.2,1,Y
IDCJAC0010,010917,2019,07,26,12.4,1,Y
IDCJAC0010,010917,2019,07,27,16.9,1,Y
IDCJAC0010,010917,2019,07,28,15.2,1,Y
IDCJAC0010,010917,2019,07,29,12.5,1,Y
IDCJAC0010,010917,2019,07,30,19.4,1,Y
IDCJAC0010,010917,2019,07,31,19.9,1,Y
IDCJAC0010,010917,2019,08,01,17.5,1,Y
IDCJAC0010,010917,2019,08,02,20.5,1,Y
IDCJAC0010,010917,2019,08,03,21.5,1,Y
IDCJAC0010,010917,2019,08,04,17.5,1,Y
IDCJAC0010,010917,2019,08,05,15.1,1,Y
IDCJAC0010,010917,2019,08,06,12.2,1,Y
IDCJAC0010,010917,2019,08,07,15.0,1,Y
IDCJAC0010,010917,2019,08,08,15.9,1,Y
IDCJAC0010,010917,2019,08,09,14.5,1,Y
IDCJAC0010,010917,2019,08,10,13.9,1,Y
IDCJAC0010,010917,2019,08,11,18.4,1,Y
IDCJAC0010,010917,2019,08,12,20.5,1,Y
IDCJAC0010,010917,2019,08,13,19.1,1,Y
IDCJAC0010,010917,2019,08,14,15.8,1,Y
IDCJAC0010,010917,2019,08,15,15.9,1,Y
IDCJAC0010,010917,2019,08,16,16.6,1,Y
IDCJAC0010,010917,2019,08,17,13.3,1,Y
IDCJAC0010,010917,2019,08,18,14.7,1,Y
IDCJAC0010,010917,2019,08,19,16.6,1,Y
IDCJAC0010,010917,2019,08,20,18.9,1,Y
IDCJAC0010,010917,2019,08,21,20.0,1,Y
IDCJAC0010,010917,2019,08,22,23.3,1,Y
IDCJAC0010,010917,2019,08,23,13.9,1,Y
IDCJAC0010,010917,2019,08,24,14.5,1,Y
IDCJAC0010,010917,2019,08,25,16.6,1,Y
IDCJAC0010,010917,2019,08,26,17.5,1,Y
IDCJAC0010,010917,2019,08,27,19.8,1,Y
IDCJAC0010,010917,2019,08,28,24.9,1,Y
IDCJAC0010,010917,2019,08,29,19.9,1,Y
IDCJAC0010,010917,2019,08,30,16.7,1,Y
IDCJAC0010,010917,2019,08,31,16.9,1,Y
IDCJAC0010,010917,2019,09,01,16.6,1,Y
IDCJAC0010,010917,2019,09,02,17.9,1,Y
IDCJAC0010,010917,2019,09,03,16.1,1,Y
IDCJAC0010,010917,2019,09,04,15.3,1,Y
IDCJAC0010,010917,2019,09,05,13.9,1,Y
IDCJAC0010,010917,2019,09,06,17.2,1,Y
IDCJAC0010,010917,2019,09,07,18.5,1,Y
IDCJAC0010,010917,2019,09,08,21.8,1,Y
IDCJAC0010,010917,2019,09,09,28.3,1,Y
IDCJAC0010,010917,2019,09,10,28.7,1,Y
IDCJAC0010,010917,2019,09,11,22.6,1,Y
IDCJAC0010,010917,2019,09,12,25.1,1,Y
IDCJAC0010,010917,2019,09,13,26.2,1,Y
IDCJAC0010,010917,2019,09,14,24.8,1,Y
IDCJAC0010,010917,2019,09,15,20.1,1,Y
IDCJAC0010,010917,2019,09,16,22.1,1,Y
IDCJAC0010,010917,2019,09,17,23.6,1,Y
IDCJAC0010,010917,2019,09,18,18.6,1,Y
IDCJAC0010,010917,2019,09,19,14.3,1,Y
IDCJAC0010,010917,2019,09,20,15.4,1,Y
IDCJAC0010,010917,2019,09,21,14.6,1,Y
IDCJAC0010,010917,2019,09,22,17.6,1,Y
IDCJAC0010,010917,2019,09,23,21.9,1,Y
IDCJAC0010,010917,2019,09,24,26.8,1,Y
IDCJAC0010,010917,2019,09,25,20.6,1,Y
IDCJAC0010,010917,2019,09,26,19.0,1,Y
IDCJAC0010,010917,2019,09,27,21.2,1,Y
IDCJAC0010,010917,2019,09,28,22.2,1,Y
IDCJAC0010,010917,2019,09,29,27.2,1,Y
IDCJAC0010,010917,2019,09,30,24.4,1,Y
IDCJAC0010,010917,2019,10,01,22.5,1,Y
IDCJAC0010,010917,2019,10,02,23.1,1,Y
IDCJAC0010,010917,2019,10,03,23.1,1,Y
IDCJAC0010,010917,2019,10,04,20.0,1,Y
IDCJAC0010,010917,2019,10,05,18.5,1,Y
IDCJAC0010,010917,2019,10,06,18.2,1,Y
IDCJAC0010,010917,2019,10,07,21.2,1,Y
IDCJAC0010,010917,2019,10,08,26.7,1,Y
IDCJAC0010,010917,2019,10,09,31.0,1,Y
IDCJAC0010,010917,2019,10,10,25.6,1,Y
IDCJAC0010,010917,2019,10,11,21.5,1,Y
IDCJAC0010,010917,2019,10,12,19.7,1,Y
IDCJAC0010,010917,2019,10,13,20.4,1,Y
IDCJAC0010,010917,2019,10,14,19.2,1,Y
IDCJAC0010,010917,2019,10,15,18.8,1,Y
IDCJAC0010,010917,2019,10,16,19.8,1,Y
IDCJAC0010,010917,2019,10,17,22.3,1,Y
IDCJAC0010,010917,2019,10,18,22.0,1,Y
IDCJAC0010,010917,2019,10,19,29.2,1,Y
IDCJAC0010,010917,2019,10,20,28.0,1,Y
IDCJAC0010,010917,2019,10,21,27.8,1,Y
IDCJAC0010,010917,2019,10,22,29.3,1,Y
IDCJAC0010,010917,2019,10,23,22.4,1,Y
IDCJAC0010,010917,2019,10,24,21.8,1,Y
IDCJAC0010,010917,2019,10,25,24.3,1,Y
IDCJAC0010,010917,2019,10,26,28.3,1,Y
IDCJAC0010,010917,2019,10,27,34.0,1,Y
IDCJAC0010,010917,2019,10,28,25.8,1,Y
IDCJAC0010,010917,2019,10,29,26.7,1,Y
IDCJAC0010,010917,2019,10,30,24.3,1,Y
IDCJAC0010,010917,2019,10,31,15.2,1,Y
IDCJAC0010,010917,2019,11,01,18.2,1,N
IDCJAC0010,010917,2019,11,02,20.7,1,N
IDCJAC0010,010917,2019,11,03,21.0,1,N
IDCJAC0010,010917,2019,11,04,28.6,1,N
IDCJAC0010,010917,2019,11,05,25.7,1,N
IDCJAC0010,010917,2019,11,06,25.6,1,N
IDCJAC0010,010917,2019,11,07,27.9,1,N
IDCJAC0010,010917,2019,11,08,29.2,1,N
IDCJAC0010,010917,2019,11,09,38.1,1,N
IDCJAC0010,010917,2019,11,10,28.6,1,N
IDCJAC0010,010917,2019,11,11,26.8,1,N
IDCJAC0010,010917,2019,11,12,27.5,1,N
IDCJAC0010,010917,2019,11,13,34.4,1,N
IDCJAC0010,010917,2019,11,14,37.7,1,N
IDCJAC0010,010917,2019,11,15,36.2,1,N
IDCJAC0010,010917,2019,11,16,41.3,1,N
IDCJAC0010,010917,2019,11,17,38.0,1,N
IDCJAC0010,010917,2019,11,18,34.2,1,N
IDCJAC0010,010917,2019,11,19,29.4,1,N
IDCJAC0010,010917,2019,11,20,20.3,1,N
IDCJAC0010,010917,2019,11,21,24.8,1,N
IDCJAC0010,010917,2019,11,22,27.7,1,N
IDCJAC0010,010917,2019,11,23,31.4,1,N
IDCJAC0010,010917,2019,11,24,29.9,1,N
IDCJAC0010,010917,2019,11,25,28.6,1,N
IDCJAC0010,010917,2019,11,26,32.6,1,N
IDCJAC0010,010917,2019,11,27,30.7,1,N
IDCJAC0010,010917,2019,11,28,26.7,1,N
IDCJAC0010,010917,2019,11,29,25.1,1,N
IDCJAC0010,010917,2019,11,30,26.7,1,N
IDCJAC0010,010917,2019,12,01,31.6,1,Y
IDCJAC0010,010917,2019,12,02,33.7,1,Y
IDCJAC0010,010917,2019,12,03,39.7,1,Y
IDCJAC0010,010917,2019,12,04,40.2,1,Y
IDCJAC0010,010917,2019,12,05,38.0,1,Y
IDCJAC0010,010917,2019,12,06,40.6,1,Y
IDCJAC0010,010917,2019,12,07,29.0,1,Y
IDCJAC0010,010917,2019,12,08,27.8,1,Y
IDCJAC0010,010917,2019,12,09,29.9,1,Y
IDCJAC0010,010917,2019,12,10,33.7,1,Y
IDCJAC0010,010917,2019,12,11,34.8,1,Y
IDCJAC0010,010917,2019,12,12,36.0,1,Y
IDCJAC0010,010917,2019,12,13,38.5,1,Y
IDCJAC0010,010917,2019,12,14,40.8,1,Y
IDCJAC0010,010917,2019,12,15,42.3,1,Y
IDCJAC0010,010917,2019,12,16,39.6,1,Y
IDCJAC0010,010917,2019,12,17,39.7,1,Y
IDCJAC0010,010917,2019,12,18,39.9,1,Y
IDCJAC0010,010917,2019,12,19,25.4,1,Y
IDCJAC0010,010917,2019,12,20,28.3,1,Y
IDCJAC0010,010917,2019,12,21,35.9,1,Y
IDCJAC0010,010917,2019,12,22,30.9,1,Y
IDCJAC0010,010917,2019,12,23,35.0,1,Y
IDCJAC0010,010917,2019,12,24,36.6,1,Y
IDCJAC0010,010917,2019,12,25,37.6,1,Y
IDCJAC0010,010917,2019,12,26,37.1,1,Y
IDCJAC0010,010917,2019,12,27,32.6,1,Y
IDCJAC0010,010917,2019,12,28,33.8,1,Y
IDCJAC0010,010917,2019,12,29,27.7,1,Y
IDCJAC0010,010917,2019,12,30,27.4,1,Y
IDCJAC0010,010917,2019,12,31,32.2,1,Y
IDCJAC0010,010917,2020,01,01,34.3,1,Y
IDCJAC0010,010917,2020,01,02,27.3,1,Y
IDCJAC0010,010917,2020,01,03,22.6,1,Y
IDCJAC0010,010917,2020,01,04,25.5,1,Y
IDCJAC0010,010917,2020,01,05,35.1,1,Y
IDCJAC0010,010917,2020,01,06,36.9,1,Y
IDCJAC0010,010917,2020,01,07,37.7,1,Y
IDCJAC0010,010917,2020,01,08,33.0,1,Y
IDCJAC0010,010917,2020,01,09,29.7,1,Y
IDCJAC0010,010917,2020,01,10,30.0,1,Y
IDCJAC0010,010917,2020,01,11,32.9,1,Y
IDCJAC0010,010917,2020,01,12,37.1,1,Y
IDCJAC0010,010917,2020,01,13,33.6,1,Y
IDCJAC0010,010917,2020,01,14,35.2,1,Y
IDCJAC0010,010917,2020,01,15,30.0,1,Y
IDCJAC0010,010917,2020,01,16,34.2,1,Y
IDCJAC0010,010917,2020,01,17,34.4,1,Y
IDCJAC0010,010917,2020,01,18,28.4,1,Y
IDCJAC0010,010917,2020,01,19,29.0,1,Y
IDCJAC0010,010917,2020,01,20,33.8,1,Y
IDCJAC0010,010917,2020,01,21,27.9,1,Y
IDCJAC0010,010917,2020,01,22,26.1,1,Y
IDCJAC0010,010917,2020,01,23,31.5,1,Y
IDCJAC0010,010917,2020,01,24,33.9,1,Y
IDCJAC0010,010917,2020,01,25,35.8,1,Y
IDCJAC0010,010917,2020,01,26,36.5,1,Y
IDCJAC0010,010917,2020,01,27,40.9,1,Y
IDCJAC0010,010917,2020,01,28,42.2,1,Y
IDCJAC0010,010917,2020,01,29,33.9,1,Y
IDCJAC0010,010917,2020,01,30,24.7,1,Y
IDCJAC0010,010917,2020,01,31,23.7,1,Y
IDCJAC0010,010917,2020,02,01,27.3,1,Y
IDCJAC0010,010917,2020,02,02,31.8,1,Y
IDCJAC0010,010917,2020,02,03,34.0,1,Y
IDCJAC0010,010917,2020,02,04,37.0,1,Y
IDCJAC0010,010917,2020,02,05,42.0,1,Y
IDCJAC0010,010917,2020,02,06,40.8,1,Y
IDCJAC0010,010917,2020,02,07,37.2,1,Y
IDCJAC0010,010917,2020,02,08,39.2,1,Y
IDCJAC0010,010917,2020,02,09,27.1,1,Y
IDCJAC0010,010917,2020,02,10,30.1,1,Y
IDCJAC0010,010917,2020,02,11,28.9,1,Y
IDCJAC0010,010917,2020,02,12,33.0,1,Y
IDCJAC0010,010917,2020,02,13,35.0,1,Y
IDCJAC0010,010917,2020,02,14,37.6,1,Y
IDCJAC0010,010917,2020,02,15,33.3,1,Y
IDCJAC0010,010917,2020,02,16,30.2,1,Y
IDCJAC0010,010917,2020,02,17,28.5,1,Y
IDCJAC0010,010917,2020,02,18,30.4,1,Y
IDCJAC0010,010917,2020,02,19,33.6,1,Y
IDCJAC0010,010917,2020,02,20,33.6,1,Y
IDCJAC0010,010917,2020,02,21,31.0,1,Y
IDCJAC0010,010917,2020,02,22,24.1,1,Y
IDCJAC0010,010917,2020,02,23,30.5,1,Y
IDCJAC0010,010917,2020,02,24,24.8,1,Y
IDCJAC0010,010917,2020,02,25,28.4,1,Y
IDCJAC0010,010917,2020,02,26,27.2,1,Y
IDCJAC0010,010917,2020,02,27,22.5,1,Y
IDCJAC0010,010917,2020,02,28,25.4,1,Y
IDCJAC0010,010917,2020,02,29,28.6,1,Y
IDCJAC0010,010917,2020,03,01,22.8,1,Y
IDCJAC0010,010917,2020,03,02,26.0,1,Y
IDCJAC0010,010917,2020,03,03,29.2,1,Y
IDCJAC0010,010917,2020,03,04,32.2,1,Y
IDCJAC0010,010917,2020,03,05,34.0,1,Y
IDCJAC0010,010917,2020,03,06,29.2,1,Y
IDCJAC0010,010917,2020,03,07,30.5,1,Y
IDCJAC0010,010917,2020,03,08,33.0,1,Y
IDCJAC0010,010917,2020,03,09,31.3,1,Y
IDCJAC0010,010917,2020,03,10,31.8,1,Y
IDCJAC0010,010917,2020,03,11,34.4,1,Y
IDCJAC0010,010917,2020,03,12,30.3,1,Y
IDCJAC0010,010917,2020,03,13,29.3,1,Y
IDCJAC0010,010917,2020,03,14,29.6,1,Y
IDCJAC0010,010917,2020,03,15,27.3,1,Y
IDCJAC0010,010917,2020,03,16,27.2,1,Y
IDCJAC0010,010917,2020,03,17,25.5,1,Y
IDCJAC0010,010917,2020,03,18,22.3,1,Y
IDCJAC0010,010917,2020,03,19,22.6,1,Y
IDCJAC0010,010917,2020,03,20,29.1,1,Y
IDCJAC0010,010917,2020,03,21,27.0,1,Y
IDCJAC0010,010917,2020,03,22,27.4,1,Y
IDCJAC0010,010917,2020,03,23,30.3,1,Y
IDCJAC0010,010917,2020,03,24,30.6,1,Y
IDCJAC0010,010917,2020,03,25,33.7,1,Y
IDCJAC0010,010917,2020,03,26,34.5,1,Y
IDCJAC0010,010917,2020,03,27,30.4,1,Y
IDCJAC0010,010917,2020,03,28,23.2,1,Y
IDCJAC0010,010917,2020,03,29,22.5,1,Y
IDCJAC0010,010917,2020,03,30,22.5,1,Y
IDCJAC0010,010917,2020,03,31,24.9,1,Y
IDCJAC0010,010917,2020,04,01,27.2,1,Y
IDCJAC0010,010917,2020,04,02,24.5,1,Y
IDCJAC0010,010917,2020,04,03,21.9,1,Y
IDCJAC0010,010917,2020,04,04,21.8,1,Y
IDCJAC0010,010917,2020,04,05,20.9,1,Y
IDCJAC0010,010917,2020,04,06,28.7,1,Y
IDCJAC0010,010917,2020,04,07,31.8,1,Y
IDCJAC0010,010917,2020,04,08,34.8,1,Y
IDCJAC0010,010917,2020,04,09,34.5,1,Y
IDCJAC0010,010917,2020,04,10,32.5,1,Y
IDCJAC0010,010917,2020,04,11,37.6,1,Y
IDCJAC0010,010917,2020,04,12,27.5,1,Y
IDCJAC0010,010917,2020,04,13,26.3,1,Y
IDCJAC0010,010917,2020,04,14,24.7,1,Y
IDCJAC0010,010917,2020,04,15,23.5,1,Y
IDCJAC0010,010917,2020,04,16,22.5,1,Y
IDCJAC0010,010917,2020,04,17,27.9,1,Y
IDCJAC0010,010917,2020,04,18,26.5,1,Y
IDCJAC0010,010917,2020,04,19,20.9,1,Y
IDCJAC0010,010917,2020,04,20,23.2,1,Y
IDCJAC0010,010917,2020,04,21,24.3,1,Y
IDCJAC0010,010917,2020,04,22,21.2,1,Y
IDCJAC0010,010917,2020,04,23,25.2,1,Y
IDCJAC0010,010917,2020,04,24,23.1,1,Y
IDCJAC0010,010917,2020,04,25,23.0,1,Y
IDCJAC0010,010917,2020,04,26,25.1,1,Y
IDCJAC0010,010917,2020,04,27,25.2,1,Y
IDCJAC0010,010917,2020,04,28,19.0,1,Y
IDCJAC0010,010917,2020,04,29,19.0,1,Y
IDCJAC0010,010917,2020,04,30,19.4,1,Y
IDCJAC0010,010917,2020,05,01,21.5,1,Y
IDCJAC0010,010917,2020,05,02,25.3,1,Y
IDCJAC0010,010917,2020,05,03,29.7,1,Y
IDCJAC0010,010917,2020,05,04,23.8,1,Y
IDCJAC0010,010917,2020,05,05,21.1,1,Y
IDCJAC0010,010917,2020,05,06,12.7,1,Y
IDCJAC0010,010917,2020,05,07,17.0,1,Y
IDCJAC0010,010917,2020,05,08,16.4,1,Y
IDCJAC0010,010917,2020,05,09,17.3,1,Y
IDCJAC0010,010917,2020,05,10,22.8,1,Y
IDCJAC0010,010917,2020,05,11,21.1,1,Y
IDCJAC0010,010917,2020,05,12,20.1,1,Y
IDCJAC0010,010917,2020,05,13,24.5,1,Y
IDCJAC0010,010917,2020,05,14,27.2,1,Y
IDCJAC0010,010917,2020,05,15,23.8,1,Y
IDCJAC0010,010917,2020,05,16,18.6,1,Y
IDCJAC0010,010917,2020,05,17,20.4,1,Y
IDCJAC0010,010917,2020,05,18,16.6,1,Y
IDCJAC0010,010917,2020,05,19,16.8,1,Y
IDCJAC0010,010917,2020,05,20,17.0,1,Y
IDCJAC0010,010917,2020,05,21,19.0,1,Y
IDCJAC0010,010917,2020,05,22,21.1,1,Y
IDCJAC0010,010917,2020,05,23,23.5,1,Y
IDCJAC0010,010917,2020,05,24,20.0,1,Y
IDCJAC0010,010917,2020,05,25,13.3,1,Y
IDCJAC0010,010917,2020,05,26,15.5,1,Y
IDCJAC0010,010917,2020,05,27,17.3,1,Y
IDCJAC0010,010917,2020,05,28,17.9,1,Y
IDCJAC0010,010917,2020,05,29,18.9,1,Y
IDCJAC0010,010917,2020,05,30,15.3,1,Y
IDCJAC0010,010917,2020,05,31,17.7,1,Y
IDCJAC0010,010917,2020,06,01,15.2,1,Y
IDCJAC0010,010917,2020,06,02,17.6,1,Y
IDCJAC0010,010917,2020,06,03,22.2,1,Y
IDCJAC0010,010917,2020,06,04,20.8,1,Y
IDCJAC0010,010917,2020,06,05,21.2,1,Y
IDCJAC0010,010917,2020,06,06,21.4,1,Y
IDCJAC0010,010917,2020,06,07,21.9,1,Y
IDCJAC0010,010917,2020,06,08,22.1,1,Y
IDCJAC0010,010917,2020,06,09,22.0,1,Y
IDCJAC0010,010917,2020,06,10,21.2,1,Y
IDCJAC0010,010917,2020,06,11,19.7,1,Y
IDCJAC0010,010917,2020,06,12,15.2,1,Y
IDCJAC0010,010917,2020,06,13,17.6,1,Y
IDCJAC0010,010917,2020,06,14,18.3,1,Y
IDCJAC0010,010917,2020,06,15,17.1,1,Y
IDCJAC0010,010917,2020,06,16,17.9,1,Y
IDCJAC0010,010917,2020,06,17,21.3,1,Y
IDCJAC0010,010917,2020,06,18,14.6,1,Y
IDCJAC0010,010917,2020,06,19,15.2,1,Y
IDCJAC0010,010917,2020,06,20,15.4,1,Y
IDCJAC0010,010917,2020,06,21,18.1,1,Y
IDCJAC0010,010917,2020,06,22,17.3,1,Y
IDCJAC0010,010917,2020,06,23,17.4,1,Y
IDCJAC0010,010917,2020,06,24,17.0,1,Y
IDCJAC0010,010917,2020,06,25,17.3,1,Y
IDCJAC0010,010917,2020,06,26,18.8,1,Y
IDCJAC0010,010917,2020,06,27,18.6,1,Y
IDCJAC0010,010917,2020,06,28,16.6,1,Y
IDCJAC0010,010917,2020,06,29,14.9,1,Y
IDCJAC0010,010917,2020,06,30,16.7,1,Y
IDCJAC0010,010917,2020,07,01,13.9,1,Y
IDCJAC0010,010917,2020,07,02,14.7,1,Y
IDCJAC0010,010917,2020,07,03,16.3,1,Y
IDCJAC0010,010917,2020,07,04,17.9,1,Y
IDCJAC0010,010917,2020,07,05,18.6,1,Y
IDCJAC0010,010917,2020,07,06,16.8,1,Y
IDCJAC0010,010917,2020,07,07,15.0,1,Y
IDCJAC0010,010917,2020,07,08,15.2,1,Y
IDCJAC0010,010917,2020,07,09,14.3,1,Y
IDCJAC0010,010917,2020,07,10,13.2,1,Y
IDCJAC0010,010917,2020,07,11,14.0,1,Y
IDCJAC0010,010917,2020,07,12,17.2,1,Y
IDCJAC0010,010917,2020,07,13,17.5,1,Y
IDCJAC0010,010917,2020,07,14,14.3,1,Y
IDCJAC0010,010917,2020,07,15,15.1,1,Y
IDCJAC0010,010917,2020,07,16,17.5,1,Y
IDCJAC0010,010917,2020,07,17,12.6,1,Y
IDCJAC0010,010917,2020,07,18,15.7,1,Y
IDCJAC0010,010917,2020,07,19,13.0,1,Y
IDCJAC0010,010917,2020,07,20,14.9,1,Y
IDCJAC0010,010917,2020,07,21,16.8,1,Y
IDCJAC0010,010917,2020,07,22,21.4,1,Y
IDCJAC0010,010917,2020,07,23,16.4,1,Y
IDCJAC0010,010917,2020,07,24,16.4,1,Y
IDCJAC0010,010917,2020,07,25,19.1,1,Y
IDCJAC0010,010917,2020,07,26,19.2,1,Y
IDCJAC0010,010917,2020,07,27,22.1,1,Y
IDCJAC0010,010917,2020,07,28,17.6,1,Y
IDCJAC0010,010917,2020,07,29,18.0,1,Y
IDCJAC0010,010917,2020,07,30,19.8,1,Y
IDCJAC0010,010917,2020,07,31,17.8,1,Y
IDCJAC0010,010917,2020,08,01,16.1,1,Y
IDCJAC0010,010917,2020,08,02,16.2,1,Y
IDCJAC0010,010917,2020,08,03,14.1,1,Y
IDCJAC0010,010917,2020,08,04,14.4,1,Y
IDCJAC0010,010917,2020,08,05,15.3,1,Y
IDCJAC0010,010917,2020,08,06,13.5,1,Y
IDCJAC0010,010917,2020,08,07,13.5,1,Y
IDCJAC0010,010917,2020,08,08,17.4,1,Y
IDCJAC0010,010917,2020,08,09,12.7,1,Y
IDCJAC0010,010917,2020,08,10,17.0,1,Y
IDCJAC0010,010917,2020,08,11,17.2,1,Y
IDCJAC0010,010917,2020,08,12,15.6,1,Y
IDCJAC0010,010917,2020,08,13,15.1,1,Y
IDCJAC0010,010917,2020,08,14,15.7,1,Y
IDCJAC0010,010917,2020,08,15,19.4,1,Y
IDCJAC0010,010917,2020,08,16,13.1,1,Y
IDCJAC0010,010917,2020,08,17,14.9,1,Y
IDCJAC0010,010917,2020,08,18,15.3,1,Y
IDCJAC0010,010917,2020,08,19,16.4,1,Y
IDCJAC0010,010917,2020,08,20,17.7,1,Y
IDCJAC0010,010917,2020,08,21,15.8,1,Y
IDCJAC0010,010917,2020,08,22,20.4,1,Y
IDCJAC0010,010917,2020,08,23,17.7,1,Y
IDCJAC0010,010917,2020,08,24,17.0,1,Y
IDCJAC0010,010917,2020,08,25,16.9,1,Y
IDCJAC0010,010917,2020,08,26,19.0,1,Y
IDCJAC0010,010917,2020,08,27,21.7,1,Y
IDCJAC0010,010917,2020,08,28,25.2,1,Y
IDCJAC0010,010917,2020,08,29,15.1,1,Y
IDCJAC0010,010917,2020,08,30,16.8,1,Y
IDCJAC0010,010917,2020,08,31,21.1,1,Y
IDCJAC0010,010917,2020,09,01,14.0,1,N
IDCJAC0010,010917,2020,09,02,16.3,1,N
IDCJAC0010,010917,2020,09,03,18.5,1,N
IDCJAC0010,010917,2020,09,04,20.1,1,N
IDCJAC0010,010917,2020,09,05,20.6,1,N
IDCJAC0010,010917,2020,09,06,19.8,1,N
IDCJAC0010,010917,2020,09,07,16.1,1,N
IDCJAC0010,010917,2020,09,08,18.3,1,N
IDCJAC0010,010917,2020,09,09,23.2,1,N
IDCJAC0010,010917,2020,09,10,17.3,1,N
IDCJAC0010,010917,2020,09,11,16.6,1,N
IDCJAC0010,010917,2020,09,12,18.8,1,N
IDCJAC0010,010917,2020,09,13,21.0,1,N
IDCJAC0010,010917,2020,09,14,22.5,1,N
IDCJAC0010,010917,2020,09,15,25.1,1,N
IDCJAC0010,010917,2020,09,16,17.6,1,N
IDCJAC0010,010917,2020,09,17,16.5,1,N
IDCJAC0010,010917,2020,09,18,19.8,1,N
IDCJAC0010,010917,2020,09,19,15.7,1,N
IDCJAC0010,010917,2020,09,20,13.9,1,N
IDCJAC0010,010917,2020,09,21,16.3,1,N
IDCJAC0010,010917,2020,09,22,19.8,1,N
IDCJAC0010,010917,2020,09,23,22.6,1,Y
IDCJAC0010,010917,2020,09,24,25.1,1,N
IDCJAC0010,010917,2020,09,25,23.4,1,N
IDCJAC0010,010917,2020,09,26,21.1,1,N
IDCJAC0010,010917,2020,09,27,19.6,1,N
IDCJAC0010,010917,2020,09,28,20.0,1,N
IDCJAC0010,010917,2020,09,29,18.5,1,N
IDCJAC0010,010917,2020,09,30,18.8,1,N
IDCJAC0010,010917,2020,10,01,20.0,1,Y
IDCJAC0010,010917,2020,10,02,14.1,1,Y
IDCJAC0010,010917,2020,10,03,16.0,1,Y
IDCJAC0010,010917,2020,10,04,18.8,1,Y
IDCJAC0010,010917,2020,10,05,18.4,1,Y
IDCJAC0010,010917,2020,10,06,20.2,1,Y
IDCJAC0010,010917,2020,10,07,22.5,1,Y
IDCJAC0010,010917,2020,10,08,19.9,1,Y
IDCJAC0010,010917,2020,10,09,22.2,1,Y
IDCJAC0010,010917,2020,10,10,22.4,1,Y
IDCJAC0010,010917,2020,10,11,24.0,1,Y
IDCJAC0010,010917,2020,10,12,26.7,1,Y
IDCJAC0010,010917,2020,10,13,30.5,1,Y
IDCJAC0010,010917,2020,10,14,22.2,1,Y
IDCJAC0010,010917,2020,10,15,22.1,1,Y
IDCJAC0010,010917,2020,10,16,22.8,1,Y
IDCJAC0010,010917,2020,10,17,24.4,1,Y
IDCJAC0010,010917,2020,10,18,28.9,1,Y
IDCJAC0010,010917,2020,10,19,29.4,1,Y
IDCJAC0010,010917,2020,10,20,25.1,1,Y
IDCJAC0010,010917,2020,10,21,22.5,1,Y
IDCJAC0010,010917,2020,10,22,22.4,1,Y
IDCJAC0010,010917,2020,10,23,24.0,1,Y
IDCJAC0010,010917,2020,10,24,26.2,1,Y
IDCJAC0010,010917,2020,10,25,30.5,1,Y
IDCJAC0010,010917,2020,10,26,29.1,1,Y
IDCJAC0010,010917,2020,10,27,25.9,1,Y
IDCJAC0010,010917,2020,10,28,26.2,1,Y
IDCJAC0010,010917,2020,10,29,28.0,1,Y
IDCJAC0010,010917,2020,10,30,34.2,1,Y
IDCJAC0010,010917,2020,10,31,29.3,1,Y
IDCJAC0010,010917,2020,11,01,16.2,1,Y
IDCJAC0010,010917,2020,11,02,18.0,1,Y
IDCJAC0010,010917,2020,11,03,22.0,1,Y
IDCJAC0010,010917,2020,11,04,23.2,1,Y
IDCJAC0010,010917,2020,11,05,28.7,1,Y
IDCJAC0010,010917,2020,11,06,25.8,1,Y
IDCJAC0010,010917,2020,11,07,28.4,1,Y
IDCJAC0010,010917,2020,11,08,27.4,1,Y
IDCJAC0010,010917,2020,11,09,20.5,1,Y
IDCJAC0010,010917,2020,11,10,19.3,1,Y
IDCJAC0010,010917,2020,11,11,17.9,1,Y
IDCJAC0010,010917,2020,11,12,22.7,1,Y
IDCJAC0010,010917,2020,11,13,23.4,1,Y
IDCJAC0010,010917,2020,11,14,20.6,1,Y
IDCJAC0010,010917,2020,11,15,20.7,1,Y
IDCJAC0010,010917,2020,11,16,25.8,1,Y
IDCJAC0010,010917,2020,11,17,23.0,1,Y
IDCJAC0010,010917,2020,11,18,26.6,1,Y
IDCJAC0010,010917,2020,11,19,29.0,1,Y
IDCJAC0010,010917,2020,11,20,27.6,1,Y
IDCJAC0010,010917,2020,11,21,27.2,1,Y
IDCJAC0010,010917,2020,11,22,29.7,1,Y
IDCJAC0010,010917,2020,11,23,35.0,1,Y
IDCJAC0010,010917,2020,11,24,37.3,1,Y
IDCJAC0010,010917,2020,11,25,28.1,1,Y
IDCJAC0010,010917,2020,11,26,30.3,1,Y
IDCJAC0010,010917,2020,11,27,24.4,1,Y
IDCJAC0010,010917,2020,11,28,24.8,1,Y
IDCJAC0010,010917,2020,11,29,24.8,1,Y
IDCJAC0010,010917,2020,11,30,18.5,1,Y
IDCJAC0010,010917,2020,12,01,23.1,1,N
IDCJAC0010,010917,2020,12,02,30.4,1,N
IDCJAC0010,010917,2020,12,03,34.0,1,Y
IDCJAC0010,010917,2020,12,04,23.9,1,Y
IDCJAC0010,010917,2020,12,05,26.5,1,N
IDCJAC0010,010917,2020,12,06,28.3,1,N
IDCJAC0010,010917,2020,12,07,30.3,1,Y
IDCJAC0010,010917,2020,12,08,38.4,1,N
IDCJAC0010,010917,2020,12,09,32.5,1,N
IDCJAC0010,010917,2020,12,10,33.1,1,N
IDCJAC0010,010917,2020,12,11,28.7,1,Y
IDCJAC0010,010917,2020,12,12,34.3,1,N
IDCJAC0010,010917,2020,12,13,23.5,1,N
IDCJAC0010,010917,2020,12,14,24.7,1,N
IDCJAC0010,010917,2020,12,15,27.5,1,N
IDCJAC0010,010917,2020,12,16,30.1,1,N
IDCJAC0010,010917,2020,12,17,29.1,1,N
IDCJAC0010,010917,2020,12,18,30.8,1,N
IDCJAC0010,010917,2020,12,19,34.1,1,N
IDCJAC0010,010917,2020,12,20,30.9,1,N
IDCJAC0010,010917,2020,12,21,30.7,1,N
IDCJAC0010,010917,2020,12,22,34.2,1,N
IDCJAC0010,010917,2020,12,23,38.1,1,N
IDCJAC0010,010917,2020,12,24,41.3,1,N
IDCJAC0010,010917,2020,12,25,42.0,1,N
IDCJAC0010,010917,2020,12,26,33.2,1,N
IDCJAC0010,010917,2020,12,27,26.9,1,N
IDCJAC0010,010917,2020,12,28,30.5,1,N
IDCJAC0010,010917,2020,12,29,36.6,1,N
IDCJAC0010,010917,2020,12,30,40.2,1,N
IDCJAC0010,010917,2020,12,31,35.7,1,N
IDCJAC0010,010917,2021,01,01,32.4,1,Y
IDCJAC0010,010917,2021,01,02,28.8,1,Y
IDCJAC0010,010917,2021,01,03,28.9,1,Y
IDCJAC0010,010917,2021,01,04,29.6,1,Y
IDCJAC0010,010917,2021,01,05,31.5,1,Y
IDCJAC0010,010917,2021,01,06,33.9,1,Y
IDCJAC0010,010917,2021,01,07,36.1,1,Y
IDCJAC0010,010917,2021,01,08,40.0,1,Y
IDCJAC0010,010917,2021,01,09,41.3,1,Y
IDCJAC0010,010917,2021,01,10,30.6,1,Y
IDCJAC0010,010917,2021,01,11,30.4,1,Y
IDCJAC0010,010917,2021,01,12,34.3,1,Y
IDCJAC0010,010917,2021,01,13,30.4,1,Y
IDCJAC0010,010917,2021,01,14,30.6,1,Y
IDCJAC0010,010917,2021,01,15,29.9,1,Y
IDCJAC0010,010917,2021,01,16,30.2,1,Y
IDCJAC0010,010917,2021,01,17,32.5,1,Y
IDCJAC0010,010917,2021,01,18,34.5,1,Y
IDCJAC0010,010917,2021,01,19,37.6,1,Y
IDCJAC0010,010917,2021,01,20,33.8,1,Y
IDCJAC0010,010917,2021,01,21,34.8,1,Y
IDCJAC0010,010917,2021,01,22,37.6,1,Y
IDCJAC0010,010917,2021,01,23,34.2,1,Y
IDCJAC0010,010917,2021,01,24,27.8,1,Y
IDCJAC0010,010917,2021,01,25,28.4,1,Y
IDCJAC0010,010917,2021,01,26,29.4,1,Y
IDCJAC0010,010917,2021,01,27,25.4,1,Y
IDCJAC0010,010917,2021,01,28,30.7,1,Y
IDCJAC0010,010917,2021,01,29,31.7,1,Y
IDCJAC0010,010917,2021,01,30,32.6,1,Y
IDCJAC0010,010917,2021,01,31,35.2,1,Y
IDCJAC0010,010917,2021,02,01,33.8,1,Y
IDCJAC0010,010917,2021,02,02,32.9,1,Y
IDCJAC0010,010917,2021,02,03,30.8,1,Y
IDCJAC0010,010917,2021,02,04,24.8,1,Y
IDCJAC0010,010917,2021,02,05,25.1,1,Y
IDCJAC0010,010917,2021,02,06,17.5,1,Y
IDCJAC0010,010917,2021,02,07,20.6,1,Y
IDCJAC0010,010917,2021,02,08,23.9,1,Y
IDCJAC0010,010917,2021,02,09,25.9,1,Y
IDCJAC0010,010917,2021,02,10,24.0,1,Y
IDCJAC0010,010917,2021,02,11,24.3,1,Y
IDCJAC0010,010917,2021,02,12,28.3,1,Y
IDCJAC0010,010917,2021,02,13,34.0,1,Y
IDCJAC0010,010917,2021,02,14,34.9,1,Y
IDCJAC0010,010917,2021,02,15,38.0,1,Y
IDCJAC0010,010917,2021,02,16,38.4,1,Y
IDCJAC0010,010917,2021,02,17,33.7,1,Y
IDCJAC0010,010917,2021,02,18,23.6,1,Y
IDCJAC0010,010917,2021,02,19,27.2,1,Y
IDCJAC0010,010917,2021,02,20,32.0,1,Y
IDCJAC0010,010917,2021,02,21,33.2,1,Y
IDCJAC0010,010917,2021,02,22,36.3,1,Y
IDCJAC0010,010917,2021,02,23,39.3,1,Y
IDCJAC0010,010917,2021,02,24,32.2,1,Y
IDCJAC0010,010917,2021,02,25,31.9,1,Y
IDCJAC0010,010917,2021,02,26,27.6,1,Y
IDCJAC0010,010917,2021,02,27,28.8,1,Y
IDCJAC0010,010917,2021,02,28,28.0,1,Y
IDCJAC0010,010917,2021,03,01,19.1,1,N
IDCJAC0010,010917,2021,03,02,27.6,1,N
IDCJAC0010,010917,2021,03,03,24.3,1,N
IDCJAC0010,010917,2021,03,04,,,
IDCJAC0010,010917,2021,03,05,26.0,1,N
IDCJAC0010,010917,2021,03,06,26.1,1,N
IDCJAC0010,010917,2021,03,07,25.2,1,N
IDCJAC0010,010917,2021,03,08,24.9,1,N
IDCJAC0010,010917,2021,03,09,31.3,1,N
IDCJAC0010,010917,2021,03,10,31.8,1,N
IDCJAC0010,010917,2021,03,11,,,
IDCJAC0010,010917,2021,03,12,,,
IDCJAC0010,010917,2021,03,13,,,
IDCJAC0010,010917,2021,03,14,,,
IDCJAC0010,010917,2021,03,15,,,
IDCJAC0010,010917,2021,03,16,,,
IDCJAC0010,010917,2021,03,17,,,
IDCJAC0010,010917,2021,03,18,,,
IDCJAC0010,010917,2021,03,19,,,
IDCJAC0010,010917,2021,03,20,,,
IDCJAC0010,010917,2021,03,21,,,
IDCJAC0010,010917,2021,03,22,,,
IDCJAC0010,010917,2021,03,23,,,
IDCJAC0010,010917,2021,03,24,,,
IDCJAC0010,010917,2021,03,25,,,
IDCJAC0010,010917,2021,03,26,,,
IDCJAC0010,010917,2021,03,27,,,
IDCJAC0010,010917,2021,03,28,,,
IDCJAC0010,010917,2021,03,29,,,
IDCJAC0010,010917,2021,03,30,,,
IDCJAC0010,010917,2021,03,31,,,
IDCJAC0010,010917,2021,04,01,30.3,1,N
IDCJAC0010,010917,2021,04,02,31.8,1,N
IDCJAC0010,010917,2021,04,03,27.4,1,N
IDCJAC0010,010917,2021,04,04,28.4,1,N
IDCJAC0010,010917,2021,04,05,30.6,1,N
IDCJAC0010,010917,2021,04,06,29.2,1,N
IDCJAC0010,010917,2021,04,07,27.1,1,N
IDCJAC0010,010917,2021,04,08,22.8,1,N
IDCJAC0010,010917,2021,04,09,22.5,1,N
IDCJAC0010,010917,2021,04,10,24.9,1,N
IDCJAC0010,010917,2021,04,11,17.7,1,N
IDCJAC0010,010917,2021,04,12,20.4,1,N
IDCJAC0010,010917,2021,04,13,18.7,1,N
IDCJAC0010,010917,2021,04,14,19.9,1,Y
IDCJAC0010,010917,2021,04,15,21.8,1,N
IDCJAC0010,010917,2021,04,16,22.5,1,N
IDCJAC0010,010917,2021,04,17,24.7,1,N
IDCJAC0010,010917,2021,04,18,25.4,1,N
IDCJAC0010,010917,2021,04,19,21.8,1,N
IDCJAC0010,010917,2021,04,20,21.2,1,N
IDCJAC0010,010917,2021,04,21,21.9,1,N
IDCJAC0010,010917,2021,04,22,21.0,1,N
IDCJAC0010,010917,2021,04,23,26.4,1,N
IDCJAC0010,010917,2021,04,24,29.1,1,N
IDCJAC0010,010917,2021,04,25,27.9,1,N
IDCJAC0010,010917,2021,04,26,29.3,1,N
IDCJAC0010,010917,2021,04,27,29.3,1,N
IDCJAC0010,010917,2021,04,28,29.4,1,N
IDCJAC0010,010917,2021,04,29,26.3,1,N
IDCJAC0010,010917,2021,04,30,17.2,1,N
IDCJAC0010,010917,2021,05,01,20.0,1,Y
IDCJAC0010,010917,2021,05,02,20.8,1,Y
IDCJAC0010,010917,2021,05,03,22.1,1,Y
IDCJAC0010,010917,2021,05,04,16.9,1,Y
IDCJAC0010,010917,2021,05,05,21.5,1,Y
IDCJAC0010,010917,2021,05,06,22.5,1,Y
IDCJAC0010,010917,2021,05,07,19.3,1,Y
IDCJAC0010,010917,2021,05,08,19.5,1,Y
IDCJAC0010,010917,2021,05,09,18.9,1,Y
IDCJAC0010,010917,2021,05,10,20.2,1,Y
IDCJAC0010,010917,2021,05,11,24.8,1,Y
IDCJAC0010,010917,2021,05,12,16.9,1,Y
IDCJAC0010,010917,2021,05,13,16.5,1,Y
IDCJAC0010,010917,2021,05,14,16.2,1,Y
IDCJAC0010,010917,2021,05,15,16.2,1,Y
IDCJAC0010,010917,2021,05,16,20.4,1,Y
IDCJAC0010,010917,2021,05,17,24.7,1,Y
IDCJAC0010,010917,2021,05,18,22.4,1,Y
IDCJAC0010,010917,2021,05,19,20.6,1,Y
IDCJAC0010,010917,2021,05,20,22.5,1,Y
IDCJAC0010,010917,2021,05,21,21.7,1,Y
IDCJAC0010,010917,2021,05,22,18.0,1,Y
IDCJAC0010,010917,2021,05,23,15.6,1,Y
IDCJAC0010,010917,2021,05,24,13.6,1,Y
IDCJAC0010,010917,2021,05,25,16.7,1,Y
IDCJAC0010,010917,2021,05,26,16.8,1,Y
IDCJAC0010,010917,2021,05,27,19.9,1,Y
IDCJAC0010,010917,2021,05,28,22.6,1,Y
IDCJAC0010,010917,2021,05,29,18.9,1,Y
IDCJAC0010,010917,2021,05,30,15.5,1,Y
IDCJAC0010,010917,2021,05,31,14.4,1,Y
IDCJAC0010,010917,2021,06,01,16.3,1,Y
IDCJAC0010,010917,2021,06,02,16.1,1,Y
IDCJAC0010,010917,2021,06,03,19.2,1,Y
IDCJAC0010,010917,2021,06,04,18.9,1,Y
IDCJAC0010,010917,2021,06,05,19.8,1,Y
IDCJAC0010,010917,2021,06,06,17.7,1,Y
IDCJAC0010,010917,2021,06,07,14.8,1,Y
IDCJAC0010,010917,2021,06,08,13.3,1,Y
IDCJAC0010,010917,2021,06,09,16.2,1,Y
IDCJAC0010,010917,2021,06,10,19.9,1,Y
IDCJAC0010,010917,2021,06,11,17.7,1,Y
IDCJAC0010,010917,2021,06,12,18.2,1,Y
IDCJAC0010,010917,2021,06,13,18.0,1,Y
IDCJAC0010,010917,2021,06,14,14.6,1,Y
IDCJAC0010,010917,2021,06,15,17.6,1,Y
IDCJAC0010,010917,2021,06,16,16.8,1,Y
IDCJAC0010,010917,2021,06,17,15.2,1,Y
IDCJAC0010,010917,2021,06,18,15.9,1,Y
IDCJAC0010,010917,2021,06,19,16.2,1,Y
IDCJAC0010,010917,2021,06,20,12.3,1,Y
IDCJAC0010,010917,2021,06,21,11.7,1,Y
IDCJAC0010,010917,2021,06,22,13.1,1,Y
IDCJAC0010,010917,2021,06,23,14.9,1,Y
IDCJAC0010,010917,2021,06,24,13.0,1,Y
IDCJAC0010,010917,2021,06,25,16.0,1,Y
IDCJAC0010,010917,2021,06,26,15.6,1,Y
IDCJAC0010,010917,2021,06,27,15.3,1,Y
IDCJAC0010,010917,2021,06,28,17.6,1,Y
IDCJAC0010,010917,2021,06,29,14.9,1,Y
IDCJAC0010,010917,2021,06,30,14.3,1,Y
IDCJAC0010,010917,2021,07,01,16.4,1,Y
IDCJAC0010,010917,2021,07,02,13.9,1,Y
IDCJAC0010,010917,2021,07,03,16.0,1,Y
IDCJAC0010,010917,2021,07,04,13.5,1,Y
IDCJAC0010,010917,2021,07,05,13.7,1,Y
IDCJAC0010,010917,2021,07,06,16.0,1,Y
IDCJAC0010,010917,2021,07,07,15.0,1,Y
IDCJAC0010,010917,2021,07,08,16.4,1,Y
IDCJAC0010,010917,2021,07,09,17.9,1,Y
IDCJAC0010,010917,2021,07,10,15.0,1,Y
IDCJAC0010,010917,2021,07,11,15.0,1,Y
IDCJAC0010,010917,2021,07,12,18.5,1,Y
IDCJAC0010,010917,2021,07,13,17.3,1,Y
IDCJAC0010,010917,2021,07,14,15.8,1,Y
IDCJAC0010,010917,2021,07,15,15.0,1,Y
IDCJAC0010,010917,2021,07,16,15.7,1,Y
IDCJAC0010,010917,2021,07,17,16.2,1,Y
IDCJAC0010,010917,2021,07,18,15.2,1,Y
IDCJAC0010,010917,2021,07,19,15.5,1,Y
IDCJAC0010,010917,2021,07,20,11.7,1,Y
IDCJAC0010,010917,2021,07,21,16.3,1,Y
IDCJAC0010,010917,2021,07,22,14.3,1,Y
IDCJAC0010,010917,2021,07,23,15.3,1,Y
IDCJAC0010,010917,2021,07,24,15.7,1,Y
IDCJAC0010,010917,2021,07,25,17.7,1,Y
IDCJAC0010,010917,2021,07,26,17.4,1,Y
IDCJAC0010,010917,2021,07,27,13.7,1,Y
IDCJAC0010,010917,2021,07,28,15.3,1,Y
IDCJAC0010,010917,2021,07,29,17.7,1,Y
IDCJAC0010,010917,2021,07,30,12.8,1,Y
IDCJAC0010,010917,2021,07,31,12.7,1,Y
IDCJAC0010,010917,2021,08,01,11.5,1,N
IDCJAC0010,010917,2021,08,02,14.5,1,N
IDCJAC0010,010917,2021,08,03,15.3,1,N
IDCJAC0010,010917,2021,08,04,15.8,1,N
IDCJAC0010,010917,2021,08,05,17.0,1,N
IDCJAC0010,010917,2021,08,06,18.7,1,N
IDCJAC0010,010917,2021,08,07,17.2,1,N
IDCJAC0010,010917,2021,08,08,,,
IDCJAC0010,010917,2021,08,09,16.0,1,N
IDCJAC0010,010917,2021,08,10,11.1,1,N
IDCJAC0010,010917,2021,08,11,15.4,1,N
IDCJAC0010,010917,2021,08,12,14.3,1,N
IDCJAC0010,010917,2021,08,13,17.7,1,N
IDCJAC0010,010917,2021,08,14,18.1,1,N
IDCJAC0010,010917,2021,08,15,18.4,1,N
IDCJAC0010,010917,2021,08,16,20.0,1,N
IDCJAC0010,010917,2021,08,17,24.0,1,N
IDCJAC0010,010917,2021,08,18,19.8,1,Y
IDCJAC0010,010917,2021,08,19,,,
IDCJAC0010,010917,2021,08,20,16.4,1,N
IDCJAC0010,010917,2021,08,21,17.2,1,N
IDCJAC0010,010917,2021,08,22,14.0,1,N
IDCJAC0010,010917,2021,08,23,14.5,1,N
IDCJAC0010,010917,2021,08,24,16.9,1,N
IDCJAC0010,010917,2021,08,25,20.3,1,N
IDCJAC0010,010917,2021,08,26,16.1,1,N
IDCJAC0010,010917,2021,08,27,15.7,1,N
IDCJAC0010,010917,2021,08,28,16.7,1,N
IDCJAC0010,010917,2021,08,29,16.8,1,N
IDCJAC0010,010917,2021,08,30,17.1,1,N
IDCJAC0010,010917,2021,08,31,19.1,1,N
IDCJAC0010,010917,2021,09,01,17.1,1,N
IDCJAC0010,010917,2021,09,02,11.4,1,Y
IDCJAC0010,010917,2021,09,03,13.3,1,N
IDCJAC0010,010917,2021,09,04,17.2,1,N
IDCJAC0010,010917,2021,09,05,18.8,1,N
IDCJAC0010,010917,2021,09,06,20.7,1,N
IDCJAC0010,010917,2021,09,07,25.7,1,N
IDCJAC0010,010917,2021,09,08,23.9,1,N
IDCJAC0010,010917,2021,09,09,12.2,1,N
IDCJAC0010,010917,2021,09,10,15.6,1,N
IDCJAC0010,010917,2021,09,11,15.1,1,N
IDCJAC0010,010917,2021,09,12,14.6,1,N
IDCJAC0010,010917,2021,09,13,17.7,1,N
IDCJAC0010,010917,2021,09,14,21.0,1,N
IDCJAC0010,010917,2021,09,15,19.4,1,N
IDCJAC0010,010917,2021,09,16,14.5,1,N
IDCJAC0010,010917,2021,09,17,16.5,1,N
IDCJAC0010,010917,2021,09,18,17.4,1,N
IDCJAC0010,010917,2021,09,19,17.4,1,N
IDCJAC0010,010917,2021,09,20,17.5,1,N
IDCJAC0010,010917,2021,09,21,23.0,1,N
IDCJAC0010,010917,2021,09,22,27.0,1,N
IDCJAC0010,010917,2021,09,23,18.8,1,N
IDCJAC0010,010917,2021,09,24,16.8,1,N
IDCJAC0010,010917,2021,09,25,18.9,1,N
IDCJAC0010,010917,2021,09,26,19.1,1,N
IDCJAC0010,010917,2021,09,27,20.1,1,N
IDCJAC0010,010917,2021,09,28,18.1,1,N
IDCJAC0010,010917,2021,09,29,22.9,1,N
IDCJAC0010,010917,2021,09,30,20.8,1,N
IDCJAC0010,010917,2021,10,01,18.3,1,N
IDCJAC0010,010917,2021,10,02,17.3,1,N
IDCJAC0010,010917,2021,10,03,16.7,1,Y
IDCJAC0010,010917,2021,10,04,17.0,1,N
IDCJAC0010,010917,2021,10,05,16.2,1,N
IDCJAC0010,010917,2021,10,06,17.7,1,N
IDCJAC0010,010917,2021,10,07,19.9,1,N
IDCJAC0010,010917,2021,10,08,19.0,1,N
IDCJAC0010,010917,2021,10,09,16.9,1,N
IDCJAC0010,010917,2021,10,10,20.4,1,N
IDCJAC0010,010917,2021,10,11,19.0,1,N
IDCJAC0010,010917,2021,10,12,,,
IDCJAC0010,010917,2021,10,13,18.4,1,N
IDCJAC0010,010917,2021,10,14,20.8,1,N
IDCJAC0010,010917,2021,10,15,28.2,1,N
IDCJAC0010,010917,2021,10,16,27.2,1,N
IDCJAC0010,010917,2021,10,17,21.0,1,N
IDCJAC0010,010917,2021,10,18,25.5,1,N
IDCJAC0010,010917,2021,10,19,18.3,1,N
IDCJAC0010,010917,2021,10,20,17.5,1,N
IDCJAC0010,010917,2021,10,21,17.8,1,N
IDCJAC0010,010917,2021,10,22,20.4,1,N
IDCJAC0010,010917,2021,10,23,23.4,1,N
IDCJAC0010,010917,2021,10,24,28.9,1,N
IDCJAC0010,010917,2021,10,25,16.5,1,N
IDCJAC0010,010917,2021,10,26,14.1,1,N
IDCJAC0010,010917,2021,10,27,16.8,1,N
IDCJAC0010,010917,2021,10,28,16.2,1,N
IDCJAC0010,010917,2021,10,29,18.0,1,N
IDCJAC0010,010917,2021,10,30,23.3,1,N
IDCJAC0010,010917,2021,10,31,27.0,1,N
IDCJAC0010,010917,2021,11,01,18.2,1,Y
IDCJAC0010,010917,2021,11,02,18.8,1,Y
IDCJAC0010,010917,2021,11,03,23.8,1,Y
IDCJAC0010,010917,2021,11,04,27.1,1,Y
IDCJAC0010,010917,2021,11,05,22.9,1,Y
IDCJAC0010,010917,2021,11,06,21.0,1,Y
IDCJAC0010,010917,2021,11,07,23.5,1,Y
IDCJAC0010,010917,2021,11,08,22.9,1,Y
IDCJAC0010,010917,2021,11,09,19.8,1,Y
IDCJAC0010,010917,2021,11,10,22.6,1,Y
IDCJAC0010,010917,2021,11,11,24.1,1,Y
IDCJAC0010,010917,2021,11,12,24.1,1,Y
IDCJAC0010,010917,2021,11,13,26.6,1,Y
IDCJAC0010,010917,2021,11,14,29.0,1,Y
IDCJAC0010,010917,2021,11,15,29.7,1,Y
IDCJAC0010,010917,2021,11,16,26.2,1,Y
IDCJAC0010,010917,2021,11,17,25.7,1,Y
IDCJAC0010,010917,2021,11,18,18.8,1,Y
IDCJAC0010,010917,2021,11,19,23.7,1,Y
IDCJAC0010,010917,2021,11,20,28.3,1,Y
IDCJAC0010,010917,2021,11,21,31.1,1,Y
IDCJAC0010,010917,2021,11,22,23.5,1,Y
IDCJAC0010,010917,2021,11,23,25.0,1,Y
IDCJAC0010,010917,2021,11,24,29.4,1,Y
IDCJAC0010,010917,2021,11,25,30.6,1,Y
IDCJAC0010,010917,2021,11,26,33.5,1,Y
IDCJAC0010,010917,2021,11,27,35.6,1,Y
IDCJAC0010,010917,2021,11,28,36.3,1,Y
IDCJAC0010,010917,2021,11,29,27.8,1,Y
IDCJAC0010,010917,2021,11,30,25.3,1,Y
IDCJAC0010,010917,2021,12,01,25.3,1,Y
IDCJAC0010,010917,2021,12,02,26.5,1,Y
IDCJAC0010,010917,2021,12,03,28.5,1,Y
IDCJAC0010,010917,2021,12,04,31.5,1,Y
IDCJAC0010,010917,2021,12,05,33.3,1,Y
IDCJAC0010,010917,2021,12,06,29.3,1,Y
IDCJAC0010,010917,2021,12,07,31.5,1,Y
IDCJAC0010,010917,2021,12,08,36.6,1,Y
IDCJAC0010,010917,2021,12,09,38.6,1,Y
IDCJAC0010,010917,2021,12,10,26.8,1,Y
IDCJAC0010,010917,2021,12,11,23.4,1,Y
IDCJAC0010,010917,2021,12,12,24.8,1,Y
IDCJAC0010,010917,2021,12,13,28.5,1,Y
IDCJAC0010,010917,2021,12,14,24.9,1,Y
IDCJAC0010,010917,2021,12,15,30.2,1,Y
IDCJAC0010,010917,2021,12,16,28.0,1,Y
IDCJAC0010,010917,2021,12,17,22.9,1,Y
IDCJAC0010,010917,2021,12,18,21.9,1,Y
IDCJAC0010,010917,2021,12,19,30.0,1,Y
IDCJAC0010,010917,2021,12,20,34.3,1,Y
IDCJAC0010,010917,2021,12,21,30.7,1,Y
IDCJAC0010,010917,2021,12,22,33.8,1,Y
IDCJAC0010,010917,2021,12,23,35.8,1,Y
IDCJAC0010,010917,2021,12,24,37.4,1,Y
IDCJAC0010,010917,2021,12,25,39.1,1,Y
IDCJAC0010,010917,2021,12,26,39.8,1,Y
IDCJAC0010,010917,2021,12,27,37.8,1,Y
IDCJAC0010,010917,2021,12,28,39.7,1,Y
IDCJAC0010,010917,2021,12,29,40.2,1,Y
IDCJAC0010,010917,2021,12,30,36.8,1,Y
IDCJAC0010,010917,2021,12,31,31.1,1,Y
IDCJAC0010,010917,2022,01,01,28.4,1,Y
IDCJAC0010,010917,2022,01,02,32.2,1,Y
IDCJAC0010,010917,2022,01,03,35.7,1,Y
IDCJAC0010,010917,2022,01,04,32.0,1,Y
IDCJAC0010,010917,2022,01,05,35.2,1,Y
IDCJAC0010,010917,2022,01,06,38.0,1,Y
IDCJAC0010,010917,2022,01,07,36.0,1,Y
IDCJAC0010,010917,2022,01,08,35.5,1,Y
IDCJAC0010,010917,2022,01,09,26.2,1,Y
IDCJAC0010,010917,2022,01,10,26.6,1,Y
IDCJAC0010,010917,2022,01,11,31.9,1,Y
IDCJAC0010,010917,2022,01,12,38.2,1,Y
IDCJAC0010,010917,2022,01,13,33.8,1,Y
IDCJAC0010,010917,2022,01,14,32.1,1,Y
IDCJAC0010,010917,2022,01,15,31.4,1,Y
IDCJAC0010,010917,2022,01,16,31.5,1,Y
IDCJAC0010,010917,2022,01,17,33.4,1,Y
IDCJAC0010,010917,2022,01,18,39.2,1,Y
IDCJAC0010,010917,2022,01,19,39.2,1,Y
IDCJAC0010,010917,2022,01,20,40.0,1,Y
IDCJAC0010,010917,2022,01,21,39.7,1,Y
IDCJAC0010,010917,2022,01,22,39.7,1,Y
IDCJAC0010,010917,2022,01,23,40.3,1,Y
IDCJAC0010,010917,2022,01,24,28.1,1,Y
IDCJAC0010,010917,2022,01,25,26.9,1,Y
IDCJAC0010,010917,2022,01,26,29.9,1,Y
IDCJAC0010,010917,2022,01,27,29.0,1,Y
IDCJAC0010,010917,2022,01,28,33.2,1,Y
IDCJAC0010,010917,2022,01,29,38.9,1,Y
IDCJAC0010,010917,2022,01,30,37.0,1,Y
IDCJAC0010,010917,2022,01,31,28.0,1,Y
IDCJAC0010,010917,2022,02,01,27.5,1,Y
IDCJAC0010,010917,2022,02,02,30.2,1,Y
IDCJAC0010,010917,2022,02,03,34.5,1,Y
IDCJAC0010,010917,2022,02,04,39.7,1,Y
IDCJAC0010,010917,2022,02,05,42.6,1,Y
IDCJAC0010,010917,2022,02,06,35.5,1,Y
IDCJAC0010,010917,2022,02,07,23.9,1,Y
IDCJAC0010,010917,2022,02,08,27.1,1,Y
IDCJAC0010,010917,2022,02,09,30.8,1,Y
IDCJAC0010,010917,2022,02,10,38.8,1,Y
IDCJAC0010,010917,2022,02,11,40.0,1,Y
IDCJAC0010,010917,2022,02,12,32.8,1,Y
IDCJAC0010,010917,2022,02,13,30.9,1,Y
IDCJAC0010,010917,2022,02,14,35.9,1,Y
IDCJAC0010,010917,2022,02,15,36.7,1,Y
IDCJAC0010,010917,2022,02,16,37.3,1,Y
IDCJAC0010,010917,2022,02,17,34.5,1,Y
IDCJAC0010,010917,2022,02,18,35.7,1,Y
IDCJAC0010,010917,2022,02,19,38.2,1,Y
IDCJAC0010,010917,2022,02,20,31.8,1,Y
IDCJAC0010,010917,2022,02,21,32.7,1,Y
IDCJAC0010,010917,2022,02,22,36.5,1,Y
IDCJAC0010,010917,2022,02,23,28.8,1,Y
IDCJAC0010,010917,2022,02,24,33.5,1,Y
IDCJAC0010,010917,2022,02,25,36.3,1,Y
IDCJAC0010,010917,2022,02,26,30.5,1,Y
IDCJAC0010,010917,2022,02,27,30.1,1,Y
IDCJAC0010,010917,2022,02,28,36.0,1,Y
IDCJAC0010,010917,2022,03,01,30.2,1,Y
IDCJAC0010,010917,2022,03,02,22.2,1,Y
IDCJAC0010,010917,2022,03,03,25.2,1,Y
IDCJAC0010,010917,2022,03,04,27.0,1,Y
IDCJAC0010,010917,2022,03,05,30.3,1,Y
IDCJAC0010,010917,2022,03,06,32.3,1,Y
IDCJAC0010,010917,2022,03,07,30.8,1,Y
IDCJAC0010,010917,2022,03,08,30.0,1,Y
IDCJAC0010,010917,2022,03,09,33.3,1,Y
IDCJAC0010,010917,2022,03,10,35.4,1,Y
IDCJAC0010,010917,2022,03,11,37.5,1,Y
IDCJAC0010,010917,2022,03,12,33.7,1,Y
IDCJAC0010,010917,2022,03,13,27.4,1,Y
IDCJAC0010,010917,2022,03,14,31.1,1,Y
IDCJAC0010,010917,2022,03,15,26.6,1,Y
IDCJAC0010,010917,2022,03,16,26.9,1,Y
IDCJAC0010,010917,2022,03,17,31.0,1,Y
IDCJAC0010,010917,2022,03,18,36.1,1,Y
IDCJAC0010,010917,2022,03,19,25.3,1,Y
IDCJAC0010,010917,2022,03,20,28.4,1,Y
IDCJAC0010,010917,2022,03,21,24.6,1,Y
IDCJAC0010,010917,2022,03,22,24.6,1,Y
IDCJAC0010,010917,2022,03,23,25.1,1,Y
IDCJAC0010,010917,2022,03,24,27.4,1,Y
IDCJAC0010,010917,2022,03,25,32.2,1,Y
IDCJAC0010,010917,2022,03,26,30.0,1,Y
IDCJAC0010,010917,2022,03,27,20.3,1,Y
IDCJAC0010,010917,2022,03,28,19.6,1,Y
IDCJAC0010,010917,2022,03,29,25.1,1,Y
IDCJAC0010,010917,2022,03,30,20.3,1,Y
IDCJAC0010,010917,2022,03,31,25.5,1,Y
IDCJAC0010,010917,2022,04,01,30.4,1,Y
IDCJAC0010,010917,2022,04,02,28.8,1,Y
IDCJAC0010,010917,2022,04,03,29.8,1,Y
IDCJAC0010,010917,2022,04,04,19.5,1,Y
IDCJAC0010,010917,2022,04,05,23.1,1,Y
IDCJAC0010,010917,2022,04,06,25.1,1,Y
IDCJAC0010,010917,2022,04,07,29.5,1,Y
IDCJAC0010,010917,2022,04,08,28.1,1,Y
IDCJAC0010,010917,2022,04,09,20.6,1,Y
IDCJAC0010,010917,2022,04,10,22.5,1,Y
IDCJAC0010,010917,2022,04,11,17.8,1,Y
IDCJAC0010,010917,2022,04,12,22.9,1,Y
IDCJAC0010,010917,2022,04,13,23.9,1,Y
IDCJAC0010,010917,2022,04,14,24.3,1,Y
IDCJAC0010,010917,2022,04,15,27.5,1,Y
IDCJAC0010,010917,2022,04,16,25.9,1,Y
IDCJAC0010,010917,2022,04,17,20.0,1,Y
IDCJAC0010,010917,2022,04,18,22.2,1,Y
IDCJAC0010,010917,2022,04,19,21.0,1,Y
IDCJAC0010,010917,2022,04,20,22.8,1,Y
IDCJAC0010,010917,2022,04,21,24.5,1,Y
IDCJAC0010,010917,2022,04,22,23.5,1,Y
IDCJAC0010,010917,2022,04,23,23.2,1,Y
IDCJAC0010,010917,2022,04,24,25.7,1,Y
IDCJAC0010,010917,2022,04,25,28.8,1,Y
IDCJAC0010,010917,2022,04,26,19.8,1,Y
IDCJAC0010,010917,2022,04,27,20.5,1,Y
IDCJAC0010,010917,2022,04,28,20.1,1,Y
IDCJAC0010,010917,2022,04,29,20.1,1,Y
IDCJAC0010,010917,2022,04,30,22.8,1,Y
IDCJAC0010,010917,2022,05,01,25.6,1,Y
IDCJAC0010,010917,2022,05,02,23.0,1,Y
IDCJAC0010,010917,2022,05,03,19.0,1,Y
IDCJAC0010,010917,2022,05,04,18.4,1,Y
IDCJAC0010,010917,2022,05,05,18.3,1,Y
IDCJAC0010,010917,2022,05,06,20.8,1,Y
IDCJAC0010,010917,2022,05,07,23.7,1,Y
IDCJAC0010,010917,2022,05,08,26.1,1,Y
IDCJAC0010,010917,2022,05,09,25.3,1,Y
IDCJAC0010,010917,2022,05,10,27.0,1,Y
IDCJAC0010,010917,2022,05,11,20.3,1,Y
IDCJAC0010,010917,2022,05,12,12.9,1,Y
IDCJAC0010,010917,2022,05,13,17.1,1,Y
IDCJAC0010,010917,2022,05,14,18.1,1,Y
IDCJAC0010,010917,2022,05,15,16.8,1,Y
IDCJAC0010,010917,2022,05,16,19.3,1,Y
IDCJAC0010,010917,2022,05,17,23.9,1,Y
IDCJAC0010,010917,2022,05,18,20.8,1,Y
IDCJAC0010,010917,2022,05,19,21.1,1,Y
IDCJAC0010,010917,2022,05,20,19.5,1,Y
IDCJAC0010,010917,2022,05,21,23.7,1,Y
IDCJAC0010,010917,2022,05,22,21.3,1,Y
IDCJAC0010,010917,2022,05,23,16.3,1,Y
IDCJAC0010,010917,2022,05,24,18.9,1,Y
IDCJAC0010,010917,2022,05,25,18.5,1,Y
IDCJAC0010,010917,2022,05,26,19.1,1,Y
IDCJAC0010,010917,2022,05,27,22.0,1,Y
IDCJAC0010,010917,2022,05,28,21.2,1,Y
IDCJAC0010,010917,2022,05,29,14.7,1,Y
IDCJAC0010,010917,2022,05,30,16.4,1,Y
IDCJAC0010,010917,2022,05,31,13.8,1,Y
IDCJAC0010,010917,2022,06,01,16.8,1,Y
IDCJAC0010,010917,2022,06,02,17.7,1,Y
IDCJAC0010,010917,2022,06,03,15.4,1,Y
IDCJAC0010,010917,2022,06,04,15.3,1,Y
IDCJAC0010,010917,2022,06,05,14.4,1,Y
IDCJAC0010,010917,2022,06,06,12.7,1,Y
IDCJAC0010,010917,2022,06,07,15.8,1,Y
IDCJAC0010,010917,2022,06,08,17.4,1,Y
IDCJAC0010,010917,2022,06,09,14.8,1,Y
IDCJAC0010,010917,2022,06,10,18.5,1,Y
IDCJAC0010,010917,2022,06,11,19.5,1,Y
IDCJAC0010,010917,2022,06,12,18.8,1,Y
IDCJAC0010,010917,2022,06,13,15.6,1,Y
IDCJAC0010,010917,2022,06,14,16.8,1,Y
IDCJAC0010,010917,2022,06,15,17.1,1,Y
IDCJAC0010,010917,2022,06,16,20.4,1,Y
IDCJAC0010,010917,2022,06,17,20.2,1,Y
IDCJAC0010,010917,2022,06,18,15.4,1,Y
IDCJAC0010,010917,2022,06,19,15.8,1,Y
IDCJAC0010,010917,2022,06,20,18.2,1,Y
IDCJAC0010,010917,2022,06,21,19.5,1,Y
IDCJAC0010,010917,2022,06,22,18.4,1,Y
IDCJAC0010,010917,2022,06,23,16.9,1,Y
IDCJAC0010,010917,2022,06,24,15.7,1,Y
IDCJAC0010,010917,2022,06,25,16.1,1,Y
IDCJAC0010,010917,2022,06,26,18.5,1,Y
IDCJAC0010,010917,2022,06,27,20.3,1,Y
IDCJAC0010,010917,2022,06,28,13.9,1,Y
IDCJAC0010,010917,2022,06,29,12.3,1,Y
IDCJAC0010,010917,2022,06,30,13.5,1,Y
IDCJAC0010,010917,2022,07,01,16.3,1,Y
IDCJAC0010,010917,2022,07,02,15.4,1,Y
IDCJAC0010,010917,2022,07,03,15.5,1,Y
IDCJAC0010,010917,2022,07,04,15.6,1,Y
IDCJAC0010,010917,2022,07,05,12.3,1,Y
IDCJAC0010,010917,2022,07,06,15.5,1,Y
IDCJAC0010,010917,2022,07,07,11.4,1,Y
IDCJAC0010,010917,2022,07,08,19.8,1,Y
IDCJAC0010,010917,2022,07,09,19.9,1,Y
IDCJAC0010,010917,2022,07,10,14.5,1,Y
IDCJAC0010,010917,2022,07,11,15.5,1,Y
IDCJAC0010,010917,2022,07,12,17.9,1,Y
IDCJAC0010,010917,2022,07,13,18.5,1,Y
IDCJAC0010,010917,2022,07,14,16.0,1,Y
IDCJAC0010,010917,2022,07,15,17.3,1,Y
IDCJAC0010,010917,2022,07,16,17.7,1,Y
IDCJAC0010,010917,2022,07,17,13.0,1,Y
IDCJAC0010,010917,2022,07,18,14.5,1,Y
IDCJAC0010,010917,2022,07,19,13.5,1,Y
IDCJAC0010,010917,2022,07,20,17.5,1,Y
IDCJAC0010,010917,2022,07,21,16.6,1,Y
IDCJAC0010,010917,2022,07,22,17.6,1,Y
IDCJAC0010,010917,2022,07,23,15.3,1,Y
IDCJAC0010,010917,2022,07,24,13.0,1,Y
IDCJAC0010,010917,2022,07,25,16.8,1,Y
IDCJAC0010,010917,2022,07,26,15.0,1,Y
IDCJAC0010,010917,2022,07,27,16.4,1,Y
IDCJAC0010,010917,2022,07,28,19.8,1,Y
IDCJAC0010,010917,2022,07,29,16.6,1,Y
IDCJAC0010,010917,2022,07,30,12.2,1,Y
IDCJAC0010,010917,2022,07,31,14.1,1,Y
IDCJAC0010,010917,2022,08,01,17.0,1,Y
IDCJAC0010,010917,2022,08,02,13.6,1,Y
IDCJAC0010,010917,2022,08,03,14.2,1,Y
IDCJAC0010,010917,2022,08,04,14.4,1,Y
IDCJAC0010,010917,2022,08,05,14.7,1,Y
IDCJAC0010,010917,2022,08,06,16.0,1,Y
IDCJAC0010,010917,2022,08,07,16.3,1,Y
IDCJAC0010,010917,2022,08,08,16.0,1,Y
IDCJAC0010,010917,2022,08,09,11.7,1,Y
IDCJAC0010,010917,2022,08,10,14.8,1,Y
IDCJAC0010,010917,2022,08,11,16.1,1,Y
IDCJAC0010,010917,2022,08,12,16.9,1,Y
IDCJAC0010,010917,2022,08,13,13.8,1,Y
IDCJAC0010,010917,2022,08,14,16.8,1,Y
IDCJAC0010,010917,2022,08,15,20.1,1,Y
IDCJAC0010,010917,2022,08,16,15.8,1,Y
IDCJAC0010,010917,2022,08,17,13.8,1,Y
IDCJAC0010,010917,2022,08,18,15.3,1,Y
IDCJAC0010,010917,2022,08,19,17.4,1,Y
IDCJAC0010,010917,2022,08,20,17.9,1,Y
IDCJAC0010,010917,2022,08,21,17.6,1,Y
IDCJAC0010,010917,2022,08,22,13.7,1,Y
IDCJAC0010,010917,2022,08,23,14.2,1,Y
IDCJAC0010,010917,2022,08,24,15.9,1,Y
IDCJAC0010,010917,2022,08,25,20.0,1,Y
IDCJAC0010,010917,2022,08,26,20.3,1,Y
IDCJAC0010,010917,2022,08,27,15.7,1,Y
IDCJAC0010,010917,2022,08,28,15.4,1,Y
IDCJAC0010,010917,2022,08,29,14.7,1,Y
IDCJAC0010,010917,2022,08,30,16.1,1,Y
IDCJAC0010,010917,2022,08,31,16.6,1,Y
IDCJAC0010,010917,2022,09,01,18.5,1,N
IDCJAC0010,010917,2022,09,02,16.5,1,N
IDCJAC0010,010917,2022,09,03,12.8,1,N
IDCJAC0010,010917,2022,09,04,15.3,1,N
IDCJAC0010,010917,2022,09,05,17.4,1,N
IDCJAC0010,010917,2022,09,06,15.1,1,N
IDCJAC0010,010917,2022,09,07,18.5,1,N
IDCJAC0010,010917,2022,09,08,14.7,1,N
IDCJAC0010,010917,2022,09,09,19.7,1,N
IDCJAC0010,010917,2022,09,10,20.2,1,N
IDCJAC0010,010917,2022,09,11,21.8,1,N
IDCJAC0010,010917,2022,09,12,23.6,1,N
IDCJAC0010,010917,2022,09,13,15.1,1,N
IDCJAC0010,010917,2022,09,14,15.9,1,N
IDCJAC0010,010917,2022,09,15,17.8,1,N
IDCJAC0010,010917,2022,09,16,20.2,1,N
IDCJAC0010,010917,2022,09,17,19.8,1,N
IDCJAC0010,010917,2022,09,18,19.7,1,N
IDCJAC0010,010917,2022,09,19,16.2,1,N
IDCJAC0010,010917,2022,09,20,18.2,1,Y
IDCJAC0010,010917,2022,09,21,19.4,1,N
IDCJAC0010,010917,2022,09,22,15.3,1,N
IDCJAC0010,010917,2022,09,23,19.1,1,N
IDCJAC0010,010917,2022,09,24,16.0,1,N
IDCJAC0010,010917,2022,09,25,17.5,1,N
IDCJAC0010,010917,2022,09,26,20.1,1,N
IDCJAC0010,010917,2022,09,27,24.0,1,N
IDCJAC0010,010917,2022,09,28,24.6,1,N
IDCJAC0010,010917,2022,09,29,24.9,1,N
IDCJAC0010,010917,2022,09,30,24.3,1,N
IDCJAC0010,010917,2022,10,01,21.1,1,N
IDCJAC0010,010917,2022,10,02,17.2,1,N
IDCJAC0010,010917,2022,10,03,18.6,1,N
IDCJAC0010,010917,2022,10,04,21.5,1,N
IDCJAC0010,010917,2022,10,05,18.0,1,N
IDCJAC0010,010917,2022,10,06,17.3,1,N
IDCJAC0010,010917,2022,10,07,18.5,1,N
IDCJAC0010,010917,2022,10,08,23.0,1,N
IDCJAC0010,010917,2022,10,09,20.7,1,N
IDCJAC0010,010917,2022,10,10,16.4,1,N
IDCJAC0010,010917,2022,10,11,18.4,1,N
IDCJAC0010,010917,2022,10,12,17.8,1,N
IDCJAC0010,010917,2022,10,13,18.7,1,N
IDCJAC0010,010917,2022,10,14,20.7,1,N
IDCJAC0010,010917,2022,10,15,21.7,1,N
IDCJAC0010,010917,2022,10,16,20.2,1,N
IDCJAC0010,010917,2022,10,17,21.1,1,N
IDCJAC0010,010917,2022,10,18,23.8,1,N
IDCJAC0010,010917,2022,10,19,30.0,1,N
IDCJAC0010,010917,2022,10,20,23.3,1,N
IDCJAC0010,010917,2022,10,21,22.1,1,N
IDCJAC0010,010917,2022,10,22,22.6,1,N
IDCJAC0010,010917,2022,10,23,23.0,1,N
IDCJAC0010,010917,2022,10,24,19.1,1,N
IDCJAC0010,010917,2022,10,25,21.2,1,N
IDCJAC0010,010917,2022,10,26,19.9,1,N
IDCJAC0010,010917,2022,10,27,21.0,1,N
IDCJAC0010,010917,2022,10,28,23.2,1,N
IDCJAC0010,010917,2022,10,29,12.3,1,N
IDCJAC0010,010917,2022,10,30,15.7,1,N
IDCJAC0010,010917,2022,10,31,19.6,1,N
IDCJAC0010,010917,2022,11,01,22.2,1,N
IDCJAC0010,010917,2022,11,02,22.9,1,N
IDCJAC0010,010917,2022,11,03,28.9,1,N
IDCJAC0010,010917,2022,11,04,24.9,1,N
IDCJAC0010,010917,2022,11,05,23.6,1,N
IDCJAC0010,010917,2022,11,06,24.1,1,N
IDCJAC0010,010917,2022,11,07,25.4,1,Y
IDCJAC0010,010917,2022,11,08,19.9,1,Y
IDCJAC0010,010917,2022,11,09,25.2,1,N
IDCJAC0010,010917,2022,11,10,21.1,1,N
IDCJAC0010,010917,2022,11,11,18.5,1,N
IDCJAC0010,010917,2022,11,12,18.4,1,N
IDCJAC0010,010917,2022,11,13,21.4,1,N
IDCJAC0010,010917,2022,11,14,23.5,1,N
IDCJAC0010,010917,2022,11,15,27.2,1,N
IDCJAC0010,010917,2022,11,16,33.8,1,N
IDCJAC0010,010917,2022,11,17,21.8,1,N
IDCJAC0010,010917,2022,11,18,15.0,1,N
IDCJAC0010,010917,2022,11,19,20.8,1,N
IDCJAC0010,010917,2022,11,20,23.6,1,N
IDCJAC0010,010917,2022,11,21,27.5,1,N
IDCJAC0010,010917,2022,11,22,33.2,1,N
IDCJAC0010,010917,2022,11,23,31.1,1,N
IDCJAC0010,010917,2022,11,24,25.5,1,N
IDCJAC0010,010917,2022,11,25,25.6,1,N
IDCJAC0010,010917,2022,11,26,25.7,1,N
IDCJAC0010,010917,2022,11,27,25.8,1,N
IDCJAC0010,010917,2022,11,28,28.5,1,N
IDCJAC0010,010917,2022,11,29,35.1,1,N
IDCJAC0010,010917,2022,11,30,38.0,1,N
IDCJAC0010,010917,2022,12,01,,,
IDCJAC0010,010917,2022,12,02,27.2,1,N
IDCJAC0010,010917,2022,12,03,30.5,1,N
IDCJAC0010,010917,2022,12,04,25.2,1,N
IDCJAC0010,010917,2022,12,05,25.0,1,N
IDCJAC0010,010917,2022,12,06,27.0,1,N
IDCJAC0010,010917,2022,12,07,28.8,1,N
IDCJAC0010,010917,2022,12,08,29.2,1,N
IDCJAC0010,010917,2022,12,09,26.3,1,N
IDCJAC0010,010917,2022,12,10,24.8,1,N
IDCJAC0010,010917,2022,12,11,25.7,1,N
IDCJAC0010,010917,2022,12,12,26.8,1,N
IDCJAC0010,010917,2022,12,13,22.6,1,N
IDCJAC0010,010917,2022,12,14,29.6,1,N
IDCJAC0010,010917,2022,12,15,29.1,1,N
IDCJAC0010,010917,2022,12,16,28.1,1,N
IDCJAC0010,010917,2022,12,17,29.9,1,N
IDCJAC0010,010917,2022,12,18,31.8,1,N
IDCJAC0010,010917,2022,12,19,33.9,1,N
IDCJAC0010,010917,2022,12,20,35.8,1,N
IDCJAC0010,010917,2022,12,21,34.8,1,N
IDCJAC0010,010917,2022,12,22,,,
IDCJAC0010,010917,2022,12,23,36.9,1,N
IDCJAC0010,010917,2022,12,24,35.8,1,N
IDCJAC0010,010917,2022,12,25,33.2,1,N
IDCJAC0010,010917,2022,12,26,30.4,1,N
IDCJAC0010,010917,2022,12,27,29.2,1,N
IDCJAC0010,010917,2022,12,28,29.9,1,N
IDCJAC0010,010917,2022,12,29,34.3,1,N
IDCJAC0010,010917,2022,12,30,37.4,1,N
IDCJAC0010,010917,2022,12,31,29.2,1,N
IDCJAC0010,010917,2023,01,01,29.5,1,N
IDCJAC0010,010917,2023,01,02,30.6,1,N
IDCJAC0010,010917,2023,01,03,32.6,1,N
IDCJAC0010,010917,2023,01,04,33.0,1,N
IDCJAC0010,010917,2023,01,05,34.8,1,N
IDCJAC0010,010917,2023,01,06,35.3,1,N
IDCJAC0010,010917,2023,01,07,27.1,1,N
IDCJAC0010,010917,2023,01,08,31.2,1,N
IDCJAC0010,010917,2023,01,09,36.6,1,N
IDCJAC0010,010917,2023,01,10,39.9,1,N
IDCJAC0010,010917,2023,01,11,31.3,1,N
IDCJAC0010,010917,2023,01,12,33.6,1,N
IDCJAC0010,010917,2023,01,13,32.6,1,N
IDCJAC0010,010917,2023,01,14,28.3,1,N
IDCJAC0010,010917,2023,01,15,31.8,1,N
IDCJAC0010,010917,2023,01,16,27.7,1,N
IDCJAC0010,010917,2023,01,17,26.2,1,N
IDCJAC0010,010917,2023,01,18,29.1,1,N
IDCJAC0010,010917,2023,01,19,33.5,1,N
IDCJAC0010,010917,2023,01,20,35.2,1,N
IDCJAC0010,010917,2023,01,21,37.2,1,N
IDCJAC0010,010917,2023,01,22,38.3,1,N
IDCJAC0010,010917,2023,01,23,38.5,1,N
IDCJAC0010,010917,2023,01,24,38.1,1,N
IDCJAC0010,010917,2023,01,25,30.5,1,N
IDCJAC0010,010917,2023,01,26,35.0,1,N
IDCJAC0010,010917,2023,01,27,29.7,1,N
IDCJAC0010,010917,2023,01,28,30.4,1,N
IDCJAC0010,010917,2023,01,29,34.3,1,N
IDCJAC0010,010917,2023,01,30,39.0,1,N
IDCJAC0010,010917,2023,01,31,31.8,1,N
IDCJAC0010,010917,2023,02,01,28.8,1,N
IDCJAC0010,010917,2023,02,02,31.2,1,N
IDCJAC0010,010917,2023,02,03,32.5,1,N
IDCJAC0010,010917,2023,02,04,36.5,1,N
IDCJAC0010,010917,2023,02,05,39.9,1,N
IDCJAC0010,010917,2023,02,06,32.3,1,N
IDCJAC0010,010917,2023,02,07,29.8,1,N
IDCJAC0010,010917,2023,02,08,32.9,1,N
IDCJAC0010,010917,2023,02,09,32.3,1,N
IDCJAC0010,010917,2023,02,10,32.6,1,N
IDCJAC0010,010917,2023,02,11,28.7,1,N
IDCJAC0010,010917,2023,02,12,31.2,1,N
IDCJAC0010,010917,2023,02,13,36.6,1,N
IDCJAC0010,010917,2023,02,14,31.4,1,N
IDCJAC0010,010917,2023,02,15,27.3,1,N
IDCJAC0010,010917,2023,02,16,29.9,1,N
IDCJAC0010,010917,2023,02,17,31.4,1,N
IDCJAC0010,010917,2023,02,18,36.3,1,N
IDCJAC0010,010917,2023,02,19,35.4,1,N
IDCJAC0010,010917,2023,02,20,34.6,1,N
IDCJAC0010,010917,2023,02,21,37.0,1,N
IDCJAC0010,010917,2023,02,22,33.9,1,N
IDCJAC0010,010917,2023,02,23,26.4,1,N
IDCJAC0010,010917,2023,02,24,27.3,1,N
IDCJAC0010,010917,2023,02,25,30.5,1,N
IDCJAC0010,010917,2023,02,26,32.7,1,N
IDCJAC0010,010917,2023,02,27,34.5,1,N
IDCJAC0010,010917,2023,02,28,32.0,1,N
IDCJAC0010,010917,2023,03,01,33.6,1,N
IDCJAC0010,010917,2023,03,02,36.7,1,N
IDCJAC0010,010917,2023,03,03,33.6,1,N
IDCJAC0010,010917,2023,03,04,28.8,1,N
IDCJAC0010,010917,2023,03,05,26.2,1,N
IDCJAC0010,010917,2023,03,06,26.1,1,N
IDCJAC0010,010917,2023,03,07,28.3,1,N
IDCJAC0010,010917,2023,03,08,30.8,1,N
IDCJAC0010,010917,2023,03,09,30.7,1,N
IDCJAC0010,010917,2023,03,10,28.7,1,N
IDCJAC0010,010917,2023,03,11,30.8,1,N
IDCJAC0010,010917,2023,03,12,35.5,1,N
IDCJAC0010,010917,2023,03,13,32.3,1,N
IDCJAC0010,010917,2023,03,14,33.0,1,N
IDCJAC0010,010917,2023,03,15,33.9,1,N
IDCJAC0010,010917,2023,03,16,29.5,1,N
IDCJAC0010,010917,2023,03,17,23.9,1,N
IDCJAC0010,010917,2023,03,18,25.3,1,N
IDCJAC0010,010917,2023,03,19,29.2,1,N
IDCJAC0010,010917,2023,03,20,34.4,1,N
IDCJAC0010,010917,2023,03,21,34.6,1,N
IDCJAC0010,010917,2023,03,22,31.3,1,N
IDCJAC0010,010917,2023,03,23,31.7,1,N
IDCJAC0010,010917,2023,03,24,28.9,1,N
IDCJAC0010,010917,2023,03,25,26.9,1,N
IDCJAC0010,010917,2023,03,26,21.0,1,N
IDCJAC0010,010917,2023,03,27,22.7,1,N
IDCJAC0010,010917,2023,03,28,23.7,1,N
IDCJAC0010,010917,2023,03,29,26.4,1,N
IDCJAC0010,010917,2023,03,30,27.4,1,N
IDCJAC0010,010917,2023,03,31,18.4,1,N
IDCJAC0010,010917,2023,04,01,19.6,1,N
IDCJAC0010,010917,2023,04,02,21.1,1,N
IDCJAC0010,010917,2023,04,03,25.2,1,N
IDCJAC0010,010917,2023,04,04,23.3,1,N
IDCJAC0010,010917,2023,04,05,23.3,1,N
IDCJAC0010,010917,2023,04,06,22.6,1,N
IDCJAC0010,010917,2023,04,07,17.1,1,N
IDCJAC0010,010917,2023,04,08,17.4,1,N
IDCJAC0010,010917,2023,04,09,21.2,1,N
IDCJAC0010,010917,2023,04,10,23.1,1,N
IDCJAC0010,010917,2023,04,11,22.1,1,N
IDCJAC0010,010917,2023,04,12,22.4,1,N
IDCJAC0010,010917,2023,04,13,22.1,1,N
IDCJAC0010,010917,2023,04,14,16.2,1,N
IDCJAC0010,010917,2023,04,15,19.6,1,N
IDCJAC0010,010917,2023,04,16,20.9,1,N
IDCJAC0010,010917,2023,04,17,22.9,1,N
IDCJAC0010,010917,2023,04,18,19.2,1,N
IDCJAC0010,010917,2023,04,19,20.9,1,N
IDCJAC0010,010917,2023,04,20,21.9,1,N
IDCJAC0010,010917,2023,04,21,25.8,1,N
IDCJAC0010,010917,2023,04,22,25.8,1,N
IDCJAC0010,010917,2023,04,23,27.7,1,N
IDCJAC0010,010917,2023,04,24,17.1,1,N
IDCJAC0010,010917,2023,04,25,14.8,1,N
IDCJAC0010,010917,2023,04,26,20.2,1,N
IDCJAC0010,010917,2023,04,27,17.1,1,N
IDCJAC0010,010917,2023,04,28,16.6,1,N
IDCJAC0010,010917,2023,04,29,17.8,1,N
IDCJAC0010,010917,2023,04,30,19.7,1,N
IDCJAC0010,010917,2023,05,01,18.6,1,N
IDCJAC0010,010917,2023,05,02,20.7,1,N
IDCJAC0010,010917,2023,05,03,25.0,1,N
IDCJAC0010,010917,2023,05,04,20.8,1,N
IDCJAC0010,010917,2023,05,05,18.4,1,N
IDCJAC0010,010917,2023,05,06,15.3,1,N
IDCJAC0010,010917,2023,05,07,18.8,1,N
IDCJAC0010,010917,2023,05,08,20.9,1,N
IDCJAC0010,010917,2023,05,09,24.0,1,N
IDCJAC0010,010917,2023,05,10,17.9,1,N
IDCJAC0010,010917,2023,05,11,16.4,1,N
IDCJAC0010,010917,2023,05,12,19.6,1,N
IDCJAC0010,010917,2023,05,13,18.9,1,N
IDCJAC0010,010917,2023,05,14,15.6,1,N
IDCJAC0010,010917,2023,05,15,18.2,1,N
IDCJAC0010,010917,2023,05,16,19.9,1,N
IDCJAC0010,010917,2023,05,17,22.4,1,N
IDCJAC0010,010917,2023,05,18,23.1,1,N
IDCJAC0010,010917,2023,05,19,21.8,1,N
IDCJAC0010,010917,2023,05,20,18.8,1,N
IDCJAC0010,010917,2023,05,21,19.0,1,N
IDCJAC0010,010917,2023,05,22,18.6,1,N
IDCJAC0010,010917,2023,05,23,22.3,1,N
IDCJAC0010,010917,2023,05,24,17.5,1,N
IDCJAC0010,010917,2023,05,25,15.5,1,N
IDCJAC0010,010917,2023,05,26,16.1,1,N
IDCJAC0010,010917,2023,05,27,17.9,1,N
IDCJAC0010,010917,2023,05,28,18.5,1,N
IDCJAC0010,010917,2023,05,29,,,
IDCJAC0010,010917,2023,05,30,22.9,1,N
IDCJAC0010,010917,2023,05,31,18.8,1,N
IDCJAC0010,010917,2023,06,01,16.5,1,Y
IDCJAC0010,010917,2023,06,02,15.4,1,Y
IDCJAC0010,010917,2023,06,03,15.8,1,N
IDCJAC0010,010917,2023,06,04,18.8,1,N
IDCJAC0010,010917,2023,06,05,11.9,1,N
IDCJAC0010,010917,2023,06,06,9.2,1,N
IDCJAC0010,010917,2023,06,07,14.2,1,N
IDCJAC0010,010917,2023,06,08,17.1,1,N
IDCJAC0010,010917,2023,06,09,16.5,1,N
IDCJAC0010,010917,2023,06,10,18.6,1,N
IDCJAC0010,010917,2023,06,11,13.9,1,N
IDCJAC0010,010917,2023,06,12,16.3,1,N
IDCJAC0010,010917,2023,06,13,17.0,1,N
IDCJAC0010,010917,2023,06,14,16.9,1,N
IDCJAC0010,010917,2023,06,15,16.8,1,N
IDCJAC0010,010917,2023,06,16,16.8,1,N
IDCJAC0010,010917,2023,06,17,14.8,1,N
IDCJAC0010,010917,2023,06,18,14.9,1,N
IDCJAC0010,010917,2023,06,19,15.4,1,N
IDCJAC0010,010917,2023,06,20,13.5,1,N
IDCJAC0010,010917,2023,06,21,13.2,1,N
IDCJAC0010,010917,2023,06,22,14.0,1,N
IDCJAC0010,010917,2023,06,23,12.9,1,N
IDCJAC0010,010917,2023,06,24,13.5,1,N
IDCJAC0010,010917,2023,06,25,12.6,1,N
IDCJAC0010,010917,2023,06,26,11.6,1,N
IDCJAC0010,010917,2023,06,27,14.5,1,N
IDCJAC0010,010917,2023,06,28,14.0,1,N
IDCJAC0010,010917,2023,06,29,13.9,1,N
IDCJAC0010,010917,2023,06,30,14.0,1,N
IDCJAC0010,010917,2023,07,01,14.2,1,N
IDCJAC0010,010917,2023,07,02,15.9,1,N
IDCJAC0010,010917,2023,07,03,15.5,1,N
IDCJAC0010,010917,2023,07,04,12.7,1,N
IDCJAC0010,010917,2023,07,05,13.8,1,N
IDCJAC0010,010917,2023,07,06,15.5,1,N
IDCJAC0010,010917,2023,07,07,16.9,1,N
IDCJAC0010,010917,2023,07,08,16.0,1,N
IDCJAC0010,010917,2023,07,09,16.9,1,N
IDCJAC0010,010917,2023,07,10,16.3,1,N
IDCJAC0010,010917,2023,07,11,17.5,1,N
IDCJAC0010,010917,2023,07,12,18.6,1,N
IDCJAC0010,010917,2023,07,13,17.6,1,N
IDCJAC0010,010917,2023,07,14,14.2,1,N
IDCJAC0010,010917,2023,07,15,13.6,1,N
IDCJAC0010,010917,2023,07,16,16.8,1,N
IDCJAC0010,010917,2023,07,17,19.5,1,N
IDCJAC0010,010917,2023,07,18,17.6,1,N
IDCJAC0010,010917,2023,07,19,11.2,1,N
IDCJAC0010,010917,2023,07,20,15.7,1,N
IDCJAC0010,010917,2023,07,21,17.9,1,N
IDCJAC0010,010917,2023,07,22,16.1,1,N
IDCJAC0010,010917,2023,07,23,18.2,1,N
IDCJAC0010,010917,2023,07,24,17.2,1,N
IDCJAC0010,010917,2023,07,25,12.9,1,N
IDCJAC0010,010917,2023,07,26,12.9,1,N
IDCJAC0010,010917,2023,07,27,14.7,1,N
IDCJAC0010,010917,2023,07,28,15.9,1,N
IDCJAC0010,010917,2023,07,29,16.1,1,N
IDCJAC0010,010917,2023,07,30,17.5,1,N
IDCJAC0010,010917,2023,07,31,16.9,1,N
IDCJAC0010,010917,2023,08,01,21.7,1,Y
IDCJAC0010,010917,2023,08,02,20.2,1,Y
IDCJAC0010,010917,2023,08,03,12.0,1,Y
IDCJAC0010,010917,2023,08,04,13.2,1,Y
IDCJAC0010,010917,2023,08,05,15.6,1,Y
IDCJAC0010,010917,2023,08,06,18.3,1,Y
IDCJAC0010,010917,2023,08,07,22.2,1,Y
IDCJAC0010,010917,2023,08,08,19.5,1,Y
IDCJAC0010,010917,2023,08,09,15.9,1,Y
IDCJAC0010,010917,2023,08,10,10.9,1,Y
IDCJAC0010,010917,2023,08,11,15.1,1,Y
IDCJAC0010,010917,2023,08,12,14.2,1,Y
IDCJAC0010,010917,2023,08,13,15.9,1,Y
IDCJAC0010,010917,2023,08,14,18.6,1,Y
IDCJAC0010,010917,2023,08,15,17.0,1,Y
IDCJAC0010,010917,2023,08,16,13.5,1,Y
IDCJAC0010,010917,2023,08,17,17.4,1,Y
IDCJAC0010,010917,2023,08,18,17.8,1,Y
IDCJAC0010,010917,2023,08,19,19.5,1,Y
IDCJAC0010,010917,2023,08,20,17.0,1,Y
IDCJAC0010,010917,2023,08,21,15.9,1,Y
IDCJAC0010,010917,2023,08,22,14.7,1,Y
IDCJAC0010,010917,2023,08,23,17.8,1,Y
IDCJAC0010,010917,2023,08,24,19.5,1,Y
IDCJAC0010,010917,2023,08,25,24.5,1,Y
IDCJAC0010,010917,2023,08,26,21.8,1,Y
IDCJAC0010,010917,2023,08,27,21.7,1,Y
IDCJAC0010,010917,2023,08,28,22.3,1,Y
IDCJAC0010,010917,2023,08,29,16.2,1,Y
IDCJAC0010,010917,2023,08,30,17.9,1,Y
IDCJAC0010,010917,2023,08,31,25.1,1,Y
IDCJAC0010,010917,2023,09,01,21.7,1,N
IDCJAC0010,010917,2023,09,02,17.2,1,N
IDCJAC0010,010917,2023,09,03,13.8,1,N
IDCJAC0010,010917,2023,09,04,17.5,1,N
IDCJAC0010,010917,2023,09,05,17.5,1,N
IDCJAC0010,010917,2023,09,06,16.1,1,N
IDCJAC0010,010917,2023,09,07,15.9,1,N
IDCJAC0010,010917,2023,09,08,20.8,1,N
IDCJAC0010,010917,2023,09,09,22.0,1,N
IDCJAC0010,010917,2023,09,10,21.1,1,N
IDCJAC0010,010917,2023,09,11,24.5,1,N
IDCJAC0010,010917,2023,09,12,22.9,1,N
IDCJAC0010,010917,2023,09,13,17.0,1,N
IDCJAC0010,010917,2023,09,14,18.6,1,N
IDCJAC0010,010917,2023,09,15,19.9,1,N
IDCJAC0010,010917,2023,09,16,20.8,1,N
IDCJAC0010,010917,2023,09,17,18.3,1,N
IDCJAC0010,010917,2023,09,18,17.5,1,N
IDCJAC0010,010917,2023,09,19,19.7,1,N
IDCJAC0010,010917,2023,09,20,18.3,1,N
IDCJAC0010,010917,2023,09,21,21.1,1,N
IDCJAC0010,010917,2023,09,22,31.6,1,N
IDCJAC0010,010917,2023,09,23,20.2,1,N
IDCJAC0010,010917,2023,09,24,20.1,1,N
IDCJAC0010,010917,2023,09,25,22.9,1,N
IDCJAC0010,010917,2023,09,26,24.3,1,N
IDCJAC0010,010917,2023,09,27,29.8,1,N
IDCJAC0010,010917,2023,09,28,30.0,1,N
IDCJAC0010,010917,2023,09,29,26.3,1,N
IDCJAC0010,010917,2023,09,30,21.6,1,N
IDCJAC0010,010917,2023,10,01,19.8,1,Y
IDCJAC0010,010917,2023,10,02,15.2,1,Y
IDCJAC0010,010917,2023,10,03,18.1,1,Y
IDCJAC0010,010917,2023,10,04,22.6,1,Y
IDCJAC0010,010917,2023,10,05,25.3,1,Y
IDCJAC0010,010917,2023,10,06,31.2,1,Y
IDCJAC0010,010917,2023,10,07,33.6,1,Y
IDCJAC0010,010917,2023,10,08,27.7,1,Y
IDCJAC0010,010917,2023,10,09,27.6,1,Y
IDCJAC0010,010917,2023,10,10,21.8,1,Y
IDCJAC0010,010917,2023,10,11,19.8,1,Y
IDCJAC0010,010917,2023,10,12,23.5,1,Y
IDCJAC0010,010917,2023,10,13,27.8,1,Y
IDCJAC0010,010917,2023,10,14,29.7,1,Y
IDCJAC0010,010917,2023,10,15,29.7,1,Y
IDCJAC0010,010917,2023,10,16,33.9,1,Y
IDCJAC0010,010917,2023,10,17,35.5,1,Y
IDCJAC0010,010917,2023,10,18,25.1,1,Y
IDCJAC0010,010917,2023,10,19,25.5,1,Y
IDCJAC0010,010917,2023,10,20,27.9,1,Y
IDCJAC0010,010917,2023,10,21,31.4,1,Y
IDCJAC0010,010917,2023,10,22,24.8,1,Y
IDCJAC0010,010917,2023,10,23,20.3,1,Y
IDCJAC0010,010917,2023,10,24,22.8,1,Y
IDCJAC0010,010917,2023,10,25,30.7,1,Y
IDCJAC0010,010917,2023,10,26,24.7,1,Y
IDCJAC0010,010917,2023,10,27,21.8,1,Y
IDCJAC0010,010917,2023,10,28,25.2,1,Y
IDCJAC0010,010917,2023,10,29,23.8,1,Y
IDCJAC0010,010917,2023,10,30,22.7,1,Y
IDCJAC0010,010917,2023,10,31,25.3,1,Y
IDCJAC0010,010917,2023,11,01,29.7,1,Y
IDCJAC0010,010917,2023,11,02,31.0,1,Y
IDCJAC0010,010917,2023,11,03,31.7,1,Y
IDCJAC0010,010917,2023,11,04,33.2,1,Y
IDCJAC0010,010917,2023,11,05,34.3,1,Y
IDCJAC0010,010917,2023,11,06,32.1,1,Y
IDCJAC0010,010917,2023,11,07,29.0,1,Y
IDCJAC0010,010917,2023,11,08,32.3,1,Y
IDCJAC0010,010917,2023,11,09,26.2,1,Y
IDCJAC0010,010917,2023,11,10,24.1,1,Y
IDCJAC0010,010917,2023,11,11,25.7,1,Y
IDCJAC0010,010917,2023,11,12,22.7,1,Y
IDCJAC0010,010917,2023,11,13,25.4,1,Y
IDCJAC0010,010917,2023,11,14,30.2,1,Y
IDCJAC0010,010917,2023,11,15,25.3,1,Y
IDCJAC0010,010917,2023,11,16,26.4,1,Y
IDCJAC0010,010917,2023,11,17,28.6,1,Y
IDCJAC0010,010917,2023,11,18,31.5,1,Y
IDCJAC0010,010917,2023,11,19,34.7,1,Y
IDCJAC0010,010917,2023,11,20,33.2,1,Y
IDCJAC0010,010917,2023,11,21,33.8,1,Y
IDCJAC0010,010917,2023,11,22,35.0,1,Y
IDCJAC0010,010917,2023,11,23,36.1,1,Y
IDCJAC0010,010917,2023,11,24,37.3,1,Y
IDCJAC0010,010917,2023,11,25,36.9,1,Y
IDCJAC0010,010917,2023,11,26,33.1,1,Y
IDCJAC0010,010917,2023,11,27,28.9,1,Y
IDCJAC0010,010917,2023,11,28,28.0,1,Y
IDCJAC0010,010917,2023,11,29,29.1,1,Y
IDCJAC0010,010917,2023,11,30,31.4,1,Y
IDCJAC0010,010917,2023,12,01,35.0,1,Y
IDCJAC0010,010917,2023,12,02,33.3,1,Y
IDCJAC0010,010917,2023,12,03,29.4,1,Y
IDCJAC0010,010917,2023,12,04,28.9,1,Y
IDCJAC0010,010917,2023,12,05,26.8,1,Y
IDCJAC0010,010917,2023,12,06,34.1,1,Y
IDCJAC0010,010917,2023,12,07,25.3,1,Y
IDCJAC0010,010917,2023,12,08,25.9,1,Y
IDCJAC0010,010917,2023,12,09,26.5,1,Y
IDCJAC0010,010917,2023,12,10,28.6,1,Y
IDCJAC0010,010917,2023,12,11,31.1,1,Y
IDCJAC0010,010917,2023,12,12,33.9,1,Y
IDCJAC0010,010917,2023,12,13,34.3,1,Y
IDCJAC0010,010917,2023,12,14,28.9,1,Y
IDCJAC0010,010917,2023,12,15,30.2,1,Y
IDCJAC0010,010917,2023,12,16,34.2,1,Y
IDCJAC0010,010917,2023,12,17,30.5,1,Y
IDCJAC0010,010917,2023,12,18,28.2,1,Y
IDCJAC0010,010917,2023,12,19,29.7,1,Y
IDCJAC0010,010917,2023,12,20,34.4,1,Y
IDCJAC0010,010917,2023,12,21,31.6,1,Y
IDCJAC0010,010917,2023,12,22,35.6,1,Y
IDCJAC0010,010917,2023,12,23,31.0,1,Y
IDCJAC0010,010917,2023,12,24,32.3,1,Y
IDCJAC0010,010917,2023,12,25,39.3,1,Y
IDCJAC0010,010917,2023,12,26,33.2,1,Y
IDCJAC0010,010917,2023,12,27,28.1,1,Y
IDCJAC0010,010917,2023,12,28,27.4,1,Y
IDCJAC0010,010917,2023,12,29,29.1,1,Y
IDCJAC0010,010917,2023,12,30,32.8,1,Y
IDCJAC0010,010917,2023,12,31,31.3,1,Y
IDCJAC0010,010917,2024,01,01,27.2,1,Y
IDCJAC0010,010917,2024,01,02,26.5,1,Y
IDCJAC0010,010917,2024,01,03,28.7,1,Y
IDCJAC0010,010917,2024,01,04,28.0,1,Y
IDCJAC0010,010917,2024,01,05,28.9,1,Y
IDCJAC0010,010917,2024,01,06,31.8,1,Y
IDCJAC0010,010917,2024,01,07,34.2,1,Y
IDCJAC0010,010917,2024,01,08,39.2,1,Y
IDCJAC0010,010917,2024,01,09,33.0,1,Y
IDCJAC0010,010917,2024,01,10,32.6,1,Y
IDCJAC0010,010917,2024,01,11,34.5,1,Y
IDCJAC0010,010917,2024,01,12,32.7,1,Y
IDCJAC0010,010917,2024,01,13,39.0,1,Y
IDCJAC0010,010917,2024,01,14,40.7,1,Y
IDCJAC0010,010917,2024,01,15,40.0,1,Y
IDCJAC0010,010917,2024,01,16,39.0,1,Y
IDCJAC0010,010917,2024,01,17,39.5,1,Y
IDCJAC0010,010917,2024,01,18,29.4,1,Y
IDCJAC0010,010917,2024,01,19,32.2,1,Y
IDCJAC0010,010917,2024,01,20,35.6,1,Y
IDCJAC0010,010917,2024,01,21,38.0,1,Y
IDCJAC0010,010917,2024,01,22,31.3,1,Y
IDCJAC0010,010917,2024,01,23,30.7,1,Y
IDCJAC0010,010917,2024,01,24,31.5,1,Y
IDCJAC0010,010917,2024,01,25,28.9,1,Y
IDCJAC0010,010917,2024,01,26,29.4,1,Y
IDCJAC0010,010917,2024,01,27,34.7,1,Y
IDCJAC0010,010917,2024,01,28,30.8,1,Y
IDCJAC0010,010917,2024,01,29,30.1,1,Y
IDCJAC0010,010917,2024,01,30,36.0,1,Y
IDCJAC0010,010917,2024,01,31,41.8,1,Y
IDCJAC0010,010917,2024,02,01,44.2,1,Y
IDCJAC0010,010917,2024,02,02,43.5,1,Y
IDCJAC0010,010917,2024,02,03,35.0,1,Y
IDCJAC0010,010917,2024,02,04,25.5,1,Y
IDCJAC0010,010917,2024,02,05,26.3,1,Y
IDCJAC0010,010917,2024,02,06,30.0,1,Y
IDCJAC0010,010917,2024,02,07,34.2,1,Y
IDCJAC0010,010917,2024,02,08,38.0,1,Y
IDCJAC0010,010917,2024,02,09,40.1,1,Y
IDCJAC0010,010917,2024,02,10,42.4,1,Y
IDCJAC0010,010917,2024,02,11,42.0,1,Y
IDCJAC0010,010917,2024,02,12,33.1,1,Y
IDCJAC0010,010917,2024,02,13,30.4,1,Y
IDCJAC0010,010917,2024,02,14,33.8,1,Y
IDCJAC0010,010917,2024,02,15,40.5,1,Y
IDCJAC0010,010917,2024,02,16,37.2,1,Y
IDCJAC0010,010917,2024,02,17,36.8,1,Y
IDCJAC0010,010917,2024,02,18,37.3,1,Y
IDCJAC0010,010917,2024,02,19,31.9,1,Y
IDCJAC0010,010917,2024,02,20,43.3,1,Y
IDCJAC0010,010917,2024,02,21,33.0,1,Y
IDCJAC0010,010917,2024,02,22,29.3,1,Y
IDCJAC0010,010917,2024,02,23,35.0,1,Y
IDCJAC0010,010917,2024,02,24,28.7,1,Y
IDCJAC0010,010917,2024,02,25,21.3,1,Y
IDCJAC0010,010917,2024,02,26,31.6,1,Y
IDCJAC0010,010917,2024,02,27,28.0,1,Y
IDCJAC0010,010917,2024,02,28,30.2,1,Y
IDCJAC0010,010917,2024,02,29,32.8,1,Y
IDCJAC0010,010917,2024,03,01,30.3,1,N
IDCJAC0010,010917,2024,03,02,28.1,1,N
IDCJAC0010,010917,2024,03,03,30.0,1,N
IDCJAC0010,010917,2024,03,04,32.7,1,N
IDCJAC0010,010917,2024,03,05,30.5,1,N
IDCJAC0010,010917,2024,03,06,30.5,1,N
IDCJAC0010,010917,2024,03,07,33.6,1,N
IDCJAC0010,010917,2024,03,08,30.0,1,N
IDCJAC0010,010917,2024,03,09,24.2,1,N
IDCJAC0010,010917,2024,03,10,26.3,1,N
IDCJAC0010,010917,2024,03,11,28.1,1,N
IDCJAC0010,010917,2024,03,12,26.4,1,N
IDCJAC0010,010917,2024,03,13,24.8,1,N
IDCJAC0010,010917,2024,03,14,25.4,1,N
IDCJAC0010,010917,2024,03,15,27.6,1,N
IDCJAC0010,010917,2024,03,16,32.0,1,N
IDCJAC0010,010917,2024,03,17,34.6,1,N
IDCJAC0010,010917,2024,03,18,26.4,1,N
IDCJAC0010,010917,2024,03,19,23.8,1,N
IDCJAC0010,010917,2024,03,20,25.9,1,N
IDCJAC0010,010917,2024,03,21,27.0,1,N
IDCJAC0010,010917,2024,03,22,25.7,1,N
IDCJAC0010,010917,2024,03,23,25.6,1,N
IDCJAC0010,010917,2024,03,24,,,
IDCJAC0010,010917,2024,03,25,27.9,1,N
IDCJAC0010,010917,2024,03,26,31.7,1,N
IDCJAC0010,010917,2024,03,27,34.7,1,N
IDCJAC0010,010917,2024,03,28,33.9,1,N
IDCJAC0010,010917,2024,03,29,32.8,1,N
IDCJAC0010,010917,2024,03,30,31.4,1,N
IDCJAC0010,010917,2024,03,31,26.5,1,N
IDCJAC0010,010917,2024,04,01,25.2,1,N
IDCJAC0010,010917,2024,04,02,26.0,1,N
IDCJAC0010,010917,2024,04,03,26.4,1,N
IDCJAC0010,010917,2024,04,04,28.3,1,N
IDCJAC0010,010917,2024,04,05,31.2,1,N
IDCJAC0010,010917,2024,04,06,32.4,1,N
IDCJAC0010,010917,2024,04,07,30.9,1,N
IDCJAC0010,010917,2024,04,08,24.8,1,N
IDCJAC0010,010917,2024,04,09,23.9,1,N
IDCJAC0010,010917,2024,04,10,24.9,1,Y
IDCJAC0010,010917,2024,04,11,24.0,1,N
IDCJAC0010,010917,2024,04,12,26.0,1,N
IDCJAC0010,010917,2024,04,13,24.3,1,N
IDCJAC0010,010917,2024,04,14,25.4,1,N
IDCJAC0010,010917,2024,04,15,25.9,1,N
IDCJAC0010,010917,2024,04,16,27.8,1,N
IDCJAC0010,010917,2024,04,17,29.4,1,N
IDCJAC0010,010917,2024,04,18,29.9,1,N
IDCJAC0010,010917,2024,04,19,27.4,1,N
IDCJAC0010,010917,2024,04,20,28.6,1,N
IDCJAC0010,010917,2024,04,21,30.4,1,N
IDCJAC0010,010917,2024,04,22,19.5,1,N
IDCJAC0010,010917,2024,04,23,20.3,1,N
IDCJAC0010,010917,2024,04,24,20.0,1,N
IDCJAC0010,010917,2024,04,25,19.9,1,N
IDCJAC0010,010917,2024,04,26,26.0,1,N
IDCJAC0010,010917,2024,04,27,23.4,1,N
IDCJAC0010,010917,2024,04,28,21.2,1,N
IDCJAC0010,010917,2024,04,29,22.2,1,N
IDCJAC0010,010917,2024,04,30,18.7,1,N
IDCJAC0010,010917,2024,05,01,22.5,1,Y
IDCJAC0010,010917,2024,05,02,21.7,1,Y
IDCJAC0010,010917,2024,05,03,21.0,1,Y
IDCJAC0010,010917,2024,05,04,20.1,1,Y
IDCJAC0010,010917,2024,05,05,20.2,1,Y
IDCJAC0010,010917,2024,05,06,18.2,1,Y
IDCJAC0010,010917,2024,05,07,24.2,1,Y
IDCJAC0010,010917,2024,05,08,23.1,1,Y
IDCJAC0010,010917,2024,05,09,23.3,1,Y
IDCJAC0010,010917,2024,05,10,26.5,1,Y
IDCJAC0010,010917,2024,05,11,23.7,1,Y
IDCJAC0010,010917,2024,05,12,23.6,1,Y
IDCJAC0010,010917,2024,05,13,26.1,1,Y
IDCJAC0010,010917,2024,05,14,26.7,1,Y
IDCJAC0010,010917,2024,05,15,26.4,1,Y
IDCJAC0010,010917,2024,05,16,24.9,1,Y
IDCJAC0010,010917,2024,05,17,24.8,1,Y
IDCJAC0010,010917,2024,05,18,24.2,1,Y
IDCJAC0010,010917,2024,05,19,23.5,1,Y
IDCJAC0010,010917,2024,05,20,23.5,1,Y
IDCJAC0010,010917,2024,05,21,24.5,1,Y
IDCJAC0010,010917,2024,05,22,23.2,1,Y
IDCJAC0010,010917,2024,05,23,23.9,1,Y
IDCJAC0010,010917,2024,05,24,24.9,1,Y
IDCJAC0010,010917,2024,05,25,23.4,1,Y
IDCJAC0010,010917,2024,05,26,23.6,1,Y
IDCJAC0010,010917,2024,05,27,21.1,1,Y
IDCJAC0010,010917,2024,05,28,17.5,1,Y
IDCJAC0010,010917,2024,05,29,13.2,1,Y
IDCJAC0010,010917,2024,05,30,16.6,1,Y
IDCJAC0010,010917,2024,05,31,18.8,1,Y
IDCJAC0010,010917,2024,06,01,22.4,1,N
IDCJAC0010,010917,2024,06,02,18.0,1,N
IDCJAC0010,010917,2024,06,03,19.5,1,N
IDCJAC0010,010917,2024,06,04,20.1,1,N
IDCJAC0010,010917,2024,06,05,20.3,1,N
IDCJAC0010,010917,2024,06,06,22.9,1,N
IDCJAC0010,010917,2024,06,07,18.0,1,Y
IDCJAC0010,010917,2024,06,08,17.9,1,N
IDCJAC0010,010917,2024,06,09,18.1,1,N
IDCJAC0010,010917,2024,06,10,17.3,1,N
IDCJAC0010,010917,2024,06,11,15.9,1,N
IDCJAC0010,010917,2024,06,12,18.2,1,N
IDCJAC0010,010917,2024,06,13,16.2,1,N
IDCJAC0010,010917,2024,06,14,17.4,1,N
IDCJAC0010,010917,2024,06,15,20.2,1,N
IDCJAC0010,010917,2024,06,16,19.5,1,N
IDCJAC0010,010917,2024,06,17,17.7,1,N
IDCJAC0010,010917,2024,06,18,16.3,1,N
IDCJAC0010,010917,2024,06,19,14.9,1,N
IDCJAC0010,010917,2024,06,20,15.6,1,N
IDCJAC0010,010917,2024,06,21,17.1,1,N
IDCJAC0010,010917,2024,06,22,15.6,1,N
IDCJAC0010,010917,2024,06,23,15.2,1,N
IDCJAC0010,010917,2024,06,24,14.0,1,N
IDCJAC0010,010917,2024,06,25,13.5,1,N
IDCJAC0010,010917,2024,06,26,15.6,1,N
IDCJAC0010,010917,2024,06,27,15.4,1,N
IDCJAC0010,010917,2024,06,28,15.9,1,N
IDCJAC0010,010917,2024,06,29,15.1,1,N
IDCJAC0010,010917,2024,06,30,16.2,1,N
IDCJAC0010,010917,2024,07,01,16.4,1,Y
IDCJAC0010,010917,2024,07,02,15.1,1,Y
IDCJAC0010,010917,2024,07,03,15.2,1,Y
IDCJAC0010,010917,2024,07,04,15.0,1,Y
IDCJAC0010,010917,2024,07,05,14.1,1,Y
IDCJAC0010,010917,2024,07,06,13.6,1,Y
IDCJAC0010,010917,2024,07,07,17.2,1,Y
IDCJAC0010,010917,2024,07,08,18.0,1,Y
IDCJAC0010,010917,2024,07,09,19.9,1,Y
IDCJAC0010,010917,2024,07,10,15.2,1,Y
IDCJAC0010,010917,2024,07,11,16.0,1,Y
IDCJAC0010,010917,2024,07,12,13.7,1,Y
IDCJAC0010,010917,2024,07,13,17.0,1,Y
IDCJAC0010,010917,2024,07,14,12.7,1,Y
IDCJAC0010,010917,2024,07,15,18.3,1,Y
IDCJAC0010,010917,2024,07,16,18.7,1,Y
IDCJAC0010,010917,2024,07,17,20.6,1,Y
IDCJAC0010,010917,2024,07,18,14.6,1,Y
IDCJAC0010,010917,2024,07,19,14.7,1,Y
IDCJAC0010,010917,2024,07,20,17.4,1,Y
IDCJAC0010,010917,2024,07,21,16.6,1,Y
IDCJAC0010,010917,2024,07,22,17.2,1,Y
IDCJAC0010,010917,2024,07,23,13.6,1,Y
IDCJAC0010,010917,2024,07,24,14.2,1,Y
IDCJAC0010,010917,2024,07,25,16.3,1,Y
IDCJAC0010,010917,2024,07,26,16.1,1,Y
IDCJAC0010,010917,2024,07,27,18.1,1,Y
IDCJAC0010,010917,2024,07,28,16.0,1,Y
IDCJAC0010,010917,2024,07,29,18.4,1,Y
IDCJAC0010,010917,2024,07,30,,,
IDCJAC0010,010917,2024,07,31,,,
IDCJAC0010,010917,2024,08,01,,,
IDCJAC0010,010917,2024,08,02,,,
IDCJAC0010,010917,2024,08,03,,,
IDCJAC0010,010917,2024,08,04,,,
IDCJAC0010,010917,2024,08,05,18.4,1,N
IDCJAC0010,010917,2024,08,06,18.4,1,N
IDCJAC0010,010917,2024,08,07,17.8,1,N
IDCJAC0010,010917,2024,08,08,17.5,1,N
IDCJAC0010,010917,2024,08,09,19.0,1,N
IDCJAC0010,010917,2024,08,10,22.2,1,N
IDCJAC0010,010917,2024,08,11,19.4,1,N
IDCJAC0010,010917,2024,08,12,17.4,1,N
IDCJAC0010,010917,2024,08,13,18.3,1,N
IDCJAC0010,010917,2024,08,14,17.7,1,N
IDCJAC0010,010917,2024,08,15,16.6,1,N
IDCJAC0010,010917,2024,08,16,17.4,1,N
IDCJAC0010,010917,2024,08,17,16.4,1,N
IDCJAC0010,010917,2024,08,18,15.6,1,N
IDCJAC0010,010917,2024,08,19,16.3,1,N
IDCJAC0010,010917,2024,08,20,17.9,1,N
IDCJAC0010,010917,2024,08,21,18.8,1,N
IDCJAC0010,010917,2024,08,22,18.8,1,N
IDCJAC0010,010917,2024,08,23,17.8,1,N
IDCJAC0010,010917,2024,08,24,15.2,1,N
IDCJAC0010,010917,2024,08,25,19.1,1,N
IDCJAC0010,010917,2024,08,26,18.7,1,Y
IDCJAC0010,010917,2024,08,27,17.7,1,N
IDCJAC0010,010917,2024,08,28,19.3,1,N
IDCJAC0010,010917,2024,08,29,16.2,1,N
IDCJAC0010,010917,2024,08,30,16.8,1,N
IDCJAC0010,010917,2024,08,31,17.4,1,N
IDCJAC0010,010917,2024,09,01,16.9,1,N
IDCJAC0010,010917,2024,09,02,22.2,1,N
IDCJAC0010,010917,2024,09,03,19.7,1,N
IDCJAC0010,010917,2024,09,04,18.2,1,N
IDCJAC0010,010917,2024,09,05,12.5,1,N
IDCJAC0010,010917,2024,09,06,16.2,1,N
IDCJAC0010,010917,2024,09,07,18.9,1,N
IDCJAC0010,010917,2024,09,08,18.2,1,N
IDCJAC0010,010917,2024,09,09,20.0,1,N
IDCJAC0010,010917,2024,09,10,17.8,1,N
IDCJAC0010,010917,2024,09,11,21.2,1,N
IDCJAC0010,010917,2024,09,12,23.3,1,N
IDCJAC0010,010917,2024,09,13,24.0,1,N
IDCJAC0010,010917,2024,09,14,22.0,1,N
IDCJAC0010,010917,2024,09,15,18.9,1,N
IDCJAC0010,010917,2024,09,16,20.0,1,N
IDCJAC0010,010917,2024,09,17,25.3,1,N
IDCJAC0010,010917,2024,09,18,,,
IDCJAC0010,010917,2024,09,19,17.5,1,N
IDCJAC0010,010917,2024,09,20,17.4,1,N
IDCJAC0010,010917,2024,09,21,17.8,1,N
IDCJAC0010,010917,2024,09,22,22.2,1,N
IDCJAC0010,010917,2024,09,23,22.8,1,N
IDCJAC0010,010917,2024,09,24,18.6,1,N
IDCJAC0010,010917,2024,09,25,19.2,1,N
IDCJAC0010,010917,2024,09,26,27.2,1,N
IDCJAC0010,010917,2024,09,27,16.3,1,N
IDCJAC0010,010917,2024,09,28,17.0,1,N
IDCJAC0010,010917,2024,09,29,18.8,1,N
IDCJAC0010,010917,2024,09,30,23.1,1,N
IDCJAC0010,010917,2024,10,01,29.0,1,Y
IDCJAC0010,010917,2024,10,02,15.7,1,Y
IDCJAC0010,010917,2024,10,03,16.3,1,Y
IDCJAC0010,010917,2024,10,04,20.2,1,Y
IDCJAC0010,010917,2024,10,05,21.6,1,Y
IDCJAC0010,010917,2024,10,06,23.5,1,Y
IDCJAC0010,010917,2024,10,07,27.7,1,Y
IDCJAC0010,010917,2024,10,08,24.4,1,Y
IDCJAC0010,010917,2024,10,09,20.7,1,Y
IDCJAC0010,010917,2024,10,10,24.7,1,Y
IDCJAC0010,010917,2024,10,11,29.8,1,Y
IDCJAC0010,010917,2024,10,12,26.1,1,Y
IDCJAC0010,010917,2024,10,13,26.8,1,Y
IDCJAC0010,010917,2024,10,14,23.6,1,Y
IDCJAC0010,010917,2024,10,15,20.4,1,Y
IDCJAC0010,010917,2024,10,16,23.1,1,Y
IDCJAC0010,010917,2024,10,17,22.3,1,Y
IDCJAC0010,010917,2024,10,18,23.3,1,Y
IDCJAC0010,010917,2024,10,19,26.1,1,Y
IDCJAC0010,010917,2024,10,20,23.1,1,Y
IDCJAC0010,010917,2024,10,21,19.1,1,Y
IDCJAC0010,010917,2024,10,22,21.1,1,Y
IDCJAC0010,010917,2024,10,23,24.3,1,Y
IDCJAC0010,010917,2024,10,24,30.3,1,Y
IDCJAC0010,010917,2024,10,25,27.8,1,Y
IDCJAC0010,010917,2024,10,26,23.7,1,Y
IDCJAC0010,010917,2024,10,27,26.4,1,Y
IDCJAC0010,010917,2024,10,28,30.8,1,Y
IDCJAC0010,010917,2024,10,29,34.5,1,Y
IDCJAC0010,010917,2024,10,30,30.7,1,Y
IDCJAC0010,010917,2024,10,31,31.2,1,Y
IDCJAC0010,010917,2024,11,01,34.2,1,N
IDCJAC0010,010917,2024,11,02,23.7,1,N
IDCJAC0010,010917,2024,11,03,25.4,1,N
IDCJAC0010,010917,2024,11,04,27.4,1,N
IDCJAC0010,010917,2024,11,05,22.7,1,N
IDCJAC0010,010917,2024,11,06,21.8,1,N
IDCJAC0010,010917,2024,11,07,24.0,1,N
IDCJAC0010,010917,2024,11,08,20.2,1,N
IDCJAC0010,010917,2024,11,09,22.5,1,N
IDCJAC0010,010917,2024,11,10,25.0,1,N
IDCJAC0010,010917,2024,11,11,28.5,1,N
IDCJAC0010,010917,2024,11,12,26.8,1,N
IDCJAC0010,010917,2024,11,13,32.0,1,N
IDCJAC0010,010917,2024,11,14,34.8,1,N
IDCJAC0010,010917,2024,11,15,24.6,1,N
IDCJAC0010,010917,2024,11,16,23.2,1,N
IDCJAC0010,010917,2024,11,17,25.5,1,N
IDCJAC0010,010917,2024,11,18,32.3,1,N
IDCJAC0010,010917,2024,11,19,29.5,1,N
IDCJAC0010,010917,2024,11,20,27.8,1,N
IDCJAC0010,010917,2024,11,21,23.8,1,Y
IDCJAC0010,010917,2024,11,22,25.3,1,N
IDCJAC0010,010917,2024,11,23,30.0,1,N
IDCJAC0010,010917,2024,11,24,35.5,1,N
IDCJAC0010,010917,2024,11,25,24.0,1,N
IDCJAC0010,010917,2024,11,26,23.3,1,N
IDCJAC0010,010917,2024,11,27,25.9,1,N
IDCJAC0010,010917,2024,11,28,29.2,1,N
IDCJAC0010,010917,2024,11,29,30.6,1,N
IDCJAC0010,010917,2024,11,30,34.1,1,N
IDCJAC0010,010917,2024,12,01,24.6,1,Y
IDCJAC0010,010917,2024,12,02,22.2,1,Y
IDCJAC0010,010917,2024,12,03,24.8,1,Y
IDCJAC0010,010917,2024,12,04,25.8,1,Y
IDCJAC0010,010917,2024,12,05,29.0,1,Y
IDCJAC0010,010917,2024,12,06,29.7,1,Y
IDCJAC0010,010917,2024,12,07,31.7,1,Y
IDCJAC0010,010917,2024,12,08,34.2,1,Y
IDCJAC0010,010917,2024,12,09,30.7,1,Y
IDCJAC0010,010917,2024,12,10,31.1,1,Y
IDCJAC0010,010917,2024,12,11,40.2,1,Y
IDCJAC0010,010917,2024,12,12,40.3,1,Y
IDCJAC0010,010917,2024,12,13,34.6,1,Y
IDCJAC0010,010917,2024,12,14,36.5,1,Y
IDCJAC0010,010917,2024,12,15,26.2,1,Y
IDCJAC0010,010917,2024,12,16,27.8,1,Y
IDCJAC0010,010917,2024,12,17,34.5,1,Y
IDCJAC0010,010917,2024,12,18,37.9,1,Y
IDCJAC0010,010917,2024,12,19,31.2,1,Y
IDCJAC0010,010917,2024,12,20,34.1,1,Y
IDCJAC0010,010917,2024,12,21,36.8,1,Y
IDCJAC0010,010917,2024,12,22,37.6,1,Y
IDCJAC0010,010917,2024,12,23,42.9,1,Y
IDCJAC0010,010917,2024,12,24,28.5,1,Y
IDCJAC0010,010917,2024,12,25,24.4,1,Y
IDCJAC0010,010917,2024,12,26,25.6,1,Y
IDCJAC0010,010917,2024,12,27,29.2,1,Y
IDCJAC0010,010917,2024,12,28,33.9,1,Y
IDCJAC0010,010917,2024,12,29,33.6,1,Y
IDCJAC0010,010917,2024,12,30,33.9,1,Y
IDCJAC0010,010917,2024,12,31,36.8,1,Y
IDCJAC0010,010917,2025,01,01,41.4,1,Y
IDCJAC0010,010917,2025,01,02,37.7,1,Y
IDCJAC0010,010917,2025,01,03,30.8,1,Y
IDCJAC0010,010917,2025,01,04,28.2,1,Y
IDCJAC0010,010917,2025,01,05,30.7,1,Y
IDCJAC0010,010917,2025,01,06,34.7,1,Y
IDCJAC0010,010917,2025,01,07,37.7,1,Y
IDCJAC0010,010917,2025,01,08,32.9,1,Y
IDCJAC0010,010917,2025,01,09,35.8,1,Y
IDCJAC0010,010917,2025,01,10,33.2,1,Y
IDCJAC0010,010917,2025,01,11,33.6,1,Y
IDCJAC0010,010917,2025,01,12,31.9,1,Y
IDCJAC0010,010917,2025,01,13,32.7,1,Y
IDCJAC0010,010917,2025,01,14,26.9,1,Y
IDCJAC0010,010917,2025,01,15,30.9,1,Y
IDCJAC0010,010917,2025,01,16,37.1,1,Y
IDCJAC0010,010917,2025,01,17,25.4,1,Y
IDCJAC0010,010917,2025,01,18,29.4,1,Y
IDCJAC0010,010917,2025,01,19,37.5,1,Y
IDCJAC0010,010917,2025,01,20,42.7,1,Y
IDCJAC0010,010917,2025,01,21,39.6,1,Y
IDCJAC0010,010917,2025,01,22,33.8,1,Y
IDCJAC0010,010917,2025,01,23,38.4,1,Y
IDCJAC0010,010917,2025,01,24,40.2,1,Y
IDCJAC0010,010917,2025,01,25,32.8,1,Y
IDCJAC0010,010917,2025,01,26,30.6,1,Y
IDCJAC0010,010917,2025,01,27,30.3,1,Y
IDCJAC0010,010917,2025,01,28,34.3,1,Y
IDCJAC0010,010917,2025,01,29,38.0,1,Y
IDCJAC0010,010917,2025,01,30,41.1,1,Y
IDCJAC0010,010917,2025,01,31,40.4,1,Y
IDCJAC0010,010917,2025,02,01,34.4,1,Y
IDCJAC0010,010917,2025,02,02,36.9,1,Y
IDCJAC0010,010917,2025,02,03,31.2,1,Y
IDCJAC0010,010917,2025,02,04,33.3,1,Y
IDCJAC0010,010917,2025,02,05,39.5,1,Y
IDCJAC0010,010917,2025,02,06,34.2,1,Y
IDCJAC0010,010917,2025,02,07,34.0,1,Y
IDCJAC0010,010917,2025,02,08,36.9,1,Y
IDCJAC0010,010917,2025,02,09,29.1,1,Y
IDCJAC0010,010917,2025,02,10,29.9,1,Y
IDCJAC0010,010917,2025,02,11,24.7,1,Y
IDCJAC0010,010917,2025,02,12,26.3,1,Y
IDCJAC0010,010917,2025,02,13,28.2,1,Y
IDCJAC0010,010917,2025,02,14,29.8,1,Y
IDCJAC0010,010917,2025,02,15,33.4,1,Y
IDCJAC0010,010917,2025,02,16,34.9,1,Y
IDCJAC0010,010917,2025,02,17,33.7,1,Y
IDCJAC0010,010917,2025,02,18,23.9,1,Y
IDCJAC0010,010917,2025,02,19,32.7,1,Y
IDCJAC0010,010917,2025,02,20,33.7,1,Y
IDCJAC0010,010917,2025,02,21,26.1,1,Y
IDCJAC0010,010917,2025,02,22,24.3,1,Y
IDCJAC0010,010917,2025,02,23,29.9,1,Y
IDCJAC0010,010917,2025,02,24,34.1,1,Y
IDCJAC0010,010917,2025,02,25,32.1,1,Y
IDCJAC0010,010917,2025,02,26,33.5,1,Y
IDCJAC0010,010917,2025,02,27,31.0,1,Y
IDCJAC0010,010917,2025,02,28,33.5,1,Y
IDCJAC0010,010917,2025,03,01,30.9,1,N
IDCJAC0010,010917,2025,03,02,36.6,1,N
IDCJAC0010,010917,2025,03,03,31.7,1,N
IDCJAC0010,010917,2025,03,04,26.5,1,N
IDCJAC0010,010917,2025,03,05,,,
IDCJAC0010,010917,2025,03,06,37.7,1,N
IDCJAC0010,010917,2025,03,07,37.2,1,N
IDCJAC0010,010917,2025,03,08,28.3,1,N
IDCJAC0010,010917,2025,03,09,24.6,1,N
IDCJAC0010,010917,2025,03,10,27.7,1,N
IDCJAC0010,010917,2025,03,11,33.7,1,N
IDCJAC0010,010917,2025,03,12,27.2,1,N
IDCJAC0010,010917,2025,03,13,29.3,1,N
IDCJAC0010,010917,2025,03,14,26.2,1,N
IDCJAC0010,010917,2025,03,15,24.0,1,N
IDCJAC0010,010917,2025,03,16,24.7,1,N
IDCJAC0010,010917,2025,03,17,28.6,1,N
IDCJAC0010,010917,2025,03,18,31.6,1,N
IDCJAC0010,010917,2025,03,19,27.2,1,N
IDCJAC0010,010917,2025,03,20,25.8,1,N
IDCJAC0010,010917,2025,03,21,31.7,1,N
IDCJAC0010,010917,2025,03,22,36.8,1,N
IDCJAC0010,010917,2025,03,23,32.8,1,N
IDCJAC0010,010917,2025,03,24,38.2,1,N
IDCJAC0010,010917,2025,03,25,37.6,1,N
IDCJAC0010,010917,2025,03,26,36.0,1,N
IDCJAC0010,010917,2025,03,27,34.4,1,N
IDCJAC0010,010917,2025,03,28,36.1,1,N
IDCJAC0010,010917,2025,03,29,35.7,1,N
IDCJAC0010,010917,2025,03,30,27.5,1,N
IDCJAC0010,010917,2025,03,31,30.6,1,N
IDCJAC0010,010917,2025,04,01,32.0,1,N
IDCJAC0010,010917,2025,04,02,24.6,1,Y
IDCJAC0010,010917,2025,04,03,23.9,1,N
IDCJAC0010,010917,2025,04,04,18.1,1,N
IDCJAC0010,010917,2025,04,05,25.6,1,N
IDCJAC0010,010917,2025,04,06,29.5,1,N
IDCJAC0010,010917,2025,04,07,31.0,1,N
IDCJAC0010,010917,2025,04,08,27.1,1,N
IDCJAC0010,010917,2025,04,09,25.9,1,N
IDCJAC0010,010917,2025,04,10,26.3,1,N
IDCJAC0010,010917,2025,04,11,32.5,1,N
IDCJAC0010,010917,2025,04,12,27.9,1,N
IDCJAC0010,010917,2025,04,13,23.7,1,N
IDCJAC0010,010917,2025,04,14,24.7,1,N
IDCJAC0010,010917,2025,04,15,23.7,1,N
IDCJAC0010,010917,2025,04,16,24.6,1,N
IDCJAC0010,010917,2025,04,17,24.7,1,N
IDCJAC0010,010917,2025,04,18,18.2,1,N
IDCJAC0010,010917,2025,04,19,19.1,1,N
IDCJAC0010,010917,2025,04,20,21.4,1,N
IDCJAC0010,010917,2025,04,21,26.8,1,N
IDCJAC0010,010917,2025,04,22,31.2,1,N
IDCJAC0010,010917,2025,04,23,25.1,1,N
IDCJAC0010,010917,2025,04,24,18.1,1,N
IDCJAC0010,010917,2025,04,25,18.0,1,N
IDCJAC0010,010917,2025,04,26,20.3,1,N
IDCJAC0010,010917,2025,04,27,21.2,1,N
IDCJAC0010,010917,2025,04,28,21.8,1,N
IDCJAC0010,010917,2025,04,29,22.7,1,N
IDCJAC0010,010917,2025,04,30,25.3,1,N
IDCJAC0010,010917,2025,05,01,29.4,1,N
IDCJAC0010,010917,2025,05,02,26.5,1,N
IDCJAC0010,010917,2025,05,03,19.8,1,N
IDCJAC0010,010917,2025,05,04,19.8,1,N
IDCJAC0010,010917,2025,05,05,20.7,1,N
IDCJAC0010,010917,2025,05,06,20.5,1,N
IDCJAC0010,010917,2025,05,07,22.9,1,N
IDCJAC0010,010917,2025,05,08,27.1,1,N
IDCJAC0010,010917,2025,05,09,31.2,1,N
IDCJAC0010,010917,2025,05,10,24.4,1,N
IDCJAC0010,010917,2025,05,11,23.9,1,N
IDCJAC0010,010917,2025,05,12,23.7,1,N
IDCJAC0010,010917,2025,05,13,22.0,1,N
IDCJAC0010,010917,2025,05,14,21.7,1,Y
IDCJAC0010,010917,2025,05,15,24.7,1,N
IDCJAC0010,010917,2025,05,16,24.4,1,N
IDCJAC0010,010917,2025,05,17,23.7,1,N
IDCJAC0010,010917,2025,05,18,23.4,1,N
IDCJAC0010,010917,2025,05,19,23.8,1,N
IDCJAC0010,010917,2025,05,20,19.2,1,N
IDCJAC0010,010917,2025,05,21,22.4,1,N
IDCJAC0010,010917,2025,05,22,23.0,1,N
IDCJAC0010,010917,2025,05,23,14.8,1,N
IDCJAC0010,010917,2025,05,24,17.0,1,N
IDCJAC0010,010917,2025,05,25,17.2,1,N
IDCJAC0010,010917,2025,05,26,16.3,1,N
IDCJAC0010,010917,2025,05,27,18.3,1,N
IDCJAC0010,010917,2025,05,28,21.1,1,N
IDCJAC0010,010917,2025,05,29,20.9,1,N
IDCJAC0010,010917,2025,05,30,20.3,1,N
IDCJAC0010,010917,2025,05,31,19.1,1,N
IDCJAC0010,010917,2025,06,01,15.5,1,N
IDCJAC0010,010917,2025,06,02,22.3,1,N
IDCJAC0010,010917,2025,06,03,20.5,1,N
IDCJAC0010,010917,2025,06,04,18.4,1,N
IDCJAC0010,010917,2025,06,05,18.5,1,N
IDCJAC0010,010917,2025,06,06,17.2,1,N
IDCJAC0010,010917,2025,06,07,17.9,1,N
IDCJAC0010,010917,2025,06,08,19.7,1,N
IDCJAC0010,010917,2025,06,09,21.2,1,N
IDCJAC0010,010917,2025,06,10,18.5,1,N
IDCJAC0010,010917,2025,06,11,17.1,1,Y
IDCJAC0010,010917,2025,06,12,16.4,1,N
IDCJAC0010,010917,2025,06,13,18.1,1,N
IDCJAC0010,010917,2025,06,14,17.2,1,N
IDCJAC0010,010917,2025,06,15,19.0,1,N
IDCJAC0010,010917,2025,06,16,17.5,1,N
IDCJAC0010,010917,2025,06,17,16.3,1,N
IDCJAC0010,010917,2025,06,18,17.4,1,N
IDCJAC0010,010917,2025,06,19,20.0,1,N
IDCJAC0010,010917,2025,06,20,19.8,1,N
IDCJAC0010,010917,2025,06,21,13.9,1,N
IDCJAC0010,010917,2025,06,22,17.0,1,N
IDCJAC0010,010917,2025,06,23,15.2,1,N
IDCJAC0010,010917,2025,06,24,15.2,1,N
IDCJAC0010,010917,2025,06,25,16.4,1,N
IDCJAC0010,010917,2025,06,26,19.3,1,N
IDCJAC0010,010917,2025,06,27,18.8,1,N
IDCJAC0010,010917,2025,06,28,18.2,1,N
IDCJAC0010,010917,2025,06,29,16.7,1,N
IDCJAC0010,010917,2025,06,30,19.0,1,N
IDCJAC0010,010917,2025,07,01,20.0,1,Y
IDCJAC0010,010917,2025,07,02,18.6,1,Y
IDCJAC0010,010917,2025,07,03,17.5,1,Y
IDCJAC0010,010917,2025,07,04,15.8,1,Y
IDCJAC0010,010917,2025,07,05,15.9,1,Y
IDCJAC0010,010917,2025,07,06,19.0,1,Y
IDCJAC0010,010917,2025,07,07,13.7,1,Y
IDCJAC0010,010917,2025,07,08,15.9,1,Y
IDCJAC0010,010917,2025,07,09,16.1,1,Y
IDCJAC0010,010917,2025,07,10,17.1,1,Y
IDCJAC0010,010917,2025,07,11,18.7,1,Y
IDCJAC0010,010917,2025,07,12,16.9,1,Y
IDCJAC0010,010917,2025,07,13,14.2,1,Y
IDCJAC0010,010917,2025,07,14,15.2,1,Y
IDCJAC0010,010917,2025,07,15,15.7,1,Y
IDCJAC0010,010917,2025,07,16,16.0,1,Y
IDCJAC0010,010917,2025,07,17,16.0,1,Y
IDCJAC0010,010917,2025,07,18,15.1,1,Y
IDCJAC0010,010917,2025,07,19,14.2,1,Y
IDCJAC0010,010917,2025,07,20,16.3,1,Y
IDCJAC0010,010917,2025,07,21,13.1,1,Y
IDCJAC0010,010917,2025,07,22,12.6,1,Y
IDCJAC0010,010917,2025,07,23,15.3,1,Y
IDCJAC0010,010917,2025,07,24,11.6,1,Y
IDCJAC0010,010917,2025,07,25,12.1,1,Y
IDCJAC0010,010917,2025,07,26,13.8,1,Y
IDCJAC0010,010917,2025,07,27,11.0,1,Y
IDCJAC0010,010917,2025,07,28,10.5,1,Y
IDCJAC0010,010917,2025,07,29,12.8,1,Y
IDCJAC0010,010917,2025,07,30,15.2,1,Y
IDCJAC0010,010917,2025,07,31,16.2,1,Y
IDCJAC0010,010917,2025,08,01,17.0,1,Y
IDCJAC0010,010917,2025,08,02,14.2,1,Y
IDCJAC0010,010917,2025,08,03,11.3,1,Y
IDCJAC0010,010917,2025,08,04,14.2,1,Y
IDCJAC0010,010917,2025,08,05,17.2,1,Y
IDCJAC0010,010917,2025,08,06,16.7,1,Y
IDCJAC0010,010917,2025,08,07,17.4,1,Y
IDCJAC0010,010917,2025,08,08,18.8,1,Y
IDCJAC0010,010917,2025,08,09,17.4,1,Y
IDCJAC0010,010917,2025,08,10,15.6,1,Y
IDCJAC0010,010917,2025,08,11,17.8,1,Y
IDCJAC0010,010917,2025,08,12,20.3,1,Y
IDCJAC0010,010917,2025,08,13,24.8,1,Y
IDCJAC0010,010917,2025,08,14,14.8,1,Y
IDCJAC0010,010917,2025,08,15,14.9,1,Y
IDCJAC0010,010917,2025,08,16,15.9,1,Y
IDCJAC0010,010917,2025,08,17,17.9,1,Y
IDCJAC0010,010917,2025,08,18,21.8,1,Y
IDCJAC0010,010917,2025,08,19,14.3,1,Y
IDCJAC0010,010917,2025,08,20,17.3,1,Y
IDCJAC0010,010917,2025,08,21,16.2,1,Y
IDCJAC0010,010917,2025,08,22,17.3,1,Y
IDCJAC0010,010917,2025,08,23,20.4,1,Y
IDCJAC0010,010917,2025,08,24,15.4,1,Y
IDCJAC0010,010917,2025,08,25,11.5,1,Y
IDCJAC0010,010917,2025,08,26,14.0,1,Y
IDCJAC0010,010917,2025,08,27,14.7,1,Y
IDCJAC0010,010917,2025,08,28,15.2,1,Y
IDCJAC0010,010917,2025,08,29,15.3,1,Y
IDCJAC0010,010917,2025,08,30,17.8,1,Y
IDCJAC0010,010917,2025,08,31,20.2,1,Y
IDCJAC0010,010917,2025,09,01,19.3,1,Y
IDCJAC0010,010917,2025,09,02,18.0,1,Y
IDCJAC0010,010917,2025,09,03,18.3,1,Y
IDCJAC0010,010917,2025,09,04,17.9,1,Y
IDCJAC0010,010917,2025,09,05,15.6,1,Y
IDCJAC0010,010917,2025,09,06,14.7,1,Y
IDCJAC0010,010917,2025,09,07,14.2,1,Y
IDCJAC0010,010917,2025,09,08,14.1,1,Y
IDCJAC0010,010917,2025,09,09,14.9,1,Y
IDCJAC0010,010917,2025,09,10,17.1,1,Y
IDCJAC0010,010917,2025,09,11,19.0,1,Y
IDCJAC0010,010917,2025,09,12,22.3,1,Y
IDCJAC0010,010917,2025,09,13,21.3,1,Y
IDCJAC0010,010917,2025,09,14,15.6,1,Y
IDCJAC0010,010917,2025,09,15,13.8,1,Y
IDCJAC0010,010917,2025,09,16,16.0,1,Y
IDCJAC0010,010917,2025,09,17,18.6,1,Y
IDCJAC0010,010917,2025,09,18,16.2,1,Y
IDCJAC0010,010917,2025,09,19,19.6,1,Y
IDCJAC0010,010917,2025,09,20,21.1,1,Y
IDCJAC0010,010917,2025,09,21,22.2,1,Y
IDCJAC0010,010917,2025,09,22,22.3,1,Y
IDCJAC0010,010917,2025,09,23,24.9,1,Y
IDCJAC0010,010917,2025,09,24,27.5,1,Y
IDCJAC0010,010917,2025,09,25,26.3,1,Y
IDCJAC0010,010917,2025,09,26,21.2,1,Y
IDCJAC0010,010917,2025,09,27,22.0,1,Y
IDCJAC0010,010917,2025,09,28,20.1,1,Y
IDCJAC0010,010917,2025,09,29,18.8,1,Y
IDCJAC0010,010917,2025,09,30,19.6,1,Y
IDCJAC0010,010917,2025,10,01,19.9,1,Y
IDCJAC0010,010917,2025,10,02,26.4,1,Y
IDCJAC0010,010917,2025,10,03,22.7,1,Y
IDCJAC0010,010917,2025,10,04,20.2,1,Y
IDCJAC0010,010917,2025,10,05,14.7,1,Y
IDCJAC0010,010917,2025,10,06,18.8,1,Y
IDCJAC0010,010917,2025,10,07,17.4,1,Y
IDCJAC0010,010917,2025,10,08,19.0,1,Y
IDCJAC0010,010917,2025,10,09,19.1,1,Y
IDCJAC0010,010917,2025,10,10,19.9,1,Y
IDCJAC0010,010917,2025,10,11,22.5,1,Y
IDCJAC0010,010917,2025,10,12,24.3,1,Y
IDCJAC0010,010917,2025,10,13,24.5,1,Y
IDCJAC0010,010917,2025,10,14,29.1,1,Y
IDCJAC0010,010917,2025,10,15,22.9,1,Y
IDCJAC0010,010917,2025,10,16,25.8,1,Y
IDCJAC0010,010917,2025,10,17,30.2,1,Y
IDCJAC0010,010917,2025,10,18,22.4,1,Y
IDCJAC0010,010917,2025,10,19,16.6,1,Y
IDCJAC0010,010917,2025,10,20,16.5,1,Y
IDCJAC0010,010917,2025,10,21,19.3,1,Y
IDCJAC0010,010917,2025,10,22,22.1,1,Y
IDCJAC0010,010917,2025,10,23,23.4,1,Y
IDCJAC0010,010917,2025,10,24,20.3,1,Y
IDCJAC0010,010917,2025,10,25,21.7,1,Y
IDCJAC0010,010917,2025,10,26,20.2,1,Y
IDCJAC0010,010917,2025,10,27,24.5,1,Y
IDCJAC0010,010917,2025,10,28,32.1,1,Y
IDCJAC0010,010917,2025,10,29,20.7,1,Y
IDCJAC0010,010917,2025,10,30,22.5,1,Y
IDCJAC0010,010917,2025,10,31,24.7,1,Y
IDCJAC0010,010917,2025,11,01,20.7,1,Y
IDCJAC0010,010917,2025,11,02,23.4,1,Y
IDCJAC0010,010917,2025,11,03,27.2,1,Y
IDCJAC0010,010917,2025,11,04,27.5,1,Y
IDCJAC0010,010917,2025,11,05,26.1,1,Y
IDCJAC0010,010917,2025,11,06,24.0,1,Y
IDCJAC0010,010917,2025,11,07,22.1,1,Y
IDCJAC0010,010917,2025,11,08,25.3,1,Y
IDCJAC0010,010917,2025,11,09,27.5,1,Y
IDCJAC0010,010917,2025,11,10,27.7,1,Y
IDCJAC0010,010917,2025,11,11,30.7,1,Y
IDCJAC0010,010917,2025,11,12,32.4,1,Y
IDCJAC0010,010917,2025,11,13,25.7,1,Y
IDCJAC0010,010917,2025,11,14,24.6,1,Y
IDCJAC0010,010917,2025,11,15,24.4,1,Y
IDCJAC0010,010917,2025,11,16,27.8,1,Y
IDCJAC0010,010917,2025,11,17,33.2,1,Y
IDCJAC0010,010917,2025,11,18,25.4,1,Y
IDCJAC0010,010917,2025,11,19,27.9,1,Y
IDCJAC0010,010917,2025,11,20,27.2,1,Y
IDCJAC0010,010917,2025,11,21,27.6,1,Y
IDCJAC0010,010917,2025,11,22,27.1,1,Y
IDCJAC0010,010917,2025,11,23,20.2,1,Y
IDCJAC0010,010917,2025,11,24,21.3,1,Y
IDCJAC0010,010917,2025,11,25,22.0,1,Y
IDCJAC0010,010917,2025,11,26,24.6,1,Y
IDCJAC0010,010917,2025,11,27,22.9,1,Y
IDCJAC0010,010917,2025,11,28,26.3,1,Y
IDCJAC0010,010917,2025,11,29,28.3,1,Y
IDCJAC0010,010917,2025,11,30,32.3,1,Y
IDCJAC0010,010917,2025,12,01,37.9,1,Y
IDCJAC0010,010917,2025,12,02,37.8,1,Y
IDCJAC0010,010917,2025,12,03,28.2,1,Y
IDCJAC0010,010917,2025,12,04,30.0,1,Y
IDCJAC0010,010917,2025,12,05,25.7,1,Y
IDCJAC0010,010917,2025,12,06,29.8,1,Y
IDCJAC0010,010917,2025,12,07,32.2,1,Y
IDCJAC0010,010917,2025,12,08,30.0,1,Y
IDCJAC0010,010917,2025,12,09,30.1,1,Y
IDCJAC0010,010917,2025,12,10,33.1,1,Y
IDCJAC0010,010917,2025,12,11,38.0,1,Y
IDCJAC0010,010917,2025,12,12,33.4,1,Y
IDCJAC0010,010917,2025,12,13,35.0,1,Y
IDCJAC0010,010917,2025,12,14,37.9,1,Y
IDCJAC0010,010917,2025,12,15,39.1,1,Y
IDCJAC0010,010917,2025,12,16,39.0,1,Y
IDCJAC0010,010917,2025,12,17,29.0,1,Y
IDCJAC0010,010917,2025,12,18,29.5,1,Y
IDCJAC0010,010917,2025,12,19,31.8,1,Y
IDCJAC0010,010917,2025,12,20,26.2,1,Y
IDCJAC0010,010917,2025,12,21,28.9,1,Y
IDCJAC0010,010917,2025,12,22,29.2,1,Y
IDCJAC0010,010917,2025,12,23,32.8,1,Y
IDCJAC0010,010917,2025,12,24,35.4,1,Y
IDCJAC0010,010917,2025,12,25,40.4,1,Y
IDCJAC0010,010917,2025,12,26,26.1,1,Y
IDCJAC0010,010917,2025,12,27,25.9,1,Y
IDCJAC0010,010917,2025,12,28,28.0,1,Y
IDCJAC0010,010917,2025,12,29,28.3,1,Y
IDCJAC0010,010917,2025,12,30,29.4,1,Y
IDCJAC0010,010917,2025,12,31,32.9,1,Y
IDCJAC0010,010917,2026,01,01,35.9,1,N
IDCJAC0010,010917,2026,01,02,38.8,1,N
IDCJAC0010,010917,2026,01,03,35.9,1,N
IDCJAC0010,010917,2026,01,04,38.9,1,N
IDCJAC0010,010917,2026,01,05,37.2,1,N
IDCJAC0010,010917,2026,01,06,33.2,1,N
IDCJAC0010,010917,2026,01,07,31.0,1,N
IDCJAC0010,010917,2026,01,08,30.5,1,N
IDCJAC0010,010917,2026,01,09,26.4,1,N
IDCJAC0010,010917,2026,01,10,28.1,1,N
IDCJAC0010,010917,2026,01,11,31.6,1,N
IDCJAC0010,010917,2026,01,12,36.2,1,N
IDCJAC0010,010917,2026,01,13,30.2,1,N
IDCJAC0010,010917,2026,01,14,30.4,1,N
IDCJAC0010,010917,2026,01,15,35.1,1,N
IDCJAC0010,010917,2026,01,16,39.2,1,N
IDCJAC0010,010917,2026,01,17,28.9,1,N
IDCJAC0010,010917,2026,01,18,29.5,1,N
IDCJAC0010,010917,2026,01,19,33.6,1,N
IDCJAC0010,010917,2026,01,20,37.0,1,N
IDCJAC0010,010917,2026,01,21,37.7,1,N
IDCJAC0010,010917,2026,01,22,37.2,1,Y
IDCJAC0010,010917,2026,01,23,28.5,1,N
IDCJAC0010,010917,2026,01,24,31.6,1,N
IDCJAC0010,010917,2026,01,25,28.1,1,N
IDCJAC0010,010917,2026,01,26,23.1,1,N
IDCJAC0010,010917,2026,01,27,26.1,1,N
IDCJAC0010,010917,2026,01,28,29.4,1,N
IDCJAC0010,010917,2026,01,29,34.6,1,N
IDCJAC0010,010917,2026,01,30,39.0,1,N
IDCJAC0010,010917,2026,01,31,32.5,1,N
IDCJAC0010,010917,2026,02,01,34.4,1,Y
IDCJAC0010,010917,2026,02,02,39.7,1,Y
IDCJAC0010,010917,2026,02,03,30.6,1,Y
IDCJAC0010,010917,2026,02,04,28.8,1,Y
IDCJAC0010,010917,2026,02,05,31.3,1,Y
IDCJAC0010,010917,2026,02,06,32.3,1,Y
IDCJAC0010,010917,2026,02,07,32.5,1,Y
IDCJAC0010,010917,2026,02,08,36.2,1,Y
IDCJAC0010,010917,2026,02,09,39.2,1,Y
IDCJAC0010,010917,2026,02,10,21.5,1,Y
IDCJAC0010,010917,2026,02,11,27.3,1,Y
IDCJAC0010,010917,2026,02,12,25.6,1,Y
IDCJAC0010,010917,2026,02,13,28.9,1,Y
IDCJAC0010,010917,2026,02,14,33.8,1,Y
IDCJAC0010,010917,2026,02,15,29.5,1,Y
IDCJAC0010,010917,2026,02,16,28.3,1,Y
IDCJAC0010,010917,2026,02,17,28.6,1,Y
IDCJAC0010,010917,2026,02,18,33.7,1,Y
IDCJAC0010,010917,2026,02,19,38.4,1,Y
IDCJAC0010,010917,2026,02,20,37.7,1,Y
IDCJAC0010,010917,2026,02,21,29.9,1,Y
IDCJAC0010,010917,2026,02,22,27.2,1,Y
IDCJAC0010,010917,2026,02,23,32.2,1,Y
IDCJAC0010,010917,2026,02,24,33.8,1,Y
IDCJAC0010,010917,2026,02,25,39.5,1,Y
IDCJAC0010,010917,2026,02,26,32.7,1,Y
IDCJAC0010,010917,2026,02,27,38.3,1,Y
IDCJAC0010,010917,2026,02,28,29.7,1,Y
IDCJAC0010,010917,2026,03,01,25.4,1,N
IDCJAC0010,010917,2026,03,02,29.9,1,N
IDCJAC0010,010917,2026,03,03,33.3,1,N
IDCJAC0010,010917,2026,03,04,34.9,1,N
IDCJAC0010,010917,2026,03,05,36.5,1,Y
IDCJAC0010,010917,2026,03,06,36.3,1,N
IDCJAC0010,010917,2026,03,07,38.7,1,N
IDCJAC0010,010917,2026,03,08,39.6,1,N
IDCJAC0010,010917,2026,03,09,34.1,1,N
IDCJAC0010,010917,2026,03,10,23.9,1,N
IDCJAC0010,010917,2026,03,11,24.2,1,N
IDCJAC0010,010917,2026,03,12,22.6,1,N
IDCJAC0010,010917,2026,03,13,24.0,1,N
IDCJAC0010,010917,2026,03,14,24.3,1,N
IDCJAC0010,010917,2026,03,15,25.3,1,N
IDCJAC0010,010917,2026,03,16,30.0,1,N
IDCJAC0010,010917,2026,03,17,31.4,1,N
IDCJAC0010,010917,2026,03,18,35.5,1,N
IDCJAC0010,010917,2026,03,19,38.3,1,N
IDCJAC0010,010917,2026,03,20,37.7,1,N
IDCJAC0010,010917,2026,03,21,39.3,1,N
IDCJAC0010,010917,2026,03,22,27.1,1,N
IDCJAC0010,010917,2026,03,23,22.5,1,N
IDCJAC0010,010917,2026,03,24,22.7,1,N
IDCJAC0010,010917,2026,03,25,23.8,1,N
IDCJAC0010,010917,2026,03,26,29.3,1,N
IDCJAC0010,010917,2026,03,27,20.8,1,N
IDCJAC0010,010917,2026,03,28,19.3,1,N
IDCJAC0010,010917,2026,03,29,24.0,1,N
IDCJAC0010,010917,2026,03,30,21.4,1,N
IDCJAC0010,010917,2026,03,31,21.6,1,N
IDCJAC0010,010917,2026,04,01,22.8,1,N
IDCJAC0010,010917,2026,04,02,26.2,1,N
IDCJAC0010,010917,2026,04,03,26.9,1,N
IDCJAC0010,010917,2026,04,04,27.0,1,N
IDCJAC0010,010917,2026,04,05,24.4,1,N
IDCJAC0010,010917,2026,04,06,16.7,1,N
IDCJAC0010,010917,2026,04,07,22.8,1,N
IDCJAC0010,010917,2026,04,08,22.0,1,N
IDCJAC0010,010917,2026,04,09,21.9,1,N
IDCJAC0010,010917,2026,04,10,21.6,1,N
IDCJAC0010,010917,2026,04,11,26.2,1,N
IDCJAC0010,010917,2026,04,12,31.2,1,N
IDCJAC0010,010917,2026,04,13,28.9,1,N
